 0         0.20567334 0.32729239 0.41884992 0.49461453 0.56044243
 0.61933774 0.67305625 0.72271812 0.76908674 0.81270843 0.85398906
 0.89323938 0.93070327 0.96657615 1.00101738 1.03415887 1.06611125
 1.0969684  1.12681073 1.15570779 1.18372017 1.21090106 1.23729748
 1.26295118 1.28789947 1.31217587 1.33581057 1.35883095 1.38126186
 1.40312599 1.42444409 1.44523523 1.46551693 1.48530538 1.50461554
 1.52346131 1.54185558 1.55981035 1.57733683 1.59444547 1.61114607
 1.62744781 1.6433593  1.65888863 1.67404344 1.68883089 1.70325776
 1.71733044 1.73105498 1.74443709 1.75748218 1.77019538 1.78258155
 1.79464531 1.80639102 1.81782286 1.82894478 1.83976052 1.85027368
 1.86048764 1.87040564 1.88003077 1.88936595 1.89841399 1.90717753
 1.91565912 1.92386116 1.93178594 1.93943566 1.94681239 1.95391811
 1.96075469 1.96732394 1.97362753 1.97966708 1.98544412 1.99096009
 1.99621636 2.00121422 2.0059549  2.01043953 2.0146692  2.01864491
 2.02236762 2.0258382  2.02905748 2.03202621 2.03474509 2.03721476
 2.03943579 2.04140872 2.043134   2.04461204 2.0458432  2.04682777
 2.04756598 2.04805803 2.04830402 2.04830402