 0         0.06045756 0.11419976 0.16323387 0.20876328 0.25156846
 0.29218571 0.33100026 0.36829872 0.40430047 0.43917746 0.47306716
 0.50608134 0.53831222 0.56983687 0.6007204  0.6310184  0.66077873
 0.69004293 0.71884733 0.74722389 0.77520088 0.80280349 0.83005425
 0.85697338 0.88357915 0.90988811 0.9359153  0.96167444 0.98717811
 1.01243783 1.03746422 1.0622671  1.08685552 1.11123791 1.13542207
 1.15941531 1.18322441 1.20685573 1.23031524 1.25360851 1.27674081
 1.29971707 1.32254197 1.34521989 1.367755   1.39015123 1.41241232
 1.43454182 1.45654307 1.47841928 1.50017349 1.5218086  1.54332738
 1.56473247 1.5860264  1.60721157 1.62829029 1.64926479 1.67013717
 1.69090948 1.71158367 1.73216161 1.75264512 1.77303592 1.79333569
 1.81354604 1.83366851 1.85370462 1.87365579 1.89352343 1.91330888
 1.93301345 1.95263838 1.97218491 1.9916542  2.01104741 2.03036563
 2.04960993 2.06878137 2.08788094 2.10690962 2.12586836 2.14475809
 2.16357971 2.18233407 2.20102203 2.21964442 2.23820204 2.25669565
 2.27512604 2.29349393 2.31180004 2.33004508 2.34822973 2.36635466
 2.38442052 2.40242795 2.42037756 2.43826997 2.45610575 2.4738855
 2.49160976 2.50927911 2.52689406 2.54445515 2.5619629  2.5794178
 2.59682035 2.61417104 2.63147033 2.64871868 2.66591656 2.68306439
 2.70016262 2.71721166 2.73421195 2.75116388 2.76806785 2.78492426
 2.8017335  2.81849593 2.83521193 2.85188187 2.86850609 2.88508496
 2.9016188  2.91810797 2.93455279 2.95095359 2.96731068 2.98362438
 2.999895   3.01612284 3.0323082  3.04845137 3.06455264 3.0806123
 3.09663061 3.11260786 3.12854431 3.14444023 3.16029588 3.17611152
 3.19188739 3.20762375 3.22332084 3.2389789  3.25459817 3.27017888
 3.28572127 3.30122555 3.31669195 3.33212068 3.34751198 3.36286605
 3.37818309 3.39346332 3.40870694 3.42391415 3.43908516 3.45422015
 3.46931931 3.48438285 3.49941094 3.51440377 3.52936152 3.54428437
 3.55917251 3.5740261  3.58884532 3.60363034 3.61838132 3.63309844
 3.64778186 3.66243173 3.67704822 3.69163148 3.70618168 3.72069897
 3.73518349 3.74963539 3.76405484 3.77844196 3.79279691 3.80711983
 3.82141086 3.83567013 3.8498978  3.86409398 3.87825882 3.89239246
 3.90649501 3.92056661 3.93460739 3.94861748 3.962597   3.97654608
 3.99046483 4.00435338 4.01821185 4.03204035 4.04583901 4.05960794
 4.07334726 4.08705707 4.10073749 4.11438863 4.1280106  4.14160352
 4.15516747 4.16870259 4.18220895 4.19568668 4.20913588 4.22255664
 4.23594907 4.24931327 4.26264933 4.27595736 4.28923745 4.30248969
 4.31571419 4.32891103 4.34208031 4.35522212 4.36833655 4.38142369
 4.39448364 4.40751647 4.42052228 4.43350116 4.44645319 4.45937845
 4.47227703 4.48514902 4.49799449 4.51081353 4.52360622 4.53637264
 4.54911286 4.56182698 4.57451507 4.5871772  4.59981345 4.6124239
 4.62500862 4.63756769 4.65010118 4.66260917 4.67509173 4.68754892
 4.69998083 4.71238753 4.72476907 4.73712554 4.74945701 4.76176353
 4.77404518 4.78630203 4.79853414 4.81074159 4.82292442 4.83508272
 4.84721654 4.85932595 4.87141101 4.88347179 4.89550834 4.90752074
 4.91950903 4.93147329 4.94341357 4.95532993 4.96722243 4.97909114
 4.9909361  5.00275738 5.01455504 5.02632912 5.0380797  5.04980682
 5.06151054 5.07319092 5.084848   5.09648186 5.10809253 5.11968007
 5.13124455 5.142786   5.15430448 5.16580005 5.17727275 5.18872263
 5.20014976 5.21155417 5.22293592 5.23429506 5.24563164 5.2569457
 5.2682373  5.27950648 5.29075329 5.30197778 5.31317999 5.32435998
 5.33551779 5.34665346 5.35776704 5.36885858 5.37992813 5.39097572
 5.4020014  5.41300521 5.42398721 5.43494743 5.44588592 5.45680272
 5.46769787 5.47857141 5.48942339 5.50025385 5.51106283 5.52185038
 5.53261652 5.54336131 5.55408479 5.56478699 5.57546795 5.58612772
 5.59676633 5.60738382 5.61798023 5.62855561 5.63910998 5.64964339
 5.66015587 5.67064746 5.6811182  5.69156813 5.70199728 5.71240569
 5.7227934  5.73316043 5.74350684 5.75383265 5.76413789 5.77442262
 5.78468685 5.79493062 5.80515397 5.81535694 5.82553955 5.83570185
 5.84584385 5.85596561 5.86606714 5.87614849 5.88620969 5.89625077
 5.90627176 5.91627269 5.9262536  5.93621451 5.94615547 5.9560765
 5.96597763 5.97585889 5.98572032 5.99556194 6.00538379 6.01518589
 6.02496828 6.03473099 6.04447404 6.05419746 6.06390129 6.07358556
 6.08325029 6.09289551 6.10252125 6.11212754 6.1217144  6.13128187
 6.14082998 6.15035875 6.15986821 6.16935838 6.1788293  6.18828099
 6.19771348 6.20712679 6.21652096 6.225896   6.23525195 6.24458884
 6.25390668 6.2632055  6.27248534 6.28174621 6.29098814 6.30021116
 6.30941529 6.31860056 6.32776699 6.33691461 6.34604343 6.3551535
 6.36424482 6.37331743 6.38237135 6.39140661 6.40042322 6.40942121
 6.41840061 6.42736143 6.43630371 6.44522746 6.45413271 6.46301948
 6.47188779 6.48073768 6.48956915 6.49838223 6.50717695 6.51595332
 6.52471137 6.53345112 6.5421726  6.55087582 6.55956081 6.56822758
 6.57687617 6.58550658 6.59411885 6.60271299 6.61128902 6.61984697
 6.62838686 6.6369087  6.64541251 6.65389833 6.66236616 6.67081604
 6.67924796 6.68766197 6.69605808 6.7044363  6.71279667 6.72113919
 6.72946388 6.73777078 6.74605989 6.75433123 6.76258483 6.7708207
 6.77903886 6.78723934 6.79542214 6.8035873  6.81173481 6.81986472
 6.82797703 6.83607176 6.84414893 6.85220856 6.86025067 6.86827527
 6.87628238 6.88427202 6.89224421 6.90019897 6.90813631 6.91605625
 6.9239588  6.93184399 6.93971183 6.94756234 6.95539554 6.96321144
 6.97101005 6.97879141 6.98655551 6.99430239 7.00203205 7.00974451
 7.01743979 7.02511791 7.03277888 7.04042271 7.04804943 7.05565904
 7.06325157 7.07082704 7.07838544 7.08592681 7.09345116 7.1009585
 7.10844884 7.11592221 7.12337862 7.13081808 7.13824062 7.14564623
 7.15303495 7.16040677 7.16776173 7.17509983 7.18242109 7.18972552
 7.19701314 7.20428396 7.211538   7.21877526 7.22599577 7.23319954
 7.24038659 7.24755692 7.25471055 7.26184749 7.26896777 7.27607139
 7.28315836 7.29022871 7.29728243 7.30431956 7.31134009 7.31834405
 7.32533145 7.3323023  7.33925661 7.3461944  7.35311568 7.36002047
 7.36690877 7.3737806  7.38063597 7.3874749  7.39429739 7.40110346
 7.40789313 7.41466641 7.4214233  7.42816382 7.43488799 7.44159581
 7.4482873  7.45496247 7.46162133 7.4682639  7.47489018 7.48150019
 7.48809394 7.49467145 7.50123271 7.50777776 7.51430659 7.52081922
 7.52731567 7.53379593 7.54026003 7.54670798 7.55313978 7.55955545
 7.565955   7.57233845 7.57870579 7.58505705 7.59139223 7.59771135
 7.60401442 7.61030144 7.61657244 7.62282741 7.62906638 7.63528934
 7.64149632 7.64768732 7.65386235 7.66002143 7.66616456 7.67229176
 7.67840304 7.6844984  7.69057785 7.69664141 7.70268909 7.7087209
 7.71473685 7.72073694 7.72672119 7.73268961 7.7386422  7.74457899
 7.75049997 7.75640516 7.76229456 7.7681682  7.77402607 7.77986818
 7.78569456 7.7915052  7.79730011 7.80307931 7.80884281 7.81459061
 7.82032272 7.82603915 7.83173992 7.83742503 7.84309449 7.84874831
 7.85438649 7.86000906 7.86561601 7.87120737 7.87678312 7.88234329
 7.88788788 7.89341691 7.89893038 7.90442829 7.90991067 7.91537751
 7.92082883 7.92626463 7.93168493 7.93708972 7.94247903 7.94785286
 7.95321122 7.95855411 7.96388154 7.96919353 7.97449008 7.9797712
 7.98503689 7.99028718 7.99552205 8.00074153 8.00594562 8.01113433
 8.01630766 8.02146563 8.02660824 8.0317355  8.03684742 8.041944
 8.04702526 8.0520912  8.05714183 8.06217716 8.06719719 8.07220193
 8.0771914  8.08216559 8.08712452 8.09206819 8.09699662 8.1019098
 8.10680774 8.11169046 8.11655796 8.12141024 8.12624732 8.13106921
 8.1358759  8.14066741 8.14544374 8.15020491 8.15495091 8.15968176
 8.16439745 8.16909801 8.17378344 8.17845374 8.18310891 8.18774898
 8.19237394 8.1969838  8.20157857 8.20615825 8.21072285 8.21527238
 8.21980685 8.22432626 8.22883061 8.23331992 8.23779419 8.24225343
 8.24669764 8.25112684 8.25554102 8.25994019 8.26432437 8.26869355
 8.27304774 8.27738695 8.28171119 8.28602046 8.29031477 8.29459412
 8.29885852 8.30310798 8.3073425  8.31156209 8.31576676 8.3199565
 8.32413134 8.32829126 8.33243629 8.33656641 8.34068165 8.34478201
 8.34886749 8.3529381  8.35699384 8.36103472 8.36506075 8.36907193
 8.37306826 8.37704976 8.38101643 8.38496827 8.38890529 8.3928275
 8.3967349  8.40062749 8.40450529 8.40836829 8.41221651 8.41604994
 8.4198686  8.42367249 8.42746161 8.43123597 8.43499558 8.43874044
 8.44247055 8.44618592 8.44988656 8.45357248 8.45724366 8.46090014
 8.46454189 8.46816894 8.47178129 8.47537893 8.47896189 8.48253016
 8.48608374 8.48962265 8.49314688 8.49665645 8.50015135 8.50363159
 8.50709718 8.51054812 8.51398442 8.51740608 8.5208131  8.52420549
 8.52758326 8.53094641 8.53429495 8.53762887 8.54094818 8.5442529
 8.54754302 8.55081854 8.55407948 8.55732583 8.5605576  8.5637748
 8.56697743 8.57016549 8.573339   8.57649794 8.57964233 8.58277218
 8.58588748 8.58898824 8.59207446 8.59514616 8.59820332 8.60124597
 8.60427409 8.60728771 8.61028681 8.6132714  8.6162415  8.61919709
 8.62213819 8.62506481 8.62797693 8.63087458 8.63375774 8.63662644
 8.63948066 8.64232042 8.64514571 8.64795655 8.65075293 8.65353487
 8.65630235 8.6590554  8.661794   8.66451817 8.66722791 8.66992322
 8.6726041  8.67527057 8.67792262 8.68056025 8.68318348 8.6857923
 8.68838672 8.69096674 8.69353236 8.6960836  8.69862044 8.7011429
 8.70365098 8.70614468 8.70862401 8.71108896 8.71353955 8.71597578
 8.71839764 8.72080515 8.7231983  8.7255771  8.72794156 8.73029167
 8.73262744 8.73494887 8.73725597 8.73954873 8.74182717 8.74409128
 8.74634107 8.74857655 8.7507977  8.75300455 8.75519708 8.75737531
 8.75953923 8.76168885 8.76382418 8.76594521 8.76805195 8.7701444
 8.77222257 8.77428645 8.77633605 8.77837138 8.78039243 8.78239921
 8.78439172 8.78636996 8.78833395 8.79028367 8.79221913 8.79414034
 8.7960473  8.79794    8.79981846 8.80168268 8.80353265 8.80536839
 8.80718989 8.80899715 8.81079019 8.81256899 8.81433357 8.81608392
 8.81782006 8.81954197 8.82124967 8.82294315 8.82462242 8.82628749
 8.82793834 8.82957499 8.83119744 8.83280569 8.83439974 8.8359796
 8.83754526 8.83909674 8.84063402 8.84215712 8.84366603 8.84516076
 8.84664131 8.84810769 8.84955989 8.85099791 8.85242177 8.85383145
 8.85522697 8.85660832 8.85797551 8.85932854 8.86066741 8.86199212
 8.86330267 8.86459908 8.86588133 8.86714943 8.86840338 8.86964319
 8.87086885 8.87208038 8.87327776 8.874461   8.87563011 8.87678508
 8.87792591 8.87905262 8.8801652  8.88126364 8.88234796 8.88341816
 8.88447423 8.88551618 8.88654401 8.88755772 8.88855732 8.8895428
 8.89051416 8.89147141 8.89241455 8.89334359 8.89425851 8.89515933
 8.89604604 8.89691864 8.89777715 8.89862155 8.89945185 8.90026806
 8.90107016 8.90185817 8.90263209 8.90339191 8.90413764 8.90486928
 8.90558683 8.90629028 8.90697965 8.90765494 8.90831614 8.90896325
 8.90959628 8.91021523 8.9108201  8.91141088 8.91198759 8.91255021
 8.91309876 8.91363324 8.91415363 8.91465996 8.9151522  8.91563038
 8.91609448 8.91654451 8.91698047 8.91740236 8.91781017 8.91820392
 8.91858361 8.91894922 8.91930077 8.91963825 8.91996166 8.92027101
 8.9205663  8.92084752 8.92111467 8.92136777 8.9216068  8.92183176
 8.92204267 8.92223951 8.92242229 8.92259102 8.92274568 8.92288628
 8.92301281 8.92312529 8.92322371 8.92330807 8.92337837 8.92343461
 8.92347679 8.92350491 8.92351897 8.92351897