  0           0.04313935  0.06255515  0.0699082   0.07003967  0.06540986
  0.05743519  0.04700333  0.03470593  0.02095619  0.00605348 -0.00977882
 -0.02636988 -0.04358642 -0.06132262 -0.07949323 -0.09802863 -0.11687139
 -0.1359736  -0.15529499 -0.1748014  -0.19446367 -0.21425676 -0.234159
 -0.25415159 -0.27421809 -0.29434412 -0.314517   -0.33472553 -0.35495977
 -0.37521089 -0.39547102 -0.4157331  -0.43599083 -0.45623852 -0.47647106
 -0.49668383 -0.51687268 -0.53703382 -0.55716382 -0.57725958 -0.59731827
 -0.61733732 -0.63731438 -0.65724731 -0.67713415 -0.69697312 -0.71676259
 -0.73650105 -0.75618716 -0.77581964 -0.79539736 -0.81491926 -0.83438438
 -0.85379184 -0.87314083 -0.8924306  -0.91166049 -0.93082987 -0.94993816
 -0.96898486 -0.98796949 -1.00689162 -1.02575085 -1.04454682 -1.06327921
 -1.08194773 -1.10055211 -1.11909211 -1.13756751 -1.15597812 -1.17432378
 -1.19260431 -1.2108196  -1.22896952 -1.24705398 -1.26507288 -1.28302615
 -1.30091374 -1.31873559 -1.33649166 -1.35418193 -1.37180638 -1.38936499
 -1.40685778 -1.42428474 -1.4416459  -1.45894126 -1.47617086 -1.49333473
 -1.51043291 -1.52746544 -1.54443237 -1.56133376 -1.57816965 -1.59494011
 -1.61164521 -1.62828501 -1.64485958 -1.66136899 -1.67781332 -1.69419265
 -1.71050705 -1.72675662 -1.74294143 -1.75906156 -1.77511712 -1.79110818
 -1.80703483 -1.82289718 -1.8386953  -1.85442929 -1.87009926 -1.88570528
 -1.90124746 -1.9167259  -1.93214069 -1.94749193 -1.96277972 -1.97800415
 -1.99316533 -2.00826335 -2.02329832 -2.03827032 -2.05317947 -2.06802586
 -2.08280958 -2.09753075 -2.11218945 -2.12678579 -2.14131987 -2.15579178
 -2.17020162 -2.18454949 -2.19883549 -2.21305972 -2.22722228 -2.24132325
 -2.25536275 -2.26934085 -2.28325767 -2.2971133  -2.31090782 -2.32464135
 -2.33831396 -2.35192575 -2.36547683 -2.37896727 -2.39239718 -2.40576664
 -2.41907575 -2.4323246  -2.44551327 -2.45864187 -2.47171047 -2.48471916
 -2.49766804 -2.5105572  -2.52338671 -2.53615667 -2.54886716 -2.56151827
 -2.57411009 -2.58664269 -2.59911616 -2.61153059 -2.62388606 -2.63618265
 -2.64842044 -2.66059952 -2.67271996 -2.68478184 -2.69678525 -2.70873026
 -2.72061695 -2.7324454  -2.74421569 -2.75592789 -2.76758208 -2.77917834
 -2.79071674 -2.80219735 -2.81362025 -2.82498552 -2.83629322 -2.84754343
 -2.85873622 -2.86987166 -2.88094982 -2.89197078 -2.9029346  -2.91384135
 -2.9246911  -2.93548392 -2.94621988 -2.95689904 -2.96752148 -2.97808725
 -2.98859642 -2.99904907 -3.00944524 -3.01978502 -3.03006845 -3.04029562
 -3.05046656 -3.06058136 -3.07064007 -3.08064276 -3.09058948 -3.10048029
 -3.11031526 -3.12009445 -3.12981791 -3.1394857  -3.14909788 -3.15865452
 -3.16815566 -3.17760136 -3.18699169 -3.19632669 -3.20560642 -3.21483094
 -3.2240003  -3.23311457 -3.24217378 -3.25117799 -3.26012727 -3.26902166
 -3.27786121 -3.28664597 -3.29537601 -3.30405136 -3.31267208 -3.32123822
 -3.32974984 -3.33820697 -3.34660968 -3.354958   -3.36325199 -3.3714917
 -3.37967718 -3.38780846 -3.39588561 -3.40390866 -3.41187767 -3.41979267
 -3.42765373 -3.43546087 -3.44321415 -3.45091361 -3.4585593  -3.46615126
 -3.47368954 -3.48117417 -3.48860521 -3.4959827  -3.50330667 -3.51057717
 -3.51779425 -3.52495794 -3.53206829 -3.53912534 -3.54612912 -3.55307969
 -3.55997708 -3.56682133 -3.57361248 -3.58035057 -3.58703564 -3.59366774
 -3.60024689 -3.60677313 -3.61324652 -3.61966707 -3.62603484 -3.63234986
 -3.63861216 -3.64482179 -3.65097878 -3.65708316 -3.66313498 -3.66913427
 -3.67508106 -3.6809754  -3.68681731 -3.69260684 -3.69834401 -3.70402886
 -3.70966143 -3.71524175 -3.72076986 -3.72624578 -3.73166956 -3.73704122
 -3.7423608  -3.74762834 -3.75284386 -3.7580074  -3.76311898 -3.76817865
 -3.77318644 -3.77814237 -3.78304648 -3.7878988  -3.79269936 -3.79744819
 -3.80214532 -3.80679079 -3.81138462 -3.81592685 -3.8204175  -3.8248566
 -3.82924419 -3.83358029 -3.83786494 -3.84209815 -3.84627997 -3.85041042
 -3.85448953 -3.85851733 -3.86249384 -3.8664191  -3.87029313 -3.87411596
 -3.87788761 -3.88160812 -3.88527752 -3.88889582 -3.89246306 -3.89597927
 -3.89944446 -3.90285868 -3.90622193 -3.90953426 -3.91279568 -3.91600622
 -3.91916591 -3.92227477 -3.92533283 -3.92834011 -3.93129664 -3.93420245
 -3.93705755 -3.93986198 -3.94261575 -3.94531889 -3.94797143 -3.95057339
 -3.95312479 -3.95562566 -3.95807602 -3.96047589 -3.9628253  -3.96512426
 -3.96737281 -3.96957096 -3.97171874 -3.97381617 -3.97586327 -3.97786007
 -3.97980658 -3.98170282 -3.98354882 -3.9853446  -3.98709019 -3.98878559
 -3.99043083 -3.99202593 -3.99357092 -3.99506581 -3.99651061 -3.99790536
 -3.99925007 -4.00054476 -4.00178945 -4.00298415 -4.00412889 -4.00522368
 -4.00626855 -4.0072635  -4.00820856 -4.00910374 -4.00994907 -4.01074455
 -4.0114902  -4.01218605 -4.0128321  -4.01342837 -4.01397488 -4.01447164
 -4.01491867 -4.01531597 -4.01566357 -4.01596147 -4.0162097  -4.01640825
 -4.01655715 -4.01665641 -4.01670603 -4.01670603