 0         0.05713797 0.10460071 0.14561047 0.1819789  0.21483081
 0.24491523 0.27275756 0.29874155 0.32315658 0.34622669 0.36812914
 0.38900675 0.40897647 0.42813534 0.44656483 0.46433411 0.4815024
 0.49812086 0.514234   0.52988084 0.54509573 0.55990916 0.57434827
 0.58843737 0.6021983  0.61565081 0.62881275 0.64170039 0.65432855
 0.66671079 0.67885955 0.6907863  0.7025016  0.7140152  0.72533616
 0.73647288 0.74743318 0.75822435 0.76885319 0.77932607 0.78964895
 0.79982743 0.80986677 0.81977193 0.82954757 0.8391981  0.84872767
 0.85814023 0.86743949 0.87662901 0.88571212 0.89469201 0.90357173
 0.91235414 0.92104201 0.92963795 0.93814446 0.94656393 0.95489864
 0.96315079 0.97132246 0.97941565 0.98743229 0.99537421 1.0032432
 1.01104094 1.01876907 1.02642917 1.03402274 1.04155123 1.04901606
 1.05641856 1.06376005 1.07104179 1.07826497 1.08543079 1.09254036
 1.09959479 1.10659513 1.1135424  1.12043761 1.1272817  1.13407561
 1.14082023 1.14751645 1.1541651  1.16076701 1.16732298 1.17383378
 1.18030016 1.18672286 1.19310257 1.19944    1.20573581 1.21199065
 1.21820516 1.22437996 1.23051564 1.2366128  1.242672   1.2486938
 1.25467873 1.26062734 1.26654013 1.2724176  1.27826024 1.28406854
 1.28984295 1.29558394 1.30129194 1.30696739 1.31261072 1.31822234
 1.32380265 1.32935205 1.33487093 1.34035967 1.34581862 1.35124817
 1.35664865 1.36202043 1.36736383 1.37267918 1.37796683 1.38322707
 1.38846023 1.3936666  1.3988465  1.40400021 1.40912801 1.4142302
 1.41930705 1.42435882 1.42938579 1.43438821 1.43936635 1.44432044
 1.44925074 1.45415749 1.45904093 1.46390129 1.46873879 1.47355366
 1.47834613 1.48311641 1.4878647  1.49259123 1.49729619 1.50197979
 1.50664222 1.51128369 1.51590437 1.52050447 1.52508416 1.52964362
 1.53418305 1.53870261 1.54320247 1.54768281 1.55214379 1.55658558
 1.56100834 1.56541223 1.56979742 1.57416404 1.57851226 1.58284223
 1.58715409 1.59144799 1.59572408 1.59998248 1.60422335 1.60844683
 1.61265303 1.61684211 1.62101418 1.62516938 1.62930784 1.63342968
 1.63753502 1.64162399 1.64569671 1.6497533  1.65379386 1.65781853
 1.66182741 1.66582061 1.66979824 1.67376042 1.67770725 1.68163883
 1.68555528 1.68945669 1.69334317 1.69721482 1.70107173 1.70491401
 1.70874176 1.71255505 1.716354   1.7201387  1.72390923 1.72766569
 1.73140817 1.73513675 1.73885152 1.74255257 1.74623999 1.74991386
 1.75357425 1.75722126 1.76085497 1.76447545 1.76808278 1.77167705
 1.77525833 1.77882669 1.78238222 1.78592498 1.78945505 1.7929725
 1.79647741 1.79996985 1.80344988 1.80691758 1.81037301 1.81381625
 1.81724736 1.8206664  1.82407345 1.82746857 1.83085182 1.83422326
 1.83758296 1.84093099 1.84426739 1.84759224 1.8509056  1.85420752
 1.85749806 1.86077728 1.86404524 1.86730199 1.8705476  1.87378211
 1.87700559 1.88021809 1.88341966 1.88661035 1.88979023 1.89295933
 1.89611772 1.89926545 1.90240256 1.90552911 1.90864514 1.91175071
 1.91484587 1.91793066 1.92100513 1.92406933 1.9271233  1.9301671
 1.93320076 1.93622434 1.93923789 1.94224143 1.94523502 1.94821871
 1.95119253 1.95415654 1.95711076 1.96005525 1.96299005 1.96591519
 1.96883073 1.97173669 1.97463312 1.97752007 1.98039756 1.98326565
 1.98612436 1.98897374 1.99181382 1.99464465 1.99746625 2.00027868
 2.00308196 2.00587613 2.00866123 2.01143729 2.01420435 2.01696244
 2.01971161 2.02245187 2.02518328 2.02790586 2.03061964 2.03332466
 2.03602096 2.03870856 2.04138749 2.0440578  2.04671951 2.04937266
 2.05201727 2.05465338 2.05728101 2.0599002  2.06251099 2.06511339
 2.06770744 2.07029317 2.07287061 2.07543979 2.07800073 2.08055347
 2.08309803 2.08563445 2.08816275 2.09068295 2.09319509 2.09569919
 2.09819529 2.1006834  2.10316355 2.10563578 2.1081001  2.11055654
 2.11300514 2.11544591 2.11787888 2.12030407 2.12272151 2.12513123
 2.12753325 2.1299276  2.13231429 2.13469336 2.13706482 2.13942871
 2.14178504 2.14413383 2.14647512 2.14880892 2.15113526 2.15345416
 2.15576564 2.15806972 2.16036644 2.1626558  2.16493783 2.16721255
 2.16947999 2.17174016 2.17399309 2.1762388  2.1784773  2.18070863
 2.18293279 2.18514982 2.18735972 2.18956253 2.19175826 2.19394692
 2.19612855 2.19830316 2.20047077 2.2026314  2.20478506 2.20693178
 2.20907158 2.21120447 2.21333048 2.21544962 2.21756191 2.21966736
 2.221766   2.22385785 2.22594292 2.22802123 2.2300928  2.23215764
 2.23421578 2.23626722 2.23831199 2.24035011 2.24238159 2.24440644
 2.24642469 2.24843635 2.25044143 2.25243996 2.25443195 2.25641742
 2.25839637 2.26036884 2.26233483 2.26429436 2.26624744 2.26819409
 2.27013433 2.27206817 2.27399562 2.27591671 2.27783144 2.27973983
 2.2816419  2.28353765 2.28542712 2.2873103  2.28918721 2.29105787
 2.2929223  2.2947805  2.29663249 2.29847828 2.30031789 2.30215134
 2.30397862 2.30579977 2.30761479 2.30942369 2.31122649 2.31302321
 2.31481385 2.31659842 2.31837695 2.32014944 2.32191591 2.32367637
 2.32543083 2.3271793  2.3289218  2.33065834 2.33238893 2.33411358
 2.33583231 2.33754513 2.33925204 2.34095307 2.34264822 2.34433751
 2.34602094 2.34769853 2.3493703  2.35103624 2.35269638 2.35435072
 2.35599927 2.35764205 2.35927907 2.36091034 2.36253587 2.36415567
 2.36576975 2.36737812 2.36898079 2.37057778 2.37216909 2.37375474
 2.37533473 2.37690908 2.37847779 2.38004088 2.38159835 2.38315022
 2.3846965  2.38623719 2.38777231 2.38930186 2.39082586 2.39234431
 2.39385723 2.39536463 2.39686651 2.39836288 2.39985376 2.40133915
 2.40281906 2.4042935  2.40576248 2.40722601 2.40868411 2.41013676
 2.411584   2.41302582 2.41446224 2.41589326 2.41731889 2.41873914
 2.42015402 2.42156354 2.42296771 2.42436653 2.42576002 2.42714818
 2.42853102 2.42990855 2.43128077 2.4326477  2.43400935 2.43536572
 2.43671681 2.43806264 2.43940322 2.44073856 2.44206865 2.44339352
 2.44471316 2.44602758 2.4473368  2.44864082 2.44993965 2.45123329
 2.45252175 2.45380505 2.45508318 2.45635616 2.45762399 2.45888668
 2.46014423 2.46139666 2.46264397 2.46388617 2.46512327 2.46635527
 2.46758217 2.468804   2.47002075 2.47123242 2.47243904 2.47364059
 2.4748371  2.47602856 2.47721499 2.47839639 2.47957277 2.48074413
 2.48191047 2.48307182 2.48422817 2.48537952 2.4865259  2.48766729
 2.48880371 2.48993517 2.49106166 2.49218321 2.4932998  2.49441146
 2.49551818 2.49661997 2.49771683 2.49880878 2.49989582 2.50097795
 2.50205518 2.50312752 2.50419497 2.50525754 2.50631523 2.50736805
 2.508416   2.50945909 2.51049733 2.51153072 2.51255926 2.51358297
 2.51460184 2.51561589 2.51662511 2.51762952 2.51862912 2.51962391
 2.5206139  2.52159909 2.52257949 2.5235551  2.52452594 2.525492
 2.52645329 2.52740981 2.52836157 2.52930858 2.53025083 2.53118834
 2.53212111 2.53304914 2.53397244 2.53489102 2.53580487 2.536714
 2.53761842 2.53851813 2.53941314 2.54030345 2.54118906 2.54206999
 2.54294622 2.54381778 2.54468466 2.54554687 2.54640441 2.54725728
 2.5481055  2.54894905 2.54978796 2.55062223 2.55145184 2.55227682
 2.55309717 2.55391289 2.55472398 2.55553044 2.55633229 2.55712953
 2.55792215 2.55871017 2.55949358 2.5602724  2.56104662 2.56181625
 2.5625813  2.56334176 2.56409764 2.56484894 2.56559567 2.56633784
 2.56707544 2.56780848 2.56853696 2.56926088 2.56998026 2.57069509
 2.57140537 2.57211112 2.57281233 2.573509   2.57420115 2.57488877
 2.57557186 2.57625044 2.5769245  2.57759404 2.57825908 2.57891961
 2.57957564 2.58022716 2.58087419 2.58151672 2.58215477 2.58278832
 2.58341739 2.58404198 2.58466209 2.58527773 2.58588889 2.58649558
 2.5870978  2.58769556 2.58828886 2.5888777  2.58946209 2.59004202
 2.5906175  2.59118854 2.59175513 2.59231727 2.59287498 2.59342826
 2.5939771  2.5945215  2.59506148 2.59559704 2.59612817 2.59665488
 2.59717717 2.59769504 2.5982085  2.59871756 2.5992222  2.59972243
 2.60021827 2.6007097  2.60119673 2.60167936 2.60215761 2.60263145
 2.60310091 2.60356598 2.60402667 2.60448297 2.6049349  2.60538244
 2.6058256  2.6062644  2.60669881 2.60712886 2.60755454 2.60797586
 2.6083928  2.60880539 2.60921362 2.60961749 2.610017   2.61041215
 2.61080296 2.61118941 2.61157151 2.61194927 2.61232268 2.61269175
 2.61305647 2.61341686 2.6137729  2.61412461 2.61447199 2.61481503
 2.61515374 2.61548812 2.61581817 2.61614389 2.61646529 2.61678237
 2.61709512 2.61740355 2.61770767 2.61800746 2.61830294 2.6185941
 2.61888095 2.61916349 2.61944172 2.61971563 2.61998524 2.62025054
 2.62051154 2.62076823 2.62102062 2.62126871 2.6215125  2.62175198
 2.62198717 2.62221806 2.62244466 2.62266696 2.62288497 2.62309868
 2.62330811 2.62351324 2.62371408 2.62391063 2.6241029  2.62429088
 2.62447457 2.62465398 2.62482911 2.62499995 2.62516651 2.62532879
 2.62548679 2.6256405  2.62578994 2.6259351  2.62607599 2.62621259
 2.62634492 2.62647298 2.62659676 2.62671626 2.6268315  2.62694246
 2.62704914 2.62715156 2.6272497  2.62734357 2.62743318 2.62751851
 2.62759957 2.62767637 2.62774889 2.62781715 2.62788114 2.62794086
 2.62799632 2.6280475  2.62809442 2.62813708 2.62817547 2.62820959
 2.62823945 2.62826504 2.62828637 2.62830343 2.62831622 2.62832475
 2.62832902 2.62832902