[1.68327391e-05 1.67870055e-05 1.67414237e-05 1.66959933e-05
 1.66507139e-05 1.66055852e-05 1.65606067e-05 1.65157779e-05
 1.64710986e-05 1.64265682e-05 1.63821864e-05 1.63379527e-05
 1.62938669e-05 1.62499284e-05 1.62061369e-05 1.61624920e-05
 1.61189932e-05 1.60756403e-05 1.60324327e-05 1.59893702e-05
 1.59464522e-05 1.59036785e-05 1.58610487e-05 1.58185622e-05
 1.57762189e-05 1.57340182e-05 1.56919598e-05 1.56500434e-05
 1.56082684e-05 1.55666347e-05 1.55251417e-05 1.54837891e-05
 1.54425766e-05 1.54015037e-05 1.53605701e-05 1.53197754e-05
 1.52791193e-05 1.52386013e-05 1.51982211e-05 1.51579784e-05
 1.51178728e-05 1.50779039e-05 1.50380713e-05 1.49983747e-05
 1.49588138e-05 1.49193881e-05 1.48800973e-05 1.48409411e-05
 1.48019191e-05 1.47630310e-05 1.47242763e-05 1.46856548e-05
 1.46471661e-05 1.46088098e-05 1.45705857e-05 1.45324933e-05
 1.44945322e-05 1.44567023e-05 1.44190031e-05 1.43814342e-05
 1.43439954e-05 1.43066863e-05 1.42695066e-05 1.42324559e-05
 1.41955338e-05 1.41587402e-05 1.41220745e-05 1.40855365e-05
 1.40491259e-05 1.40128423e-05 1.39766854e-05 1.39406549e-05
 1.39047504e-05 1.38689717e-05 1.38333183e-05 1.37977900e-05
 1.37623865e-05 1.37271073e-05 1.36919523e-05 1.36569211e-05
 1.36220133e-05 1.35872287e-05 1.35525669e-05 1.35180277e-05
 1.34836107e-05 1.34493155e-05 1.34151420e-05 1.33810897e-05
 1.33471584e-05 1.33133478e-05 1.32796575e-05 1.32460873e-05
 1.32126368e-05 1.31793058e-05 1.31460939e-05 1.31130009e-05
 1.30800263e-05 1.30471701e-05 1.30144317e-05 1.29818111e-05
 1.29493077e-05 1.29169215e-05 1.28846519e-05 1.28524989e-05
 1.28204620e-05 1.27885411e-05 1.27567357e-05 1.27250456e-05
 1.26934706e-05 1.26620103e-05 1.26306644e-05 1.25994327e-05
 1.25683149e-05 1.25373107e-05 1.25064199e-05 1.24756420e-05
 1.24449769e-05 1.24144244e-05 1.23839840e-05 1.23536555e-05
 1.23234387e-05 1.22933333e-05 1.22633390e-05 1.22334556e-05
 1.22036827e-05 1.21740201e-05 1.21444675e-05 1.21150247e-05
 1.20856914e-05 1.20564673e-05 1.20273522e-05 1.19983457e-05
 1.19694477e-05 1.19406579e-05 1.19119760e-05 1.18834018e-05
 1.18549349e-05 1.18265752e-05 1.17983224e-05 1.17701761e-05
 1.17421363e-05 1.17142025e-05 1.16863747e-05 1.16586524e-05
 1.16310355e-05 1.16035237e-05 1.15761167e-05 1.15488144e-05
 1.15216164e-05 1.14945225e-05 1.14675325e-05 1.14406462e-05
 1.14138632e-05 1.13871833e-05 1.13606063e-05 1.13341320e-05
 1.13077601e-05 1.12814904e-05 1.12553226e-05 1.12292566e-05
 1.12032919e-05 1.11774286e-05 1.11516662e-05 1.11260045e-05
 1.11004434e-05 1.10749826e-05 1.10496219e-05 1.10243610e-05
 1.09991997e-05 1.09741378e-05 1.09491750e-05 1.09243112e-05
 1.08995460e-05 1.08748793e-05 1.08503109e-05 1.08258405e-05
 1.08014680e-05 1.07771930e-05 1.07530153e-05 1.07289349e-05
 1.07049513e-05 1.06810645e-05 1.06572741e-05 1.06335801e-05
 1.06099821e-05 1.05864799e-05 1.05630734e-05 1.05397623e-05
 1.05165464e-05 1.04934256e-05 1.04703995e-05 1.04474680e-05
 1.04246309e-05 1.04018879e-05 1.03792389e-05 1.03566837e-05
 1.03342220e-05 1.03118537e-05 1.02895786e-05 1.02673963e-05
 1.02453069e-05 1.02233099e-05 1.02014053e-05 1.01795929e-05
 1.01578724e-05 1.01362437e-05 1.01147065e-05 1.00932606e-05
 1.00719060e-05 1.00506423e-05 1.00294694e-05 1.00083871e-05
 9.98739516e-06 9.96649345e-06 9.94568176e-06 9.92495989e-06
 9.90432766e-06 9.88378489e-06 9.86333138e-06 9.84296696e-06
 9.82269144e-06 9.80250462e-06 9.78240634e-06 9.76239641e-06
 9.74247464e-06 9.72264086e-06 9.70289489e-06 9.68323655e-06
 9.66366565e-06 9.64418203e-06 9.62478550e-06 9.60547590e-06
 9.58625303e-06 9.56711674e-06 9.54806684e-06 9.52910317e-06
 9.51022555e-06 9.49143382e-06 9.47272779e-06 9.45410730e-06
 9.43557219e-06 9.41712228e-06 9.39875741e-06 9.38047741e-06
 9.36228212e-06 9.34417136e-06 9.32614498e-06 9.30820282e-06
 9.29034470e-06 9.27257047e-06 9.25487997e-06 9.23727303e-06
 9.21974950e-06 9.20230922e-06 9.18495203e-06 9.16767778e-06
 9.15048629e-06 9.13337743e-06 9.11635104e-06 9.09940695e-06
 9.08254502e-06 9.06576510e-06 9.04906703e-06 9.03245066e-06
 9.01591584e-06 8.99946242e-06 8.98309025e-06 8.96679918e-06
 8.95058907e-06 8.93445977e-06 8.91841113e-06 8.90244300e-06
 8.88655525e-06 8.87074772e-06 8.85502028e-06 8.83937278e-06
 8.82380509e-06 8.80831705e-06 8.79290852e-06 8.77757938e-06
 8.76232948e-06 8.74715868e-06 8.73206684e-06 8.71705383e-06
 8.70211951e-06 8.68726375e-06 8.67248641e-06 8.65778735e-06
 8.64316645e-06 8.62862357e-06 8.61415858e-06 8.59977135e-06
 8.58546175e-06 8.57122965e-06 8.55707491e-06 8.54299742e-06
 8.52899704e-06 8.51507364e-06 8.50122711e-06 8.48745731e-06
 8.47376412e-06 8.46014741e-06 8.44660707e-06 8.43314297e-06
 8.41975499e-06 8.40644300e-06 8.39320689e-06 8.38004653e-06
 8.36696181e-06 8.35395261e-06 8.34101880e-06 8.32816028e-06
 8.31537693e-06 8.30266862e-06 8.29003525e-06 8.27747670e-06
 8.26499286e-06 8.25258361e-06 8.24024884e-06 8.22798844e-06
 8.21580230e-06 8.20369030e-06 8.19165235e-06 8.17968832e-06
 8.16779811e-06 8.15598161e-06 8.14423872e-06 8.13256933e-06
 8.12097333e-06 8.10945062e-06 8.09800109e-06 8.08662464e-06
 8.07532117e-06 8.06409057e-06 8.05293274e-06 8.04184758e-06
 8.03083500e-06 8.01989488e-06 8.00902714e-06 7.99823167e-06
 7.98750838e-06 7.97685716e-06 7.96627792e-06 7.95577057e-06
 7.94533501e-06 7.93497115e-06 7.92467889e-06 7.91445813e-06
 7.90430879e-06 7.89423078e-06 7.88422400e-06 7.87428836e-06
 7.86442377e-06 7.85463014e-06 7.84490739e-06 7.83525542e-06
 7.82567415e-06 7.81616349e-06 7.80672335e-06 7.79735366e-06
 7.78805432e-06 7.77882525e-06 7.76966636e-06 7.76057758e-06
 7.75155882e-06 7.74260999e-06 7.73373103e-06 7.72492184e-06
 7.71618235e-06 7.70751248e-06 7.69891215e-06 7.69038128e-06
 7.68191980e-06 7.67352762e-06 7.66520468e-06 7.65695089e-06
 7.64876618e-06 7.64065048e-06 7.63260371e-06 7.62462581e-06
 7.61671669e-06 7.60887629e-06 7.60110453e-06 7.59340135e-06
 7.58576668e-06 7.57820044e-06 7.57070257e-06 7.56327300e-06
 7.55591166e-06 7.54861849e-06 7.54139341e-06 7.53423637e-06
 7.52714730e-06 7.52012614e-06 7.51317281e-06 7.50628726e-06
 7.49946943e-06 7.49271926e-06 7.48603667e-06 7.47942162e-06
 7.47287404e-06 7.46639387e-06 7.45998106e-06 7.45363554e-06
 7.44735726e-06 7.44114616e-06 7.43500219e-06 7.42892529e-06
 7.42291540e-06 7.41697247e-06 7.41109645e-06 7.40528728e-06
 7.39954491e-06 7.39386929e-06 7.38826037e-06 7.38271809e-06
 7.37724240e-06 7.37183327e-06 7.36649063e-06 7.36121444e-06
 7.35600464e-06 7.35086121e-06 7.34578407e-06 7.34077320e-06
 7.33582855e-06 7.33095006e-06 7.32613771e-06 7.32139143e-06
 7.31671119e-06 7.31209696e-06 7.30754867e-06 7.30306630e-06
 7.29864981e-06 7.29429915e-06 7.29001428e-06 7.28579516e-06
 7.28164177e-06 7.27755405e-06 7.27353198e-06 7.26957551e-06
 7.26568461e-06 7.26185925e-06 7.25809938e-06 7.25440498e-06
 7.25077602e-06 7.24721245e-06 7.24371425e-06 7.24028139e-06
 7.23691383e-06 7.23361154e-06 7.23037450e-06 7.22720268e-06
 7.22409603e-06 7.22105455e-06 7.21807820e-06 7.21516695e-06
 7.21232077e-06 7.20953965e-06 7.20682356e-06 7.20417246e-06
 7.20158634e-06 7.19906518e-06 7.19660894e-06 7.19421762e-06
 7.19189118e-06 7.18962960e-06 7.18743288e-06 7.18530097e-06
 7.18323388e-06 7.18123157e-06 7.17929403e-06 7.17742124e-06
 7.17561318e-06 7.17386985e-06 7.17219121e-06 7.17057727e-06
 7.16902799e-06 7.16754338e-06 7.16612341e-06 7.16476807e-06
 7.16347735e-06 7.16225124e-06 7.16108973e-06 7.15999280e-06
 7.15896045e-06 7.15799267e-06 7.15708944e-06 7.15625077e-06
 7.15547664e-06 7.15476704e-06 7.15412197e-06 7.15354143e-06
 7.15302540e-06 7.15257389e-06 7.15218689e-06 7.15186439e-06
 7.15160640e-06 7.15141290e-06 7.15128391e-06 7.15121941e-06
 7.15121941e-06 7.15128391e-06 7.15141290e-06 7.15160640e-06
 7.15186439e-06 7.15218689e-06 7.15257389e-06 7.15302540e-06
 7.15354143e-06 7.15412197e-06 7.15476704e-06 7.15547664e-06
 7.15625077e-06 7.15708944e-06 7.15799267e-06 7.15896045e-06
 7.15999280e-06 7.16108973e-06 7.16225124e-06 7.16347735e-06
 7.16476807e-06 7.16612341e-06 7.16754338e-06 7.16902799e-06
 7.17057727e-06 7.17219121e-06 7.17386985e-06 7.17561318e-06
 7.17742124e-06 7.17929403e-06 7.18123157e-06 7.18323388e-06
 7.18530097e-06 7.18743288e-06 7.18962960e-06 7.19189118e-06
 7.19421762e-06 7.19660894e-06 7.19906518e-06 7.20158634e-06
 7.20417246e-06 7.20682356e-06 7.20953965e-06 7.21232077e-06
 7.21516695e-06 7.21807820e-06 7.22105455e-06 7.22409603e-06
 7.22720268e-06 7.23037450e-06 7.23361154e-06 7.23691383e-06
 7.24028139e-06 7.24371425e-06 7.24721245e-06 7.25077602e-06
 7.25440498e-06 7.25809938e-06 7.26185925e-06 7.26568461e-06
 7.26957551e-06 7.27353198e-06 7.27755405e-06 7.28164177e-06
 7.28579516e-06 7.29001428e-06 7.29429915e-06 7.29864981e-06
 7.30306630e-06 7.30754867e-06 7.31209696e-06 7.31671119e-06
 7.32139143e-06 7.32613771e-06 7.33095006e-06 7.33582855e-06
 7.34077320e-06 7.34578407e-06 7.35086121e-06 7.35600464e-06
 7.36121444e-06 7.36649063e-06 7.37183327e-06 7.37724240e-06
 7.38271809e-06 7.38826037e-06 7.39386929e-06 7.39954491e-06
 7.40528728e-06 7.41109645e-06 7.41697247e-06 7.42291540e-06
 7.42892529e-06 7.43500219e-06 7.44114616e-06 7.44735726e-06
 7.45363554e-06 7.45998106e-06 7.46639387e-06 7.47287404e-06
 7.47942162e-06 7.48603667e-06 7.49271926e-06 7.49946943e-06
 7.50628726e-06 7.51317281e-06 7.52012614e-06 7.52714730e-06
 7.53423637e-06 7.54139341e-06 7.54861849e-06 7.55591166e-06
 7.56327300e-06 7.57070257e-06 7.57820044e-06 7.58576668e-06
 7.59340135e-06 7.60110453e-06 7.60887629e-06 7.61671669e-06
 7.62462581e-06 7.63260371e-06 7.64065048e-06 7.64876618e-06
 7.65695089e-06 7.66520468e-06 7.67352762e-06 7.68191980e-06
 7.69038128e-06 7.69891215e-06 7.70751248e-06 7.71618235e-06
 7.72492184e-06 7.73373103e-06 7.74260999e-06 7.75155882e-06
 7.76057758e-06 7.76966636e-06 7.77882525e-06 7.78805432e-06
 7.79735366e-06 7.80672335e-06 7.81616349e-06 7.82567415e-06
 7.83525542e-06 7.84490739e-06 7.85463014e-06 7.86442377e-06
 7.87428836e-06 7.88422400e-06 7.89423078e-06 7.90430879e-06
 7.91445813e-06 7.92467889e-06 7.93497115e-06 7.94533501e-06
 7.95577057e-06 7.96627792e-06 7.97685716e-06 7.98750838e-06
 7.99823167e-06 8.00902714e-06 8.01989488e-06 8.03083500e-06
 8.04184758e-06 8.05293274e-06 8.06409057e-06 8.07532117e-06
 8.08662464e-06 8.09800109e-06 8.10945062e-06 8.12097333e-06
 8.13256933e-06 8.14423872e-06 8.15598161e-06 8.16779811e-06
 8.17968832e-06 8.19165235e-06 8.20369030e-06 8.21580230e-06
 8.22798844e-06 8.24024884e-06 8.25258361e-06 8.26499286e-06
 8.27747670e-06 8.29003525e-06 8.30266862e-06 8.31537693e-06
 8.32816028e-06 8.34101880e-06 8.35395261e-06 8.36696181e-06
 8.38004653e-06 8.39320689e-06 8.40644300e-06 8.41975499e-06
 8.43314297e-06 8.44660707e-06 8.46014741e-06 8.47376412e-06
 8.48745731e-06 8.50122711e-06 8.51507364e-06 8.52899704e-06
 8.54299742e-06 8.55707491e-06 8.57122965e-06 8.58546175e-06
 8.59977135e-06 8.61415858e-06 8.62862357e-06 8.64316645e-06
 8.65778735e-06 8.67248641e-06 8.68726375e-06 8.70211951e-06
 8.71705383e-06 8.73206684e-06 8.74715868e-06 8.76232948e-06
 8.77757938e-06 8.79290852e-06 8.80831705e-06 8.82380509e-06
 8.83937278e-06 8.85502028e-06 8.87074772e-06 8.88655525e-06
 8.90244300e-06 8.91841113e-06 8.93445977e-06 8.95058907e-06
 8.96679918e-06 8.98309025e-06 8.99946242e-06 9.01591584e-06
 9.03245066e-06 9.04906703e-06 9.06576510e-06 9.08254502e-06
 9.09940695e-06 9.11635104e-06 9.13337743e-06 9.15048629e-06
 9.16767778e-06 9.18495203e-06 9.20230922e-06 9.21974950e-06
 9.23727303e-06 9.25487997e-06 9.27257047e-06 9.29034470e-06
 9.30820282e-06 9.32614498e-06 9.34417136e-06 9.36228212e-06
 9.38047741e-06 9.39875741e-06 9.41712228e-06 9.43557219e-06
 9.45410730e-06 9.47272779e-06 9.49143382e-06 9.51022555e-06
 9.52910317e-06 9.54806684e-06 9.56711674e-06 9.58625303e-06
 9.60547590e-06 9.62478550e-06 9.64418203e-06 9.66366565e-06
 9.68323655e-06 9.70289489e-06 9.72264086e-06 9.74247464e-06
 9.76239641e-06 9.78240634e-06 9.80250462e-06 9.82269144e-06
 9.84296696e-06 9.86333138e-06 9.88378489e-06 9.90432766e-06
 9.92495989e-06 9.94568176e-06 9.96649345e-06 9.98739516e-06
 1.00083871e-05 1.00294694e-05 1.00506423e-05 1.00719060e-05
 1.00932606e-05 1.01147065e-05 1.01362437e-05 1.01578724e-05
 1.01795929e-05 1.02014053e-05 1.02233099e-05 1.02453069e-05
 1.02673963e-05 1.02895786e-05 1.03118537e-05 1.03342220e-05
 1.03566837e-05 1.03792389e-05 1.04018879e-05 1.04246309e-05
 1.04474680e-05 1.04703995e-05 1.04934256e-05 1.05165464e-05
 1.05397623e-05 1.05630734e-05 1.05864799e-05 1.06099821e-05
 1.06335801e-05 1.06572741e-05 1.06810645e-05 1.07049513e-05
 1.07289349e-05 1.07530153e-05 1.07771930e-05 1.08014680e-05
 1.08258405e-05 1.08503109e-05 1.08748793e-05 1.08995460e-05
 1.09243112e-05 1.09491750e-05 1.09741378e-05 1.09991997e-05
 1.10243610e-05 1.10496219e-05 1.10749826e-05 1.11004434e-05
 1.11260045e-05 1.11516662e-05 1.11774286e-05 1.12032919e-05
 1.12292566e-05 1.12553226e-05 1.12814904e-05 1.13077601e-05
 1.13341320e-05 1.13606063e-05 1.13871833e-05 1.14138632e-05
 1.14406462e-05 1.14675325e-05 1.14945225e-05 1.15216164e-05
 1.15488144e-05 1.15761167e-05 1.16035237e-05 1.16310355e-05
 1.16586524e-05 1.16863747e-05 1.17142025e-05 1.17421363e-05
 1.17701761e-05 1.17983224e-05 1.18265752e-05 1.18549349e-05
 1.18834018e-05 1.19119760e-05 1.19406579e-05 1.19694477e-05
 1.19983457e-05 1.20273522e-05 1.20564673e-05 1.20856914e-05
 1.21150247e-05 1.21444675e-05 1.21740201e-05 1.22036827e-05
 1.22334556e-05 1.22633390e-05 1.22933333e-05 1.23234387e-05
 1.23536555e-05 1.23839840e-05 1.24144244e-05 1.24449769e-05
 1.24756420e-05 1.25064199e-05 1.25373107e-05 1.25683149e-05
 1.25994327e-05 1.26306644e-05 1.26620103e-05 1.26934706e-05
 1.27250456e-05 1.27567357e-05 1.27885411e-05 1.28204620e-05
 1.28524989e-05 1.28846519e-05 1.29169215e-05 1.29493077e-05
 1.29818111e-05 1.30144317e-05 1.30471701e-05 1.30800263e-05
 1.31130009e-05 1.31460939e-05 1.31793058e-05 1.32126368e-05
 1.32460873e-05 1.32796575e-05 1.33133478e-05 1.33471584e-05
 1.33810897e-05 1.34151420e-05 1.34493155e-05 1.34836107e-05
 1.35180277e-05 1.35525669e-05 1.35872287e-05 1.36220133e-05
 1.36569211e-05 1.36919523e-05 1.37271073e-05 1.37623865e-05
 1.37977900e-05 1.38333183e-05 1.38689717e-05 1.39047504e-05
 1.39406549e-05 1.39766854e-05 1.40128423e-05 1.40491259e-05
 1.40855365e-05 1.41220745e-05 1.41587402e-05 1.41955338e-05
 1.42324559e-05 1.42695066e-05 1.43066863e-05 1.43439954e-05
 1.43814342e-05 1.44190031e-05 1.44567023e-05 1.44945322e-05
 1.45324933e-05 1.45705857e-05 1.46088098e-05 1.46471661e-05
 1.46856548e-05 1.47242763e-05 1.47630310e-05 1.48019191e-05
 1.48409411e-05 1.48800973e-05 1.49193881e-05 1.49588138e-05
 1.49983747e-05 1.50380713e-05 1.50779039e-05 1.51178728e-05
 1.51579784e-05 1.51982211e-05 1.52386013e-05 1.52791193e-05
 1.53197754e-05 1.53605701e-05 1.54015037e-05 1.54425766e-05
 1.54837891e-05 1.55251417e-05 1.55666347e-05 1.56082684e-05
 1.56500434e-05 1.56919598e-05 1.57340182e-05 1.57762189e-05
 1.58185622e-05 1.58610487e-05 1.59036785e-05 1.59464522e-05
 1.59893702e-05 1.60324327e-05 1.60756403e-05 1.61189932e-05
 1.61624920e-05 1.62061369e-05 1.62499284e-05 1.62938669e-05
 1.63379527e-05 1.63821864e-05 1.64265682e-05 1.64710986e-05
 1.65157779e-05 1.65606067e-05 1.66055852e-05 1.66507139e-05
 1.66959933e-05 1.67414237e-05 1.67870055e-05 1.68327391e-05]