[1.52037644e-05 1.50754974e-05 1.49483185e-05 1.48222187e-05
 1.46971887e-05 1.45732194e-05 1.44503019e-05 1.43284272e-05
 1.42075866e-05 1.40877712e-05 1.39689723e-05 1.38511814e-05
 1.37343898e-05 1.36185892e-05 1.35037711e-05 1.33899272e-05
 1.32770492e-05 1.31651290e-05 1.30541584e-05 1.29441294e-05
 1.28350340e-05 1.27268643e-05 1.26196124e-05 1.25132706e-05
 1.24078311e-05 1.23032864e-05 1.21996287e-05 1.20968507e-05
 1.19949448e-05 1.18939037e-05 1.17937200e-05 1.16943864e-05
 1.15958958e-05 1.14982410e-05 1.14014150e-05 1.13054106e-05
 1.12102210e-05 1.11158393e-05 1.10222585e-05 1.09294719e-05
 1.08374729e-05 1.07462546e-05 1.06558105e-05 1.05661340e-05
 1.04772187e-05 1.03890580e-05 1.03016456e-05 1.02149751e-05
 1.01290403e-05 1.00438349e-05 9.95935278e-06 9.87558775e-06
 9.79253375e-06 9.71018477e-06 9.62853482e-06 9.54757799e-06
 9.46730841e-06 9.38772025e-06 9.30880774e-06 9.23056516e-06
 9.15298683e-06 9.07606713e-06 8.99980047e-06 8.92418133e-06
 8.84920421e-06 8.77486369e-06 8.70115437e-06 8.62807090e-06
 8.55560798e-06 8.48376036e-06 8.41252283e-06 8.34189022e-06
 8.27185740e-06 8.20241929e-06 8.13357087e-06 8.06530713e-06
 7.99762313e-06 7.93051395e-06 7.86397473e-06 7.79800064e-06
 7.73258690e-06 7.66772876e-06 7.60342152e-06 7.53966051e-06
 7.47644111e-06 7.41375874e-06 7.35160884e-06 7.28998691e-06
 7.22888848e-06 7.16830912e-06 7.10824443e-06 7.04869007e-06
 6.98964170e-06 6.93109504e-06 6.87304586e-06 6.81548993e-06
 6.75842309e-06 6.70184119e-06 6.64574013e-06 6.59011584e-06
 6.53496430e-06 6.48028149e-06 6.42606345e-06 6.37230625e-06
 6.31900598e-06 6.26615880e-06 6.21376085e-06 6.16180834e-06
 6.11029750e-06 6.05922460e-06 6.00858593e-06 5.95837782e-06
 5.90859663e-06 5.85923874e-06 5.81030058e-06 5.76177859e-06
 5.71366926e-06 5.66596910e-06 5.61867465e-06 5.57178247e-06
 5.52528918e-06 5.47919138e-06 5.43348575e-06 5.38816896e-06
 5.34323773e-06 5.29868880e-06 5.25451894e-06 5.21072495e-06
 5.16730364e-06 5.12425187e-06 5.08156652e-06 5.03924449e-06
 4.99728271e-06 4.95567814e-06 4.91442776e-06 4.87352857e-06
 4.83297762e-06 4.79277196e-06 4.75290867e-06 4.71338486e-06
 4.67419767e-06 4.63534426e-06 4.59682180e-06 4.55862750e-06
 4.52075859e-06 4.48321232e-06 4.44598598e-06 4.40907686e-06
 4.37248228e-06 4.33619960e-06 4.30022617e-06 4.26455939e-06
 4.22919667e-06 4.19413545e-06 4.15937319e-06 4.12490735e-06
 4.09073545e-06 4.05685501e-06 4.02326356e-06 3.98995867e-06
 3.95693793e-06 3.92419894e-06 3.89173932e-06 3.85955672e-06
 3.82764881e-06 3.79601328e-06 3.76464782e-06 3.73355016e-06
 3.70271805e-06 3.67214926e-06 3.64184155e-06 3.61179275e-06
 3.58200065e-06 3.55246312e-06 3.52317800e-06 3.49414316e-06
 3.46535651e-06 3.43681596e-06 3.40851942e-06 3.38046487e-06
 3.35265025e-06 3.32507355e-06 3.29773277e-06 3.27062592e-06
 3.24375105e-06 3.21710620e-06 3.19068944e-06 3.16449885e-06
 3.13853254e-06 3.11278861e-06 3.08726521e-06 3.06196048e-06
 3.03687259e-06 3.01199971e-06 2.98734005e-06 2.96289181e-06
 2.93865322e-06 2.91462252e-06 2.89079798e-06 2.86717785e-06
 2.84376043e-06 2.82054403e-06 2.79752695e-06 2.77470752e-06
 2.75208410e-06 2.72965504e-06 2.70741871e-06 2.68537350e-06
 2.66351782e-06 2.64185007e-06 2.62036869e-06 2.59907211e-06
 2.57795880e-06 2.55702721e-06 2.53627584e-06 2.51570318e-06
 2.49530774e-06 2.47508803e-06 2.45504259e-06 2.43516996e-06
 2.41546871e-06 2.39593741e-06 2.37657463e-06 2.35737898e-06
 2.33834906e-06 2.31948350e-06 2.30078091e-06 2.28223996e-06
 2.26385928e-06 2.24563756e-06 2.22757346e-06 2.20966568e-06
 2.19191292e-06 2.17431389e-06 2.15686731e-06 2.13957192e-06
 2.12242647e-06 2.10542971e-06 2.08858040e-06 2.07187734e-06
 2.05531929e-06 2.03890507e-06 2.02263348e-06 2.00650335e-06
 1.99051350e-06 1.97466277e-06 1.95895001e-06 1.94337409e-06
 1.92793387e-06 1.91262824e-06 1.89745608e-06 1.88241629e-06
 1.86750778e-06 1.85272948e-06 1.83808031e-06 1.82355920e-06
 1.80916511e-06 1.79489699e-06 1.78075380e-06 1.76673452e-06
 1.75283813e-06 1.73906363e-06 1.72541001e-06 1.71187628e-06
 1.69846147e-06 1.68516460e-06 1.67198471e-06 1.65892083e-06
 1.64597203e-06 1.63313736e-06 1.62041589e-06 1.60780671e-06
 1.59530888e-06 1.58292152e-06 1.57064371e-06 1.55847458e-06
 1.54641323e-06 1.53445879e-06 1.52261040e-06 1.51086720e-06
 1.49922832e-06 1.48769294e-06 1.47626021e-06 1.46492930e-06
 1.45369940e-06 1.44256968e-06 1.43153934e-06 1.42060759e-06
 1.40977362e-06 1.39903665e-06 1.38839590e-06 1.37785060e-06
 1.36739999e-06 1.35704331e-06 1.34677981e-06 1.33660873e-06
 1.32652936e-06 1.31654094e-06 1.30664277e-06 1.29683411e-06
 1.28711427e-06 1.27748253e-06 1.26793819e-06 1.25848057e-06
 1.24910898e-06 1.23982273e-06 1.23062116e-06 1.22150360e-06
 1.21246938e-06 1.20351786e-06 1.19464837e-06 1.18586029e-06
 1.17715296e-06 1.16852576e-06 1.15997807e-06 1.15150926e-06
 1.14311872e-06 1.13480584e-06 1.12657001e-06 1.11841065e-06
 1.11032716e-06 1.10231894e-06 1.09438543e-06 1.08652605e-06
 1.07874022e-06 1.07102738e-06 1.06338697e-06 1.05581844e-06
 1.04832124e-06 1.04089483e-06 1.03353865e-06 1.02625220e-06
 1.01903492e-06 1.01188631e-06 1.00480584e-06 9.97792998e-07
 9.90847276e-07 9.83968170e-07 9.77155181e-07 9.70407815e-07
 9.63725582e-07 9.57107999e-07 9.50554584e-07 9.44064863e-07
 9.37638365e-07 9.31274624e-07 9.24973178e-07 9.18733570e-07
 9.12555348e-07 9.06438063e-07 9.00381272e-07 8.94384536e-07
 8.88447419e-07 8.82569491e-07 8.76750326e-07 8.70989501e-07
 8.65286599e-07 8.59641206e-07 8.54052912e-07 8.48521313e-07
 8.43046007e-07 8.37626597e-07 8.32262689e-07 8.26953895e-07
 8.21699831e-07 8.16500113e-07 8.11354366e-07 8.06262217e-07
 8.01223295e-07 7.96237236e-07 7.91303678e-07 7.86422263e-07
 7.81592636e-07 7.76814448e-07 7.72087353e-07 7.67411006e-07
 7.62785070e-07 7.58209208e-07 7.53683088e-07 7.49206383e-07
 7.44778768e-07 7.40399921e-07 7.36069524e-07 7.31787265e-07
 7.27552832e-07 7.23365918e-07 7.19226219e-07 7.15133436e-07
 7.11087270e-07 7.07087430e-07 7.03133624e-07 6.99225566e-07
 6.95362972e-07 6.91545563e-07 6.87773061e-07 6.84045193e-07
 6.80361689e-07 6.76722280e-07 6.73126704e-07 6.69574699e-07
 6.66066009e-07 6.62600377e-07 6.59177554e-07 6.55797290e-07
 6.52459341e-07 6.49163464e-07 6.45909420e-07 6.42696974e-07
 6.39525893e-07 6.36395945e-07 6.33306905e-07 6.30258549e-07
 6.27250654e-07 6.24283004e-07 6.21355382e-07 6.18467577e-07
 6.15619379e-07 6.12810581e-07 6.10040980e-07 6.07310374e-07
 6.04618567e-07 6.01965362e-07 5.99350567e-07 5.96773992e-07
 5.94235451e-07 5.91734759e-07 5.89271735e-07 5.86846201e-07
 5.84457980e-07 5.82106899e-07 5.79792788e-07 5.77515479e-07
 5.75274807e-07 5.73070608e-07 5.70902724e-07 5.68770997e-07
 5.66675273e-07 5.64615399e-07 5.62591226e-07 5.60602607e-07
 5.58649398e-07 5.56731457e-07 5.54848646e-07 5.53000827e-07
 5.51187867e-07 5.49409634e-07 5.47665999e-07 5.45956835e-07
 5.44282020e-07 5.42641431e-07 5.41034948e-07 5.39462457e-07
 5.37923842e-07 5.36418992e-07 5.34947799e-07 5.33510154e-07
 5.32105954e-07 5.30735098e-07 5.29397485e-07 5.28093018e-07
 5.26821604e-07 5.25583149e-07 5.24377565e-07 5.23204763e-07
 5.22064658e-07 5.20957168e-07 5.19882213e-07 5.18839714e-07
 5.17829596e-07 5.16851785e-07 5.15906212e-07 5.14992806e-07
 5.14111502e-07 5.13262236e-07 5.12444946e-07 5.11659574e-07
 5.10906061e-07 5.10184354e-07 5.09494400e-07 5.08836149e-07
 5.08209553e-07 5.07614568e-07 5.07051148e-07 5.06519255e-07
 5.06018849e-07 5.05549894e-07 5.05112356e-07 5.04706203e-07
 5.04331405e-07 5.03987937e-07 5.03675771e-07 5.03394887e-07
 5.03145264e-07 5.02926883e-07 5.02739729e-07 5.02583788e-07
 5.02459048e-07 5.02365502e-07 5.02303141e-07 5.02271962e-07
 5.02271962e-07 5.02303141e-07 5.02365502e-07 5.02459048e-07
 5.02583788e-07 5.02739729e-07 5.02926883e-07 5.03145264e-07
 5.03394887e-07 5.03675771e-07 5.03987937e-07 5.04331405e-07
 5.04706203e-07 5.05112356e-07 5.05549894e-07 5.06018849e-07
 5.06519255e-07 5.07051148e-07 5.07614568e-07 5.08209553e-07
 5.08836149e-07 5.09494400e-07 5.10184354e-07 5.10906061e-07
 5.11659574e-07 5.12444946e-07 5.13262236e-07 5.14111502e-07
 5.14992806e-07 5.15906212e-07 5.16851785e-07 5.17829596e-07
 5.18839714e-07 5.19882213e-07 5.20957168e-07 5.22064658e-07
 5.23204763e-07 5.24377565e-07 5.25583149e-07 5.26821604e-07
 5.28093018e-07 5.29397485e-07 5.30735098e-07 5.32105954e-07
 5.33510154e-07 5.34947799e-07 5.36418992e-07 5.37923842e-07
 5.39462457e-07 5.41034948e-07 5.42641431e-07 5.44282020e-07
 5.45956835e-07 5.47665999e-07 5.49409634e-07 5.51187867e-07
 5.53000827e-07 5.54848646e-07 5.56731457e-07 5.58649398e-07
 5.60602607e-07 5.62591226e-07 5.64615399e-07 5.66675273e-07
 5.68770997e-07 5.70902724e-07 5.73070608e-07 5.75274807e-07
 5.77515479e-07 5.79792788e-07 5.82106899e-07 5.84457980e-07
 5.86846201e-07 5.89271735e-07 5.91734759e-07 5.94235451e-07
 5.96773992e-07 5.99350567e-07 6.01965362e-07 6.04618567e-07
 6.07310374e-07 6.10040980e-07 6.12810581e-07 6.15619379e-07
 6.18467577e-07 6.21355382e-07 6.24283004e-07 6.27250654e-07
 6.30258549e-07 6.33306905e-07 6.36395945e-07 6.39525893e-07
 6.42696974e-07 6.45909420e-07 6.49163464e-07 6.52459341e-07
 6.55797290e-07 6.59177554e-07 6.62600377e-07 6.66066009e-07
 6.69574699e-07 6.73126704e-07 6.76722280e-07 6.80361689e-07
 6.84045193e-07 6.87773061e-07 6.91545563e-07 6.95362972e-07
 6.99225566e-07 7.03133624e-07 7.07087430e-07 7.11087270e-07
 7.15133436e-07 7.19226219e-07 7.23365918e-07 7.27552832e-07
 7.31787265e-07 7.36069524e-07 7.40399921e-07 7.44778768e-07
 7.49206383e-07 7.53683088e-07 7.58209208e-07 7.62785070e-07
 7.67411006e-07 7.72087353e-07 7.76814448e-07 7.81592636e-07
 7.86422263e-07 7.91303678e-07 7.96237236e-07 8.01223295e-07
 8.06262217e-07 8.11354366e-07 8.16500113e-07 8.21699831e-07
 8.26953895e-07 8.32262689e-07 8.37626597e-07 8.43046007e-07
 8.48521313e-07 8.54052912e-07 8.59641206e-07 8.65286599e-07
 8.70989501e-07 8.76750326e-07 8.82569491e-07 8.88447419e-07
 8.94384536e-07 9.00381272e-07 9.06438063e-07 9.12555348e-07
 9.18733570e-07 9.24973178e-07 9.31274624e-07 9.37638365e-07
 9.44064863e-07 9.50554584e-07 9.57107999e-07 9.63725582e-07
 9.70407815e-07 9.77155181e-07 9.83968170e-07 9.90847276e-07
 9.97792998e-07 1.00480584e-06 1.01188631e-06 1.01903492e-06
 1.02625220e-06 1.03353865e-06 1.04089483e-06 1.04832124e-06
 1.05581844e-06 1.06338697e-06 1.07102738e-06 1.07874022e-06
 1.08652605e-06 1.09438543e-06 1.10231894e-06 1.11032716e-06
 1.11841065e-06 1.12657001e-06 1.13480584e-06 1.14311872e-06
 1.15150926e-06 1.15997807e-06 1.16852576e-06 1.17715296e-06
 1.18586029e-06 1.19464837e-06 1.20351786e-06 1.21246938e-06
 1.22150360e-06 1.23062116e-06 1.23982273e-06 1.24910898e-06
 1.25848057e-06 1.26793819e-06 1.27748253e-06 1.28711427e-06
 1.29683411e-06 1.30664277e-06 1.31654094e-06 1.32652936e-06
 1.33660873e-06 1.34677981e-06 1.35704331e-06 1.36739999e-06
 1.37785060e-06 1.38839590e-06 1.39903665e-06 1.40977362e-06
 1.42060759e-06 1.43153934e-06 1.44256968e-06 1.45369940e-06
 1.46492930e-06 1.47626021e-06 1.48769294e-06 1.49922832e-06
 1.51086720e-06 1.52261040e-06 1.53445879e-06 1.54641323e-06
 1.55847458e-06 1.57064371e-06 1.58292152e-06 1.59530888e-06
 1.60780671e-06 1.62041589e-06 1.63313736e-06 1.64597203e-06
 1.65892083e-06 1.67198471e-06 1.68516460e-06 1.69846147e-06
 1.71187628e-06 1.72541001e-06 1.73906363e-06 1.75283813e-06
 1.76673452e-06 1.78075380e-06 1.79489699e-06 1.80916511e-06
 1.82355920e-06 1.83808031e-06 1.85272948e-06 1.86750778e-06
 1.88241629e-06 1.89745608e-06 1.91262824e-06 1.92793387e-06
 1.94337409e-06 1.95895001e-06 1.97466277e-06 1.99051350e-06
 2.00650335e-06 2.02263348e-06 2.03890507e-06 2.05531929e-06
 2.07187734e-06 2.08858040e-06 2.10542971e-06 2.12242647e-06
 2.13957192e-06 2.15686731e-06 2.17431389e-06 2.19191292e-06
 2.20966568e-06 2.22757346e-06 2.24563756e-06 2.26385928e-06
 2.28223996e-06 2.30078091e-06 2.31948350e-06 2.33834906e-06
 2.35737898e-06 2.37657463e-06 2.39593741e-06 2.41546871e-06
 2.43516996e-06 2.45504259e-06 2.47508803e-06 2.49530774e-06
 2.51570318e-06 2.53627584e-06 2.55702721e-06 2.57795880e-06
 2.59907211e-06 2.62036869e-06 2.64185007e-06 2.66351782e-06
 2.68537350e-06 2.70741871e-06 2.72965504e-06 2.75208410e-06
 2.77470752e-06 2.79752695e-06 2.82054403e-06 2.84376043e-06
 2.86717785e-06 2.89079798e-06 2.91462252e-06 2.93865322e-06
 2.96289181e-06 2.98734005e-06 3.01199971e-06 3.03687259e-06
 3.06196048e-06 3.08726521e-06 3.11278861e-06 3.13853254e-06
 3.16449885e-06 3.19068944e-06 3.21710620e-06 3.24375105e-06
 3.27062592e-06 3.29773277e-06 3.32507355e-06 3.35265025e-06
 3.38046487e-06 3.40851942e-06 3.43681596e-06 3.46535651e-06
 3.49414316e-06 3.52317800e-06 3.55246312e-06 3.58200065e-06
 3.61179275e-06 3.64184155e-06 3.67214926e-06 3.70271805e-06
 3.73355016e-06 3.76464782e-06 3.79601328e-06 3.82764881e-06
 3.85955672e-06 3.89173932e-06 3.92419894e-06 3.95693793e-06
 3.98995867e-06 4.02326356e-06 4.05685501e-06 4.09073545e-06
 4.12490735e-06 4.15937319e-06 4.19413545e-06 4.22919667e-06
 4.26455939e-06 4.30022617e-06 4.33619960e-06 4.37248228e-06
 4.40907686e-06 4.44598598e-06 4.48321232e-06 4.52075859e-06
 4.55862750e-06 4.59682180e-06 4.63534426e-06 4.67419767e-06
 4.71338486e-06 4.75290867e-06 4.79277196e-06 4.83297762e-06
 4.87352857e-06 4.91442776e-06 4.95567814e-06 4.99728271e-06
 5.03924449e-06 5.08156652e-06 5.12425187e-06 5.16730364e-06
 5.21072495e-06 5.25451894e-06 5.29868880e-06 5.34323773e-06
 5.38816896e-06 5.43348575e-06 5.47919138e-06 5.52528918e-06
 5.57178247e-06 5.61867465e-06 5.66596910e-06 5.71366926e-06
 5.76177859e-06 5.81030058e-06 5.85923874e-06 5.90859663e-06
 5.95837782e-06 6.00858593e-06 6.05922460e-06 6.11029750e-06
 6.16180834e-06 6.21376085e-06 6.26615880e-06 6.31900598e-06
 6.37230625e-06 6.42606345e-06 6.48028149e-06 6.53496430e-06
 6.59011584e-06 6.64574013e-06 6.70184119e-06 6.75842309e-06
 6.81548993e-06 6.87304586e-06 6.93109504e-06 6.98964170e-06
 7.04869007e-06 7.10824443e-06 7.16830912e-06 7.22888848e-06
 7.28998691e-06 7.35160884e-06 7.41375874e-06 7.47644111e-06
 7.53966051e-06 7.60342152e-06 7.66772876e-06 7.73258690e-06
 7.79800064e-06 7.86397473e-06 7.93051395e-06 7.99762313e-06
 8.06530713e-06 8.13357087e-06 8.20241929e-06 8.27185740e-06
 8.34189022e-06 8.41252283e-06 8.48376036e-06 8.55560798e-06
 8.62807090e-06 8.70115437e-06 8.77486369e-06 8.84920421e-06
 8.92418133e-06 8.99980047e-06 9.07606713e-06 9.15298683e-06
 9.23056516e-06 9.30880774e-06 9.38772025e-06 9.46730841e-06
 9.54757799e-06 9.62853482e-06 9.71018477e-06 9.79253375e-06
 9.87558775e-06 9.95935278e-06 1.00438349e-05 1.01290403e-05
 1.02149751e-05 1.03016456e-05 1.03890580e-05 1.04772187e-05
 1.05661340e-05 1.06558105e-05 1.07462546e-05 1.08374729e-05
 1.09294719e-05 1.10222585e-05 1.11158393e-05 1.12102210e-05
 1.13054106e-05 1.14014150e-05 1.14982410e-05 1.15958958e-05
 1.16943864e-05 1.17937200e-05 1.18939037e-05 1.19949448e-05
 1.20968507e-05 1.21996287e-05 1.23032864e-05 1.24078311e-05
 1.25132706e-05 1.26196124e-05 1.27268643e-05 1.28350340e-05
 1.29441294e-05 1.30541584e-05 1.31651290e-05 1.32770492e-05
 1.33899272e-05 1.35037711e-05 1.36185892e-05 1.37343898e-05
 1.38511814e-05 1.39689723e-05 1.40877712e-05 1.42075866e-05
 1.43284272e-05 1.44503019e-05 1.45732194e-05 1.46971887e-05
 1.48222187e-05 1.49483185e-05 1.50754974e-05 1.52037644e-05]