[4.95208325e-05 4.94374271e-05 4.93542479e-05 4.92712944e-05
 4.91885662e-05 4.91060630e-05 4.90237843e-05 4.89417299e-05
 4.88598993e-05 4.87782921e-05 4.86969081e-05 4.86157467e-05
 4.85348077e-05 4.84540906e-05 4.83735951e-05 4.82933209e-05
 4.82132675e-05 4.81334347e-05 4.80538219e-05 4.79744289e-05
 4.78952553e-05 4.78163008e-05 4.77375649e-05 4.76590474e-05
 4.75807478e-05 4.75026658e-05 4.74248011e-05 4.73471532e-05
 4.72697219e-05 4.71925067e-05 4.71155074e-05 4.70387235e-05
 4.69621548e-05 4.68858008e-05 4.68096612e-05 4.67337358e-05
 4.66580240e-05 4.65825256e-05 4.65072402e-05 4.64321676e-05
 4.63573073e-05 4.62826589e-05 4.62082223e-05 4.61339969e-05
 4.60599825e-05 4.59861788e-05 4.59125854e-05 4.58392019e-05
 4.57660281e-05 4.56930635e-05 4.56203079e-05 4.55477610e-05
 4.54754223e-05 4.54032916e-05 4.53313685e-05 4.52596528e-05
 4.51881440e-05 4.51168419e-05 4.50457460e-05 4.49748562e-05
 4.49041721e-05 4.48336933e-05 4.47634195e-05 4.46933504e-05
 4.46234858e-05 4.45538251e-05 4.44843683e-05 4.44151148e-05
 4.43460645e-05 4.42772170e-05 4.42085719e-05 4.41401290e-05
 4.40718880e-05 4.40038484e-05 4.39360102e-05 4.38683728e-05
 4.38009361e-05 4.37336996e-05 4.36666631e-05 4.35998264e-05
 4.35331890e-05 4.34667507e-05 4.34005111e-05 4.33344700e-05
 4.32686271e-05 4.32029820e-05 4.31375345e-05 4.30722843e-05
 4.30072310e-05 4.29423744e-05 4.28777142e-05 4.28132500e-05
 4.27489816e-05 4.26849088e-05 4.26210310e-05 4.25573482e-05
 4.24938600e-05 4.24305662e-05 4.23674663e-05 4.23045602e-05
 4.22418475e-05 4.21793280e-05 4.21170014e-05 4.20548673e-05
 4.19929256e-05 4.19311759e-05 4.18696180e-05 4.18082514e-05
 4.17470761e-05 4.16860917e-05 4.16252979e-05 4.15646944e-05
 4.15042810e-05 4.14440574e-05 4.13840233e-05 4.13241784e-05
 4.12645225e-05 4.12050553e-05 4.11457765e-05 4.10866859e-05
 4.10277831e-05 4.09690679e-05 4.09105401e-05 4.08521994e-05
 4.07940454e-05 4.07360780e-05 4.06782968e-05 4.06207017e-05
 4.05632923e-05 4.05060684e-05 4.04490297e-05 4.03921759e-05
 4.03355069e-05 4.02790223e-05 4.02227219e-05 4.01666054e-05
 4.01106725e-05 4.00549231e-05 3.99993568e-05 3.99439734e-05
 3.98887727e-05 3.98337544e-05 3.97789182e-05 3.97242638e-05
 3.96697912e-05 3.96154999e-05 3.95613898e-05 3.95074605e-05
 3.94537119e-05 3.94001437e-05 3.93467557e-05 3.92935476e-05
 3.92405191e-05 3.91876701e-05 3.91350002e-05 3.90825093e-05
 3.90301971e-05 3.89780634e-05 3.89261079e-05 3.88743304e-05
 3.88227306e-05 3.87713083e-05 3.87200634e-05 3.86689954e-05
 3.86181043e-05 3.85673897e-05 3.85168515e-05 3.84664894e-05
 3.84163032e-05 3.83662927e-05 3.83164575e-05 3.82667976e-05
 3.82173126e-05 3.81680024e-05 3.81188667e-05 3.80699053e-05
 3.80211180e-05 3.79725044e-05 3.79240646e-05 3.78757981e-05
 3.78277048e-05 3.77797845e-05 3.77320369e-05 3.76844618e-05
 3.76370590e-05 3.75898283e-05 3.75427695e-05 3.74958823e-05
 3.74491666e-05 3.74026221e-05 3.73562486e-05 3.73100460e-05
 3.72640139e-05 3.72181522e-05 3.71724606e-05 3.71269390e-05
 3.70815872e-05 3.70364049e-05 3.69913920e-05 3.69465482e-05
 3.69018733e-05 3.68573671e-05 3.68130295e-05 3.67688601e-05
 3.67248589e-05 3.66810256e-05 3.66373600e-05 3.65938619e-05
 3.65505311e-05 3.65073675e-05 3.64643707e-05 3.64215407e-05
 3.63788772e-05 3.63363800e-05 3.62940490e-05 3.62518839e-05
 3.62098845e-05 3.61680507e-05 3.61263823e-05 3.60848790e-05
 3.60435408e-05 3.60023673e-05 3.59613584e-05 3.59205139e-05
 3.58798337e-05 3.58393175e-05 3.57989652e-05 3.57587765e-05
 3.57187513e-05 3.56788895e-05 3.56391907e-05 3.55996549e-05
 3.55602819e-05 3.55210714e-05 3.54820234e-05 3.54431375e-05
 3.54044138e-05 3.53658518e-05 3.53274516e-05 3.52892129e-05
 3.52511355e-05 3.52132193e-05 3.51754641e-05 3.51378697e-05
 3.51004360e-05 3.50631627e-05 3.50260497e-05 3.49890969e-05
 3.49523041e-05 3.49156710e-05 3.48791976e-05 3.48428836e-05
 3.48067289e-05 3.47707334e-05 3.47348968e-05 3.46992191e-05
 3.46637000e-05 3.46283393e-05 3.45931370e-05 3.45580928e-05
 3.45232066e-05 3.44884783e-05 3.44539076e-05 3.44194944e-05
 3.43852386e-05 3.43511401e-05 3.43171985e-05 3.42834139e-05
 3.42497859e-05 3.42163146e-05 3.41829997e-05 3.41498411e-05
 3.41168386e-05 3.40839920e-05 3.40513013e-05 3.40187663e-05
 3.39863868e-05 3.39541627e-05 3.39220938e-05 3.38901800e-05
 3.38584211e-05 3.38268170e-05 3.37953676e-05 3.37640726e-05
 3.37329321e-05 3.37019457e-05 3.36711134e-05 3.36404351e-05
 3.36099105e-05 3.35795396e-05 3.35493223e-05 3.35192583e-05
 3.34893475e-05 3.34595898e-05 3.34299851e-05 3.34005333e-05
 3.33712341e-05 3.33420875e-05 3.33130933e-05 3.32842514e-05
 3.32555617e-05 3.32270240e-05 3.31986382e-05 3.31704042e-05
 3.31423218e-05 3.31143910e-05 3.30866115e-05 3.30589833e-05
 3.30315062e-05 3.30041801e-05 3.29770049e-05 3.29499805e-05
 3.29231067e-05 3.28963834e-05 3.28698105e-05 3.28433879e-05
 3.28171154e-05 3.27909929e-05 3.27650204e-05 3.27391976e-05
 3.27135245e-05 3.26880009e-05 3.26626268e-05 3.26374020e-05
 3.26123264e-05 3.25873999e-05 3.25626224e-05 3.25379937e-05
 3.25135138e-05 3.24891825e-05 3.24649997e-05 3.24409654e-05
 3.24170793e-05 3.23933415e-05 3.23697517e-05 3.23463099e-05
 3.23230160e-05 3.22998699e-05 3.22768714e-05 3.22540204e-05
 3.22313169e-05 3.22087608e-05 3.21863519e-05 3.21640901e-05
 3.21419754e-05 3.21200076e-05 3.20981866e-05 3.20765124e-05
 3.20549848e-05 3.20336038e-05 3.20123691e-05 3.19912809e-05
 3.19703388e-05 3.19495430e-05 3.19288931e-05 3.19083893e-05
 3.18880313e-05 3.18678191e-05 3.18477525e-05 3.18278316e-05
 3.18080561e-05 3.17884261e-05 3.17689413e-05 3.17496018e-05
 3.17304075e-05 3.17113582e-05 3.16924538e-05 3.16736943e-05
 3.16550797e-05 3.16366097e-05 3.16182843e-05 3.16001035e-05
 3.15820672e-05 3.15641752e-05 3.15464275e-05 3.15288240e-05
 3.15113647e-05 3.14940494e-05 3.14768780e-05 3.14598506e-05
 3.14429670e-05 3.14262271e-05 3.14096308e-05 3.13931782e-05
 3.13768690e-05 3.13607033e-05 3.13446810e-05 3.13288019e-05
 3.13130661e-05 3.12974733e-05 3.12820237e-05 3.12667171e-05
 3.12515534e-05 3.12365325e-05 3.12216544e-05 3.12069191e-05
 3.11923264e-05 3.11778763e-05 3.11635688e-05 3.11494037e-05
 3.11353809e-05 3.11215005e-05 3.11077624e-05 3.10941665e-05
 3.10807127e-05 3.10674010e-05 3.10542313e-05 3.10412036e-05
 3.10283177e-05 3.10155737e-05 3.10029715e-05 3.09905110e-05
 3.09781922e-05 3.09660150e-05 3.09539793e-05 3.09420851e-05
 3.09303324e-05 3.09187211e-05 3.09072510e-05 3.08959223e-05
 3.08847348e-05 3.08736885e-05 3.08627834e-05 3.08520193e-05
 3.08413962e-05 3.08309141e-05 3.08205730e-05 3.08103727e-05
 3.08003133e-05 3.07903947e-05 3.07806168e-05 3.07709796e-05
 3.07614831e-05 3.07521272e-05 3.07429119e-05 3.07338371e-05
 3.07249028e-05 3.07161090e-05 3.07074555e-05 3.06989425e-05
 3.06905697e-05 3.06823373e-05 3.06742451e-05 3.06662931e-05
 3.06584813e-05 3.06508097e-05 3.06432781e-05 3.06358867e-05
 3.06286352e-05 3.06215238e-05 3.06145524e-05 3.06077209e-05
 3.06010293e-05 3.05944776e-05 3.05880658e-05 3.05817938e-05
 3.05756615e-05 3.05696691e-05 3.05638163e-05 3.05581033e-05
 3.05525300e-05 3.05470963e-05 3.05418023e-05 3.05366479e-05
 3.05316331e-05 3.05267578e-05 3.05220221e-05 3.05174259e-05
 3.05129692e-05 3.05086520e-05 3.05044742e-05 3.05004359e-05
 3.04965370e-05 3.04927775e-05 3.04891574e-05 3.04856766e-05
 3.04823353e-05 3.04791332e-05 3.04760705e-05 3.04731471e-05
 3.04703630e-05 3.04677181e-05 3.04652126e-05 3.04628463e-05
 3.04606192e-05 3.04585314e-05 3.04565829e-05 3.04547735e-05
 3.04531034e-05 3.04515724e-05 3.04501807e-05 3.04489282e-05
 3.04478148e-05 3.04468406e-05 3.04460056e-05 3.04453098e-05
 3.04447531e-05 3.04443356e-05 3.04440573e-05 3.04439181e-05
 3.04439181e-05 3.04440573e-05 3.04443356e-05 3.04447531e-05
 3.04453098e-05 3.04460056e-05 3.04468406e-05 3.04478148e-05
 3.04489282e-05 3.04501807e-05 3.04515724e-05 3.04531034e-05
 3.04547735e-05 3.04565829e-05 3.04585314e-05 3.04606192e-05
 3.04628463e-05 3.04652126e-05 3.04677181e-05 3.04703630e-05
 3.04731471e-05 3.04760705e-05 3.04791332e-05 3.04823353e-05
 3.04856766e-05 3.04891574e-05 3.04927775e-05 3.04965370e-05
 3.05004359e-05 3.05044742e-05 3.05086520e-05 3.05129692e-05
 3.05174259e-05 3.05220221e-05 3.05267578e-05 3.05316331e-05
 3.05366479e-05 3.05418023e-05 3.05470963e-05 3.05525300e-05
 3.05581033e-05 3.05638163e-05 3.05696691e-05 3.05756615e-05
 3.05817938e-05 3.05880658e-05 3.05944776e-05 3.06010293e-05
 3.06077209e-05 3.06145524e-05 3.06215238e-05 3.06286352e-05
 3.06358867e-05 3.06432781e-05 3.06508097e-05 3.06584813e-05
 3.06662931e-05 3.06742451e-05 3.06823373e-05 3.06905697e-05
 3.06989425e-05 3.07074555e-05 3.07161090e-05 3.07249028e-05
 3.07338371e-05 3.07429119e-05 3.07521272e-05 3.07614831e-05
 3.07709796e-05 3.07806168e-05 3.07903947e-05 3.08003133e-05
 3.08103727e-05 3.08205730e-05 3.08309141e-05 3.08413962e-05
 3.08520193e-05 3.08627834e-05 3.08736885e-05 3.08847348e-05
 3.08959223e-05 3.09072510e-05 3.09187211e-05 3.09303324e-05
 3.09420851e-05 3.09539793e-05 3.09660150e-05 3.09781922e-05
 3.09905110e-05 3.10029715e-05 3.10155737e-05 3.10283177e-05
 3.10412036e-05 3.10542313e-05 3.10674010e-05 3.10807127e-05
 3.10941665e-05 3.11077624e-05 3.11215005e-05 3.11353809e-05
 3.11494037e-05 3.11635688e-05 3.11778763e-05 3.11923264e-05
 3.12069191e-05 3.12216544e-05 3.12365325e-05 3.12515534e-05
 3.12667171e-05 3.12820237e-05 3.12974733e-05 3.13130661e-05
 3.13288019e-05 3.13446810e-05 3.13607033e-05 3.13768690e-05
 3.13931782e-05 3.14096308e-05 3.14262271e-05 3.14429670e-05
 3.14598506e-05 3.14768780e-05 3.14940494e-05 3.15113647e-05
 3.15288240e-05 3.15464275e-05 3.15641752e-05 3.15820672e-05
 3.16001035e-05 3.16182843e-05 3.16366097e-05 3.16550797e-05
 3.16736943e-05 3.16924538e-05 3.17113582e-05 3.17304075e-05
 3.17496018e-05 3.17689413e-05 3.17884261e-05 3.18080561e-05
 3.18278316e-05 3.18477525e-05 3.18678191e-05 3.18880313e-05
 3.19083893e-05 3.19288931e-05 3.19495430e-05 3.19703388e-05
 3.19912809e-05 3.20123691e-05 3.20336038e-05 3.20549848e-05
 3.20765124e-05 3.20981866e-05 3.21200076e-05 3.21419754e-05
 3.21640901e-05 3.21863519e-05 3.22087608e-05 3.22313169e-05
 3.22540204e-05 3.22768714e-05 3.22998699e-05 3.23230160e-05
 3.23463099e-05 3.23697517e-05 3.23933415e-05 3.24170793e-05
 3.24409654e-05 3.24649997e-05 3.24891825e-05 3.25135138e-05
 3.25379937e-05 3.25626224e-05 3.25873999e-05 3.26123264e-05
 3.26374020e-05 3.26626268e-05 3.26880009e-05 3.27135245e-05
 3.27391976e-05 3.27650204e-05 3.27909929e-05 3.28171154e-05
 3.28433879e-05 3.28698105e-05 3.28963834e-05 3.29231067e-05
 3.29499805e-05 3.29770049e-05 3.30041801e-05 3.30315062e-05
 3.30589833e-05 3.30866115e-05 3.31143910e-05 3.31423218e-05
 3.31704042e-05 3.31986382e-05 3.32270240e-05 3.32555617e-05
 3.32842514e-05 3.33130933e-05 3.33420875e-05 3.33712341e-05
 3.34005333e-05 3.34299851e-05 3.34595898e-05 3.34893475e-05
 3.35192583e-05 3.35493223e-05 3.35795396e-05 3.36099105e-05
 3.36404351e-05 3.36711134e-05 3.37019457e-05 3.37329321e-05
 3.37640726e-05 3.37953676e-05 3.38268170e-05 3.38584211e-05
 3.38901800e-05 3.39220938e-05 3.39541627e-05 3.39863868e-05
 3.40187663e-05 3.40513013e-05 3.40839920e-05 3.41168386e-05
 3.41498411e-05 3.41829997e-05 3.42163146e-05 3.42497859e-05
 3.42834139e-05 3.43171985e-05 3.43511401e-05 3.43852386e-05
 3.44194944e-05 3.44539076e-05 3.44884783e-05 3.45232066e-05
 3.45580928e-05 3.45931370e-05 3.46283393e-05 3.46637000e-05
 3.46992191e-05 3.47348968e-05 3.47707334e-05 3.48067289e-05
 3.48428836e-05 3.48791976e-05 3.49156710e-05 3.49523041e-05
 3.49890969e-05 3.50260497e-05 3.50631627e-05 3.51004360e-05
 3.51378697e-05 3.51754641e-05 3.52132193e-05 3.52511355e-05
 3.52892129e-05 3.53274516e-05 3.53658518e-05 3.54044138e-05
 3.54431375e-05 3.54820234e-05 3.55210714e-05 3.55602819e-05
 3.55996549e-05 3.56391907e-05 3.56788895e-05 3.57187513e-05
 3.57587765e-05 3.57989652e-05 3.58393175e-05 3.58798337e-05
 3.59205139e-05 3.59613584e-05 3.60023673e-05 3.60435408e-05
 3.60848790e-05 3.61263823e-05 3.61680507e-05 3.62098845e-05
 3.62518839e-05 3.62940490e-05 3.63363800e-05 3.63788772e-05
 3.64215407e-05 3.64643707e-05 3.65073675e-05 3.65505311e-05
 3.65938619e-05 3.66373600e-05 3.66810256e-05 3.67248589e-05
 3.67688601e-05 3.68130295e-05 3.68573671e-05 3.69018733e-05
 3.69465482e-05 3.69913920e-05 3.70364049e-05 3.70815872e-05
 3.71269390e-05 3.71724606e-05 3.72181522e-05 3.72640139e-05
 3.73100460e-05 3.73562486e-05 3.74026221e-05 3.74491666e-05
 3.74958823e-05 3.75427695e-05 3.75898283e-05 3.76370590e-05
 3.76844618e-05 3.77320369e-05 3.77797845e-05 3.78277048e-05
 3.78757981e-05 3.79240646e-05 3.79725044e-05 3.80211180e-05
 3.80699053e-05 3.81188667e-05 3.81680024e-05 3.82173126e-05
 3.82667976e-05 3.83164575e-05 3.83662927e-05 3.84163032e-05
 3.84664894e-05 3.85168515e-05 3.85673897e-05 3.86181043e-05
 3.86689954e-05 3.87200634e-05 3.87713083e-05 3.88227306e-05
 3.88743304e-05 3.89261079e-05 3.89780634e-05 3.90301971e-05
 3.90825093e-05 3.91350002e-05 3.91876701e-05 3.92405191e-05
 3.92935476e-05 3.93467557e-05 3.94001437e-05 3.94537119e-05
 3.95074605e-05 3.95613898e-05 3.96154999e-05 3.96697912e-05
 3.97242638e-05 3.97789182e-05 3.98337544e-05 3.98887727e-05
 3.99439734e-05 3.99993568e-05 4.00549231e-05 4.01106725e-05
 4.01666054e-05 4.02227219e-05 4.02790223e-05 4.03355069e-05
 4.03921759e-05 4.04490297e-05 4.05060684e-05 4.05632923e-05
 4.06207017e-05 4.06782968e-05 4.07360780e-05 4.07940454e-05
 4.08521994e-05 4.09105401e-05 4.09690679e-05 4.10277831e-05
 4.10866859e-05 4.11457765e-05 4.12050553e-05 4.12645225e-05
 4.13241784e-05 4.13840233e-05 4.14440574e-05 4.15042810e-05
 4.15646944e-05 4.16252979e-05 4.16860917e-05 4.17470761e-05
 4.18082514e-05 4.18696180e-05 4.19311759e-05 4.19929256e-05
 4.20548673e-05 4.21170014e-05 4.21793280e-05 4.22418475e-05
 4.23045602e-05 4.23674663e-05 4.24305662e-05 4.24938600e-05
 4.25573482e-05 4.26210310e-05 4.26849088e-05 4.27489816e-05
 4.28132500e-05 4.28777142e-05 4.29423744e-05 4.30072310e-05
 4.30722843e-05 4.31375345e-05 4.32029820e-05 4.32686271e-05
 4.33344700e-05 4.34005111e-05 4.34667507e-05 4.35331890e-05
 4.35998264e-05 4.36666631e-05 4.37336996e-05 4.38009361e-05
 4.38683728e-05 4.39360102e-05 4.40038484e-05 4.40718880e-05
 4.41401290e-05 4.42085719e-05 4.42772170e-05 4.43460645e-05
 4.44151148e-05 4.44843683e-05 4.45538251e-05 4.46234858e-05
 4.46933504e-05 4.47634195e-05 4.48336933e-05 4.49041721e-05
 4.49748562e-05 4.50457460e-05 4.51168419e-05 4.51881440e-05
 4.52596528e-05 4.53313685e-05 4.54032916e-05 4.54754223e-05
 4.55477610e-05 4.56203079e-05 4.56930635e-05 4.57660281e-05
 4.58392019e-05 4.59125854e-05 4.59861788e-05 4.60599825e-05
 4.61339969e-05 4.62082223e-05 4.62826589e-05 4.63573073e-05
 4.64321676e-05 4.65072402e-05 4.65825256e-05 4.66580240e-05
 4.67337358e-05 4.68096612e-05 4.68858008e-05 4.69621548e-05
 4.70387235e-05 4.71155074e-05 4.71925067e-05 4.72697219e-05
 4.73471532e-05 4.74248011e-05 4.75026658e-05 4.75807478e-05
 4.76590474e-05 4.77375649e-05 4.78163008e-05 4.78952553e-05
 4.79744289e-05 4.80538219e-05 4.81334347e-05 4.82132675e-05
 4.82933209e-05 4.83735951e-05 4.84540906e-05 4.85348077e-05
 4.86157467e-05 4.86969081e-05 4.87782921e-05 4.88598993e-05
 4.89417299e-05 4.90237843e-05 4.91060630e-05 4.91885662e-05
 4.92712944e-05 4.93542479e-05 4.94374271e-05 4.95208325e-05]