[4.95112173e-05 4.94799954e-05 4.94488432e-05 4.94177606e-05
 4.93867477e-05 4.93558043e-05 4.93249305e-05 4.92941261e-05
 4.92633912e-05 4.92327257e-05 4.92021295e-05 4.91716026e-05
 4.91411450e-05 4.91107566e-05 4.90804374e-05 4.90501873e-05
 4.90200063e-05 4.89898944e-05 4.89598514e-05 4.89298775e-05
 4.88999724e-05 4.88701363e-05 4.88403690e-05 4.88106704e-05
 4.87810407e-05 4.87514796e-05 4.87219872e-05 4.86925635e-05
 4.86632083e-05 4.86339217e-05 4.86047036e-05 4.85755540e-05
 4.85464727e-05 4.85174599e-05 4.84885154e-05 4.84596392e-05
 4.84308313e-05 4.84020916e-05 4.83734200e-05 4.83448166e-05
 4.83162813e-05 4.82878141e-05 4.82594149e-05 4.82310837e-05
 4.82028204e-05 4.81746250e-05 4.81464974e-05 4.81184377e-05
 4.80904458e-05 4.80625216e-05 4.80346651e-05 4.80068762e-05
 4.79791550e-05 4.79515014e-05 4.79239153e-05 4.78963967e-05
 4.78689456e-05 4.78415619e-05 4.78142456e-05 4.77869967e-05
 4.77598150e-05 4.77327007e-05 4.77056536e-05 4.76786737e-05
 4.76517609e-05 4.76249153e-05 4.75981367e-05 4.75714252e-05
 4.75447807e-05 4.75182032e-05 4.74916926e-05 4.74652489e-05
 4.74388721e-05 4.74125620e-05 4.73863188e-05 4.73601423e-05
 4.73340326e-05 4.73079895e-05 4.72820130e-05 4.72561032e-05
 4.72302599e-05 4.72044831e-05 4.71787729e-05 4.71531291e-05
 4.71275517e-05 4.71020407e-05 4.70765960e-05 4.70512177e-05
 4.70259056e-05 4.70006598e-05 4.69754801e-05 4.69503667e-05
 4.69253194e-05 4.69003382e-05 4.68754230e-05 4.68505739e-05
 4.68257907e-05 4.68010736e-05 4.67764223e-05 4.67518369e-05
 4.67273174e-05 4.67028638e-05 4.66784759e-05 4.66541537e-05
 4.66298973e-05 4.66057065e-05 4.65815814e-05 4.65575219e-05
 4.65335280e-05 4.65095997e-05 4.64857368e-05 4.64619394e-05
 4.64382075e-05 4.64145410e-05 4.63909399e-05 4.63674041e-05
 4.63439336e-05 4.63205284e-05 4.62971885e-05 4.62739138e-05
 4.62507042e-05 4.62275598e-05 4.62044805e-05 4.61814663e-05
 4.61585172e-05 4.61356331e-05 4.61128139e-05 4.60900597e-05
 4.60673704e-05 4.60447461e-05 4.60221865e-05 4.59996919e-05
 4.59772620e-05 4.59548968e-05 4.59325964e-05 4.59103607e-05
 4.58881897e-05 4.58660833e-05 4.58440415e-05 4.58220643e-05
 4.58001516e-05 4.57783034e-05 4.57565198e-05 4.57348006e-05
 4.57131458e-05 4.56915553e-05 4.56700293e-05 4.56485676e-05
 4.56271702e-05 4.56058370e-05 4.55845681e-05 4.55633634e-05
 4.55422229e-05 4.55211465e-05 4.55001343e-05 4.54791861e-05
 4.54583020e-05 4.54374820e-05 4.54167259e-05 4.53960338e-05
 4.53754057e-05 4.53548414e-05 4.53343411e-05 4.53139046e-05
 4.52935320e-05 4.52732231e-05 4.52529780e-05 4.52327967e-05
 4.52126790e-05 4.51926251e-05 4.51726348e-05 4.51527082e-05
 4.51328451e-05 4.51130456e-05 4.50933097e-05 4.50736373e-05
 4.50540284e-05 4.50344829e-05 4.50150009e-05 4.49955822e-05
 4.49762270e-05 4.49569351e-05 4.49377065e-05 4.49185413e-05
 4.48994393e-05 4.48804005e-05 4.48614250e-05 4.48425127e-05
 4.48236635e-05 4.48048775e-05 4.47861545e-05 4.47674947e-05
 4.47488979e-05 4.47303642e-05 4.47118934e-05 4.46934857e-05
 4.46751408e-05 4.46568590e-05 4.46386400e-05 4.46204839e-05
 4.46023906e-05 4.45843602e-05 4.45663926e-05 4.45484877e-05
 4.45306456e-05 4.45128663e-05 4.44951496e-05 4.44774956e-05
 4.44599043e-05 4.44423755e-05 4.44249094e-05 4.44075059e-05
 4.43901649e-05 4.43728864e-05 4.43556705e-05 4.43385170e-05
 4.43214259e-05 4.43043973e-05 4.42874311e-05 4.42705273e-05
 4.42536859e-05 4.42369068e-05 4.42201899e-05 4.42035354e-05
 4.41869432e-05 4.41704132e-05 4.41539454e-05 4.41375398e-05
 4.41211963e-05 4.41049150e-05 4.40886959e-05 4.40725388e-05
 4.40564438e-05 4.40404109e-05 4.40244400e-05 4.40085312e-05
 4.39926843e-05 4.39768994e-05 4.39611764e-05 4.39455153e-05
 4.39299162e-05 4.39143789e-05 4.38989035e-05 4.38834899e-05
 4.38681382e-05 4.38528482e-05 4.38376200e-05 4.38224535e-05
 4.38073488e-05 4.37923058e-05 4.37773244e-05 4.37624047e-05
 4.37475467e-05 4.37327503e-05 4.37180155e-05 4.37033423e-05
 4.36887306e-05 4.36741805e-05 4.36596918e-05 4.36452647e-05
 4.36308991e-05 4.36165949e-05 4.36023522e-05 4.35881708e-05
 4.35740509e-05 4.35599923e-05 4.35459952e-05 4.35320593e-05
 4.35181848e-05 4.35043715e-05 4.34906195e-05 4.34769288e-05
 4.34632994e-05 4.34497311e-05 4.34362241e-05 4.34227782e-05
 4.34093936e-05 4.33960700e-05 4.33828076e-05 4.33696063e-05
 4.33564660e-05 4.33433869e-05 4.33303688e-05 4.33174117e-05
 4.33045157e-05 4.32916806e-05 4.32789065e-05 4.32661934e-05
 4.32535413e-05 4.32409500e-05 4.32284197e-05 4.32159502e-05
 4.32035417e-05 4.31911939e-05 4.31789071e-05 4.31666810e-05
 4.31545157e-05 4.31424113e-05 4.31303676e-05 4.31183846e-05
 4.31064624e-05 4.30946009e-05 4.30828001e-05 4.30710600e-05
 4.30593806e-05 4.30477618e-05 4.30362036e-05 4.30247061e-05
 4.30132691e-05 4.30018928e-05 4.29905770e-05 4.29793218e-05
 4.29681271e-05 4.29569930e-05 4.29459193e-05 4.29349062e-05
 4.29239535e-05 4.29130613e-05 4.29022295e-05 4.28914582e-05
 4.28807472e-05 4.28700967e-05 4.28595066e-05 4.28489768e-05
 4.28385074e-05 4.28280983e-05 4.28177496e-05 4.28074611e-05
 4.27972330e-05 4.27870651e-05 4.27769575e-05 4.27669102e-05
 4.27569231e-05 4.27469962e-05 4.27371296e-05 4.27273231e-05
 4.27175769e-05 4.27078908e-05 4.26982648e-05 4.26886990e-05
 4.26791933e-05 4.26697478e-05 4.26603623e-05 4.26510370e-05
 4.26417717e-05 4.26325664e-05 4.26234213e-05 4.26143361e-05
 4.26053110e-05 4.25963459e-05 4.25874408e-05 4.25785957e-05
 4.25698106e-05 4.25610854e-05 4.25524202e-05 4.25438149e-05
 4.25352695e-05 4.25267841e-05 4.25183585e-05 4.25099929e-05
 4.25016871e-05 4.24934412e-05 4.24852551e-05 4.24771289e-05
 4.24690625e-05 4.24610560e-05 4.24531092e-05 4.24452223e-05
 4.24373951e-05 4.24296277e-05 4.24219201e-05 4.24142722e-05
 4.24066841e-05 4.23991557e-05 4.23916870e-05 4.23842780e-05
 4.23769288e-05 4.23696392e-05 4.23624093e-05 4.23552391e-05
 4.23481285e-05 4.23410776e-05 4.23340863e-05 4.23271547e-05
 4.23202827e-05 4.23134702e-05 4.23067174e-05 4.23000242e-05
 4.22933906e-05 4.22868165e-05 4.22803020e-05 4.22738471e-05
 4.22674517e-05 4.22611158e-05 4.22548394e-05 4.22486226e-05
 4.22424653e-05 4.22363675e-05 4.22303292e-05 4.22243504e-05
 4.22184310e-05 4.22125711e-05 4.22067707e-05 4.22010297e-05
 4.21953482e-05 4.21897260e-05 4.21841634e-05 4.21786601e-05
 4.21732163e-05 4.21678318e-05 4.21625068e-05 4.21572411e-05
 4.21520348e-05 4.21468879e-05 4.21418004e-05 4.21367722e-05
 4.21318034e-05 4.21268939e-05 4.21220438e-05 4.21172529e-05
 4.21125215e-05 4.21078493e-05 4.21032364e-05 4.20986829e-05
 4.20941886e-05 4.20897537e-05 4.20853780e-05 4.20810616e-05
 4.20768045e-05 4.20726066e-05 4.20684680e-05 4.20643887e-05
 4.20603686e-05 4.20564077e-05 4.20525061e-05 4.20486638e-05
 4.20448806e-05 4.20411567e-05 4.20374920e-05 4.20338865e-05
 4.20303402e-05 4.20268531e-05 4.20234252e-05 4.20200566e-05
 4.20167470e-05 4.20134967e-05 4.20103056e-05 4.20071736e-05
 4.20041008e-05 4.20010872e-05 4.19981327e-05 4.19952374e-05
 4.19924012e-05 4.19896242e-05 4.19869063e-05 4.19842476e-05
 4.19816480e-05 4.19791076e-05 4.19766262e-05 4.19742040e-05
 4.19718409e-05 4.19695370e-05 4.19672921e-05 4.19651064e-05
 4.19629798e-05 4.19609123e-05 4.19589039e-05 4.19569546e-05
 4.19550643e-05 4.19532332e-05 4.19514612e-05 4.19497483e-05
 4.19480944e-05 4.19464997e-05 4.19449640e-05 4.19434874e-05
 4.19420699e-05 4.19407115e-05 4.19394122e-05 4.19381719e-05
 4.19369907e-05 4.19358685e-05 4.19348055e-05 4.19338015e-05
 4.19328565e-05 4.19319707e-05 4.19311439e-05 4.19303761e-05
 4.19296674e-05 4.19290178e-05 4.19284272e-05 4.19278957e-05
 4.19274233e-05 4.19270099e-05 4.19266556e-05 4.19263603e-05
 4.19261241e-05 4.19259469e-05 4.19258288e-05 4.19257698e-05
 4.19257698e-05 4.19258288e-05 4.19259469e-05 4.19261241e-05
 4.19263603e-05 4.19266556e-05 4.19270099e-05 4.19274233e-05
 4.19278957e-05 4.19284272e-05 4.19290178e-05 4.19296674e-05
 4.19303761e-05 4.19311439e-05 4.19319707e-05 4.19328565e-05
 4.19338015e-05 4.19348055e-05 4.19358685e-05 4.19369907e-05
 4.19381719e-05 4.19394122e-05 4.19407115e-05 4.19420699e-05
 4.19434874e-05 4.19449640e-05 4.19464997e-05 4.19480944e-05
 4.19497483e-05 4.19514612e-05 4.19532332e-05 4.19550643e-05
 4.19569546e-05 4.19589039e-05 4.19609123e-05 4.19629798e-05
 4.19651064e-05 4.19672921e-05 4.19695370e-05 4.19718409e-05
 4.19742040e-05 4.19766262e-05 4.19791076e-05 4.19816480e-05
 4.19842476e-05 4.19869063e-05 4.19896242e-05 4.19924012e-05
 4.19952374e-05 4.19981327e-05 4.20010872e-05 4.20041008e-05
 4.20071736e-05 4.20103056e-05 4.20134967e-05 4.20167470e-05
 4.20200566e-05 4.20234252e-05 4.20268531e-05 4.20303402e-05
 4.20338865e-05 4.20374920e-05 4.20411567e-05 4.20448806e-05
 4.20486638e-05 4.20525061e-05 4.20564077e-05 4.20603686e-05
 4.20643887e-05 4.20684680e-05 4.20726066e-05 4.20768045e-05
 4.20810616e-05 4.20853780e-05 4.20897537e-05 4.20941886e-05
 4.20986829e-05 4.21032364e-05 4.21078493e-05 4.21125215e-05
 4.21172529e-05 4.21220438e-05 4.21268939e-05 4.21318034e-05
 4.21367722e-05 4.21418004e-05 4.21468879e-05 4.21520348e-05
 4.21572411e-05 4.21625068e-05 4.21678318e-05 4.21732163e-05
 4.21786601e-05 4.21841634e-05 4.21897260e-05 4.21953482e-05
 4.22010297e-05 4.22067707e-05 4.22125711e-05 4.22184310e-05
 4.22243504e-05 4.22303292e-05 4.22363675e-05 4.22424653e-05
 4.22486226e-05 4.22548394e-05 4.22611158e-05 4.22674517e-05
 4.22738471e-05 4.22803020e-05 4.22868165e-05 4.22933906e-05
 4.23000242e-05 4.23067174e-05 4.23134702e-05 4.23202827e-05
 4.23271547e-05 4.23340863e-05 4.23410776e-05 4.23481285e-05
 4.23552391e-05 4.23624093e-05 4.23696392e-05 4.23769288e-05
 4.23842780e-05 4.23916870e-05 4.23991557e-05 4.24066841e-05
 4.24142722e-05 4.24219201e-05 4.24296277e-05 4.24373951e-05
 4.24452223e-05 4.24531092e-05 4.24610560e-05 4.24690625e-05
 4.24771289e-05 4.24852551e-05 4.24934412e-05 4.25016871e-05
 4.25099929e-05 4.25183585e-05 4.25267841e-05 4.25352695e-05
 4.25438149e-05 4.25524202e-05 4.25610854e-05 4.25698106e-05
 4.25785957e-05 4.25874408e-05 4.25963459e-05 4.26053110e-05
 4.26143361e-05 4.26234213e-05 4.26325664e-05 4.26417717e-05
 4.26510370e-05 4.26603623e-05 4.26697478e-05 4.26791933e-05
 4.26886990e-05 4.26982648e-05 4.27078908e-05 4.27175769e-05
 4.27273231e-05 4.27371296e-05 4.27469962e-05 4.27569231e-05
 4.27669102e-05 4.27769575e-05 4.27870651e-05 4.27972330e-05
 4.28074611e-05 4.28177496e-05 4.28280983e-05 4.28385074e-05
 4.28489768e-05 4.28595066e-05 4.28700967e-05 4.28807472e-05
 4.28914582e-05 4.29022295e-05 4.29130613e-05 4.29239535e-05
 4.29349062e-05 4.29459193e-05 4.29569930e-05 4.29681271e-05
 4.29793218e-05 4.29905770e-05 4.30018928e-05 4.30132691e-05
 4.30247061e-05 4.30362036e-05 4.30477618e-05 4.30593806e-05
 4.30710600e-05 4.30828001e-05 4.30946009e-05 4.31064624e-05
 4.31183846e-05 4.31303676e-05 4.31424113e-05 4.31545157e-05
 4.31666810e-05 4.31789071e-05 4.31911939e-05 4.32035417e-05
 4.32159502e-05 4.32284197e-05 4.32409500e-05 4.32535413e-05
 4.32661934e-05 4.32789065e-05 4.32916806e-05 4.33045157e-05
 4.33174117e-05 4.33303688e-05 4.33433869e-05 4.33564660e-05
 4.33696063e-05 4.33828076e-05 4.33960700e-05 4.34093936e-05
 4.34227782e-05 4.34362241e-05 4.34497311e-05 4.34632994e-05
 4.34769288e-05 4.34906195e-05 4.35043715e-05 4.35181848e-05
 4.35320593e-05 4.35459952e-05 4.35599923e-05 4.35740509e-05
 4.35881708e-05 4.36023522e-05 4.36165949e-05 4.36308991e-05
 4.36452647e-05 4.36596918e-05 4.36741805e-05 4.36887306e-05
 4.37033423e-05 4.37180155e-05 4.37327503e-05 4.37475467e-05
 4.37624047e-05 4.37773244e-05 4.37923058e-05 4.38073488e-05
 4.38224535e-05 4.38376200e-05 4.38528482e-05 4.38681382e-05
 4.38834899e-05 4.38989035e-05 4.39143789e-05 4.39299162e-05
 4.39455153e-05 4.39611764e-05 4.39768994e-05 4.39926843e-05
 4.40085312e-05 4.40244400e-05 4.40404109e-05 4.40564438e-05
 4.40725388e-05 4.40886959e-05 4.41049150e-05 4.41211963e-05
 4.41375398e-05 4.41539454e-05 4.41704132e-05 4.41869432e-05
 4.42035354e-05 4.42201899e-05 4.42369068e-05 4.42536859e-05
 4.42705273e-05 4.42874311e-05 4.43043973e-05 4.43214259e-05
 4.43385170e-05 4.43556705e-05 4.43728864e-05 4.43901649e-05
 4.44075059e-05 4.44249094e-05 4.44423755e-05 4.44599043e-05
 4.44774956e-05 4.44951496e-05 4.45128663e-05 4.45306456e-05
 4.45484877e-05 4.45663926e-05 4.45843602e-05 4.46023906e-05
 4.46204839e-05 4.46386400e-05 4.46568590e-05 4.46751408e-05
 4.46934857e-05 4.47118934e-05 4.47303642e-05 4.47488979e-05
 4.47674947e-05 4.47861545e-05 4.48048775e-05 4.48236635e-05
 4.48425127e-05 4.48614250e-05 4.48804005e-05 4.48994393e-05
 4.49185413e-05 4.49377065e-05 4.49569351e-05 4.49762270e-05
 4.49955822e-05 4.50150009e-05 4.50344829e-05 4.50540284e-05
 4.50736373e-05 4.50933097e-05 4.51130456e-05 4.51328451e-05
 4.51527082e-05 4.51726348e-05 4.51926251e-05 4.52126790e-05
 4.52327967e-05 4.52529780e-05 4.52732231e-05 4.52935320e-05
 4.53139046e-05 4.53343411e-05 4.53548414e-05 4.53754057e-05
 4.53960338e-05 4.54167259e-05 4.54374820e-05 4.54583020e-05
 4.54791861e-05 4.55001343e-05 4.55211465e-05 4.55422229e-05
 4.55633634e-05 4.55845681e-05 4.56058370e-05 4.56271702e-05
 4.56485676e-05 4.56700293e-05 4.56915553e-05 4.57131458e-05
 4.57348006e-05 4.57565198e-05 4.57783034e-05 4.58001516e-05
 4.58220643e-05 4.58440415e-05 4.58660833e-05 4.58881897e-05
 4.59103607e-05 4.59325964e-05 4.59548968e-05 4.59772620e-05
 4.59996919e-05 4.60221865e-05 4.60447461e-05 4.60673704e-05
 4.60900597e-05 4.61128139e-05 4.61356331e-05 4.61585172e-05
 4.61814663e-05 4.62044805e-05 4.62275598e-05 4.62507042e-05
 4.62739138e-05 4.62971885e-05 4.63205284e-05 4.63439336e-05
 4.63674041e-05 4.63909399e-05 4.64145410e-05 4.64382075e-05
 4.64619394e-05 4.64857368e-05 4.65095997e-05 4.65335280e-05
 4.65575219e-05 4.65815814e-05 4.66057065e-05 4.66298973e-05
 4.66541537e-05 4.66784759e-05 4.67028638e-05 4.67273174e-05
 4.67518369e-05 4.67764223e-05 4.68010736e-05 4.68257907e-05
 4.68505739e-05 4.68754230e-05 4.69003382e-05 4.69253194e-05
 4.69503667e-05 4.69754801e-05 4.70006598e-05 4.70259056e-05
 4.70512177e-05 4.70765960e-05 4.71020407e-05 4.71275517e-05
 4.71531291e-05 4.71787729e-05 4.72044831e-05 4.72302599e-05
 4.72561032e-05 4.72820130e-05 4.73079895e-05 4.73340326e-05
 4.73601423e-05 4.73863188e-05 4.74125620e-05 4.74388721e-05
 4.74652489e-05 4.74916926e-05 4.75182032e-05 4.75447807e-05
 4.75714252e-05 4.75981367e-05 4.76249153e-05 4.76517609e-05
 4.76786737e-05 4.77056536e-05 4.77327007e-05 4.77598150e-05
 4.77869967e-05 4.78142456e-05 4.78415619e-05 4.78689456e-05
 4.78963967e-05 4.79239153e-05 4.79515014e-05 4.79791550e-05
 4.80068762e-05 4.80346651e-05 4.80625216e-05 4.80904458e-05
 4.81184377e-05 4.81464974e-05 4.81746250e-05 4.82028204e-05
 4.82310837e-05 4.82594149e-05 4.82878141e-05 4.83162813e-05
 4.83448166e-05 4.83734200e-05 4.84020916e-05 4.84308313e-05
 4.84596392e-05 4.84885154e-05 4.85174599e-05 4.85464727e-05
 4.85755540e-05 4.86047036e-05 4.86339217e-05 4.86632083e-05
 4.86925635e-05 4.87219872e-05 4.87514796e-05 4.87810407e-05
 4.88106704e-05 4.88403690e-05 4.88701363e-05 4.88999724e-05
 4.89298775e-05 4.89598514e-05 4.89898944e-05 4.90200063e-05
 4.90501873e-05 4.90804374e-05 4.91107566e-05 4.91411450e-05
 4.91716026e-05 4.92021295e-05 4.92327257e-05 4.92633912e-05
 4.92941261e-05 4.93249305e-05 4.93558043e-05 4.93867477e-05
 4.94177606e-05 4.94488432e-05 4.94799954e-05 4.95112173e-05]