[4.95603228e-05 4.94041504e-05 4.92485431e-05 4.90934992e-05
 4.89390170e-05 4.87850946e-05 4.86317302e-05 4.84789222e-05
 4.83266687e-05 4.81749680e-05 4.80238184e-05 4.78732182e-05
 4.77231656e-05 4.75736589e-05 4.74246963e-05 4.72762763e-05
 4.71283970e-05 4.69810568e-05 4.68342540e-05 4.66879869e-05
 4.65422538e-05 4.63970531e-05 4.62523831e-05 4.61082421e-05
 4.59646285e-05 4.58215407e-05 4.56789770e-05 4.55369357e-05
 4.53954153e-05 4.52544141e-05 4.51139305e-05 4.49739628e-05
 4.48345096e-05 4.46955692e-05 4.45571399e-05 4.44192203e-05
 4.42818086e-05 4.41449035e-05 4.40085032e-05 4.38726062e-05
 4.37372110e-05 4.36023160e-05 4.34679197e-05 4.33340205e-05
 4.32006169e-05 4.30677073e-05 4.29352903e-05 4.28033643e-05
 4.26719278e-05 4.25409793e-05 4.24105173e-05 4.22805403e-05
 4.21510468e-05 4.20220353e-05 4.18935044e-05 4.17654526e-05
 4.16378783e-05 4.15107802e-05 4.13841568e-05 4.12580067e-05
 4.11323283e-05 4.10071203e-05 4.08823812e-05 4.07581096e-05
 4.06343040e-05 4.05109631e-05 4.03880854e-05 4.02656696e-05
 4.01437141e-05 4.00222177e-05 3.99011789e-05 3.97805964e-05
 3.96604686e-05 3.95407944e-05 3.94215723e-05 3.93028009e-05
 3.91844789e-05 3.90666050e-05 3.89491777e-05 3.88321957e-05
 3.87156577e-05 3.85995623e-05 3.84839083e-05 3.83686943e-05
 3.82539189e-05 3.81395809e-05 3.80256790e-05 3.79122118e-05
 3.77991780e-05 3.76865764e-05 3.75744056e-05 3.74626644e-05
 3.73513515e-05 3.72404656e-05 3.71300054e-05 3.70199697e-05
 3.69103572e-05 3.68011667e-05 3.66923969e-05 3.65840465e-05
 3.64761144e-05 3.63685992e-05 3.62614998e-05 3.61548149e-05
 3.60485433e-05 3.59426838e-05 3.58372351e-05 3.57321961e-05
 3.56275655e-05 3.55233422e-05 3.54195250e-05 3.53161126e-05
 3.52131039e-05 3.51104977e-05 3.50082928e-05 3.49064881e-05
 3.48050824e-05 3.47040744e-05 3.46034632e-05 3.45032475e-05
 3.44034261e-05 3.43039980e-05 3.42049619e-05 3.41063168e-05
 3.40080615e-05 3.39101949e-05 3.38127158e-05 3.37156232e-05
 3.36189160e-05 3.35225929e-05 3.34266530e-05 3.33310951e-05
 3.32359182e-05 3.31411210e-05 3.30467027e-05 3.29526620e-05
 3.28589979e-05 3.27657093e-05 3.26727951e-05 3.25802544e-05
 3.24880859e-05 3.23962887e-05 3.23048618e-05 3.22138040e-05
 3.21231143e-05 3.20327917e-05 3.19428352e-05 3.18532436e-05
 3.17640161e-05 3.16751515e-05 3.15866489e-05 3.14985072e-05
 3.14107254e-05 3.13233026e-05 3.12362376e-05 3.11495296e-05
 3.10631775e-05 3.09771803e-05 3.08915371e-05 3.08062468e-05
 3.07213086e-05 3.06367213e-05 3.05524841e-05 3.04685959e-05
 3.03850559e-05 3.03018631e-05 3.02190164e-05 3.01365150e-05
 3.00543579e-05 2.99725442e-05 2.98910729e-05 2.98099431e-05
 2.97291539e-05 2.96487043e-05 2.95685935e-05 2.94888204e-05
 2.94093842e-05 2.93302840e-05 2.92515189e-05 2.91730879e-05
 2.90949902e-05 2.90172249e-05 2.89397910e-05 2.88626878e-05
 2.87859142e-05 2.87094695e-05 2.86333528e-05 2.85575631e-05
 2.84820996e-05 2.84069615e-05 2.83321479e-05 2.82576578e-05
 2.81834906e-05 2.81096453e-05 2.80361211e-05 2.79629171e-05
 2.78900325e-05 2.78174664e-05 2.77452181e-05 2.76732867e-05
 2.76016713e-05 2.75303712e-05 2.74593856e-05 2.73887136e-05
 2.73183544e-05 2.72483072e-05 2.71785711e-05 2.71091456e-05
 2.70400296e-05 2.69712224e-05 2.69027233e-05 2.68345314e-05
 2.67666459e-05 2.66990662e-05 2.66317913e-05 2.65648206e-05
 2.64981533e-05 2.64317885e-05 2.63657256e-05 2.62999638e-05
 2.62345024e-05 2.61693405e-05 2.61044774e-05 2.60399125e-05
 2.59756449e-05 2.59116739e-05 2.58479988e-05 2.57846188e-05
 2.57215333e-05 2.56587415e-05 2.55962427e-05 2.55340361e-05
 2.54721211e-05 2.54104969e-05 2.53491629e-05 2.52881183e-05
 2.52273624e-05 2.51668946e-05 2.51067141e-05 2.50468203e-05
 2.49872124e-05 2.49278899e-05 2.48688519e-05 2.48100979e-05
 2.47516271e-05 2.46934389e-05 2.46355327e-05 2.45779076e-05
 2.45205632e-05 2.44634987e-05 2.44067135e-05 2.43502070e-05
 2.42939784e-05 2.42380272e-05 2.41823526e-05 2.41269541e-05
 2.40718311e-05 2.40169828e-05 2.39624087e-05 2.39081081e-05
 2.38540805e-05 2.38003252e-05 2.37468415e-05 2.36936289e-05
 2.36406868e-05 2.35880145e-05 2.35356114e-05 2.34834770e-05
 2.34316107e-05 2.33800118e-05 2.33286798e-05 2.32776140e-05
 2.32268140e-05 2.31762790e-05 2.31260086e-05 2.30760021e-05
 2.30262590e-05 2.29767788e-05 2.29275607e-05 2.28786044e-05
 2.28299091e-05 2.27814744e-05 2.27332997e-05 2.26853845e-05
 2.26377282e-05 2.25903302e-05 2.25431900e-05 2.24963071e-05
 2.24496810e-05 2.24033110e-05 2.23571967e-05 2.23113375e-05
 2.22657330e-05 2.22203825e-05 2.21752857e-05 2.21304418e-05
 2.20858506e-05 2.20415113e-05 2.19974236e-05 2.19535868e-05
 2.19100006e-05 2.18666644e-05 2.18235778e-05 2.17807401e-05
 2.17381510e-05 2.16958099e-05 2.16537164e-05 2.16118700e-05
 2.15702701e-05 2.15289164e-05 2.14878083e-05 2.14469454e-05
 2.14063272e-05 2.13659532e-05 2.13258230e-05 2.12859362e-05
 2.12462921e-05 2.12068905e-05 2.11677309e-05 2.11288128e-05
 2.10901357e-05 2.10516992e-05 2.10135029e-05 2.09755463e-05
 2.09378291e-05 2.09003507e-05 2.08631108e-05 2.08261088e-05
 2.07893445e-05 2.07528173e-05 2.07165269e-05 2.06804728e-05
 2.06446546e-05 2.06090720e-05 2.05737244e-05 2.05386115e-05
 2.05037330e-05 2.04690883e-05 2.04346771e-05 2.04004990e-05
 2.03665536e-05 2.03328406e-05 2.02993595e-05 2.02661099e-05
 2.02330915e-05 2.02003039e-05 2.01677468e-05 2.01354196e-05
 2.01033221e-05 2.00714540e-05 2.00398148e-05 2.00084041e-05
 1.99772217e-05 1.99462671e-05 1.99155400e-05 1.98850401e-05
 1.98547670e-05 1.98247203e-05 1.97948998e-05 1.97653050e-05
 1.97359357e-05 1.97067914e-05 1.96778719e-05 1.96491768e-05
 1.96207059e-05 1.95924587e-05 1.95644349e-05 1.95366343e-05
 1.95090565e-05 1.94817012e-05 1.94545680e-05 1.94276567e-05
 1.94009670e-05 1.93744986e-05 1.93482510e-05 1.93222242e-05
 1.92964177e-05 1.92708312e-05 1.92454645e-05 1.92203173e-05
 1.91953892e-05 1.91706801e-05 1.91461896e-05 1.91219174e-05
 1.90978632e-05 1.90740268e-05 1.90504080e-05 1.90270064e-05
 1.90038217e-05 1.89808537e-05 1.89581022e-05 1.89355669e-05
 1.89132475e-05 1.88911437e-05 1.88692553e-05 1.88475822e-05
 1.88261239e-05 1.88048803e-05 1.87838511e-05 1.87630360e-05
 1.87424350e-05 1.87220476e-05 1.87018737e-05 1.86819130e-05
 1.86621654e-05 1.86426305e-05 1.86233082e-05 1.86041983e-05
 1.85853004e-05 1.85666145e-05 1.85481402e-05 1.85298775e-05
 1.85118260e-05 1.84939855e-05 1.84763559e-05 1.84589370e-05
 1.84417285e-05 1.84247303e-05 1.84079422e-05 1.83913639e-05
 1.83749953e-05 1.83588362e-05 1.83428864e-05 1.83271457e-05
 1.83116140e-05 1.82962910e-05 1.82811766e-05 1.82662707e-05
 1.82515730e-05 1.82370833e-05 1.82228016e-05 1.82087277e-05
 1.81948613e-05 1.81812023e-05 1.81677506e-05 1.81545061e-05
 1.81414685e-05 1.81286377e-05 1.81160136e-05 1.81035960e-05
 1.80913848e-05 1.80793798e-05 1.80675810e-05 1.80559881e-05
 1.80446010e-05 1.80334197e-05 1.80224439e-05 1.80116736e-05
 1.80011086e-05 1.79907488e-05 1.79805941e-05 1.79706444e-05
 1.79608996e-05 1.79513594e-05 1.79420240e-05 1.79328930e-05
 1.79239665e-05 1.79152443e-05 1.79067263e-05 1.78984125e-05
 1.78903027e-05 1.78823968e-05 1.78746947e-05 1.78671965e-05
 1.78599019e-05 1.78528108e-05 1.78459233e-05 1.78392393e-05
 1.78327585e-05 1.78264811e-05 1.78204068e-05 1.78145357e-05
 1.78088677e-05 1.78034027e-05 1.77981406e-05 1.77930814e-05
 1.77882250e-05 1.77835713e-05 1.77791204e-05 1.77748722e-05
 1.77708266e-05 1.77669835e-05 1.77633430e-05 1.77599049e-05
 1.77566693e-05 1.77536361e-05 1.77508052e-05 1.77481767e-05
 1.77457505e-05 1.77435266e-05 1.77415050e-05 1.77396855e-05
 1.77380683e-05 1.77366533e-05 1.77354405e-05 1.77344298e-05
 1.77336212e-05 1.77330149e-05 1.77326106e-05 1.77324085e-05
 1.77324085e-05 1.77326106e-05 1.77330149e-05 1.77336212e-05
 1.77344298e-05 1.77354405e-05 1.77366533e-05 1.77380683e-05
 1.77396855e-05 1.77415050e-05 1.77435266e-05 1.77457505e-05
 1.77481767e-05 1.77508052e-05 1.77536361e-05 1.77566693e-05
 1.77599049e-05 1.77633430e-05 1.77669835e-05 1.77708266e-05
 1.77748722e-05 1.77791204e-05 1.77835713e-05 1.77882250e-05
 1.77930814e-05 1.77981406e-05 1.78034027e-05 1.78088677e-05
 1.78145357e-05 1.78204068e-05 1.78264811e-05 1.78327585e-05
 1.78392393e-05 1.78459233e-05 1.78528108e-05 1.78599019e-05
 1.78671965e-05 1.78746947e-05 1.78823968e-05 1.78903027e-05
 1.78984125e-05 1.79067263e-05 1.79152443e-05 1.79239665e-05
 1.79328930e-05 1.79420240e-05 1.79513594e-05 1.79608996e-05
 1.79706444e-05 1.79805941e-05 1.79907488e-05 1.80011086e-05
 1.80116736e-05 1.80224439e-05 1.80334197e-05 1.80446010e-05
 1.80559881e-05 1.80675810e-05 1.80793798e-05 1.80913848e-05
 1.81035960e-05 1.81160136e-05 1.81286377e-05 1.81414685e-05
 1.81545061e-05 1.81677506e-05 1.81812023e-05 1.81948613e-05
 1.82087277e-05 1.82228016e-05 1.82370833e-05 1.82515730e-05
 1.82662707e-05 1.82811766e-05 1.82962910e-05 1.83116140e-05
 1.83271457e-05 1.83428864e-05 1.83588362e-05 1.83749953e-05
 1.83913639e-05 1.84079422e-05 1.84247303e-05 1.84417285e-05
 1.84589370e-05 1.84763559e-05 1.84939855e-05 1.85118260e-05
 1.85298775e-05 1.85481402e-05 1.85666145e-05 1.85853004e-05
 1.86041983e-05 1.86233082e-05 1.86426305e-05 1.86621654e-05
 1.86819130e-05 1.87018737e-05 1.87220476e-05 1.87424350e-05
 1.87630360e-05 1.87838511e-05 1.88048803e-05 1.88261239e-05
 1.88475822e-05 1.88692553e-05 1.88911437e-05 1.89132475e-05
 1.89355669e-05 1.89581022e-05 1.89808537e-05 1.90038217e-05
 1.90270064e-05 1.90504080e-05 1.90740268e-05 1.90978632e-05
 1.91219174e-05 1.91461896e-05 1.91706801e-05 1.91953892e-05
 1.92203173e-05 1.92454645e-05 1.92708312e-05 1.92964177e-05
 1.93222242e-05 1.93482510e-05 1.93744986e-05 1.94009670e-05
 1.94276567e-05 1.94545680e-05 1.94817012e-05 1.95090565e-05
 1.95366343e-05 1.95644349e-05 1.95924587e-05 1.96207059e-05
 1.96491768e-05 1.96778719e-05 1.97067914e-05 1.97359357e-05
 1.97653050e-05 1.97948998e-05 1.98247203e-05 1.98547670e-05
 1.98850401e-05 1.99155400e-05 1.99462671e-05 1.99772217e-05
 2.00084041e-05 2.00398148e-05 2.00714540e-05 2.01033221e-05
 2.01354196e-05 2.01677468e-05 2.02003039e-05 2.02330915e-05
 2.02661099e-05 2.02993595e-05 2.03328406e-05 2.03665536e-05
 2.04004990e-05 2.04346771e-05 2.04690883e-05 2.05037330e-05
 2.05386115e-05 2.05737244e-05 2.06090720e-05 2.06446546e-05
 2.06804728e-05 2.07165269e-05 2.07528173e-05 2.07893445e-05
 2.08261088e-05 2.08631108e-05 2.09003507e-05 2.09378291e-05
 2.09755463e-05 2.10135029e-05 2.10516992e-05 2.10901357e-05
 2.11288128e-05 2.11677309e-05 2.12068905e-05 2.12462921e-05
 2.12859362e-05 2.13258230e-05 2.13659532e-05 2.14063272e-05
 2.14469454e-05 2.14878083e-05 2.15289164e-05 2.15702701e-05
 2.16118700e-05 2.16537164e-05 2.16958099e-05 2.17381510e-05
 2.17807401e-05 2.18235778e-05 2.18666644e-05 2.19100006e-05
 2.19535868e-05 2.19974236e-05 2.20415113e-05 2.20858506e-05
 2.21304418e-05 2.21752857e-05 2.22203825e-05 2.22657330e-05
 2.23113375e-05 2.23571967e-05 2.24033110e-05 2.24496810e-05
 2.24963071e-05 2.25431900e-05 2.25903302e-05 2.26377282e-05
 2.26853845e-05 2.27332997e-05 2.27814744e-05 2.28299091e-05
 2.28786044e-05 2.29275607e-05 2.29767788e-05 2.30262590e-05
 2.30760021e-05 2.31260086e-05 2.31762790e-05 2.32268140e-05
 2.32776140e-05 2.33286798e-05 2.33800118e-05 2.34316107e-05
 2.34834770e-05 2.35356114e-05 2.35880145e-05 2.36406868e-05
 2.36936289e-05 2.37468415e-05 2.38003252e-05 2.38540805e-05
 2.39081081e-05 2.39624087e-05 2.40169828e-05 2.40718311e-05
 2.41269541e-05 2.41823526e-05 2.42380272e-05 2.42939784e-05
 2.43502070e-05 2.44067135e-05 2.44634987e-05 2.45205632e-05
 2.45779076e-05 2.46355327e-05 2.46934389e-05 2.47516271e-05
 2.48100979e-05 2.48688519e-05 2.49278899e-05 2.49872124e-05
 2.50468203e-05 2.51067141e-05 2.51668946e-05 2.52273624e-05
 2.52881183e-05 2.53491629e-05 2.54104969e-05 2.54721211e-05
 2.55340361e-05 2.55962427e-05 2.56587415e-05 2.57215333e-05
 2.57846188e-05 2.58479988e-05 2.59116739e-05 2.59756449e-05
 2.60399125e-05 2.61044774e-05 2.61693405e-05 2.62345024e-05
 2.62999638e-05 2.63657256e-05 2.64317885e-05 2.64981533e-05
 2.65648206e-05 2.66317913e-05 2.66990662e-05 2.67666459e-05
 2.68345314e-05 2.69027233e-05 2.69712224e-05 2.70400296e-05
 2.71091456e-05 2.71785711e-05 2.72483072e-05 2.73183544e-05
 2.73887136e-05 2.74593856e-05 2.75303712e-05 2.76016713e-05
 2.76732867e-05 2.77452181e-05 2.78174664e-05 2.78900325e-05
 2.79629171e-05 2.80361211e-05 2.81096453e-05 2.81834906e-05
 2.82576578e-05 2.83321479e-05 2.84069615e-05 2.84820996e-05
 2.85575631e-05 2.86333528e-05 2.87094695e-05 2.87859142e-05
 2.88626878e-05 2.89397910e-05 2.90172249e-05 2.90949902e-05
 2.91730879e-05 2.92515189e-05 2.93302840e-05 2.94093842e-05
 2.94888204e-05 2.95685935e-05 2.96487043e-05 2.97291539e-05
 2.98099431e-05 2.98910729e-05 2.99725442e-05 3.00543579e-05
 3.01365150e-05 3.02190164e-05 3.03018631e-05 3.03850559e-05
 3.04685959e-05 3.05524841e-05 3.06367213e-05 3.07213086e-05
 3.08062468e-05 3.08915371e-05 3.09771803e-05 3.10631775e-05
 3.11495296e-05 3.12362376e-05 3.13233026e-05 3.14107254e-05
 3.14985072e-05 3.15866489e-05 3.16751515e-05 3.17640161e-05
 3.18532436e-05 3.19428352e-05 3.20327917e-05 3.21231143e-05
 3.22138040e-05 3.23048618e-05 3.23962887e-05 3.24880859e-05
 3.25802544e-05 3.26727951e-05 3.27657093e-05 3.28589979e-05
 3.29526620e-05 3.30467027e-05 3.31411210e-05 3.32359182e-05
 3.33310951e-05 3.34266530e-05 3.35225929e-05 3.36189160e-05
 3.37156232e-05 3.38127158e-05 3.39101949e-05 3.40080615e-05
 3.41063168e-05 3.42049619e-05 3.43039980e-05 3.44034261e-05
 3.45032475e-05 3.46034632e-05 3.47040744e-05 3.48050824e-05
 3.49064881e-05 3.50082928e-05 3.51104977e-05 3.52131039e-05
 3.53161126e-05 3.54195250e-05 3.55233422e-05 3.56275655e-05
 3.57321961e-05 3.58372351e-05 3.59426838e-05 3.60485433e-05
 3.61548149e-05 3.62614998e-05 3.63685992e-05 3.64761144e-05
 3.65840465e-05 3.66923969e-05 3.68011667e-05 3.69103572e-05
 3.70199697e-05 3.71300054e-05 3.72404656e-05 3.73513515e-05
 3.74626644e-05 3.75744056e-05 3.76865764e-05 3.77991780e-05
 3.79122118e-05 3.80256790e-05 3.81395809e-05 3.82539189e-05
 3.83686943e-05 3.84839083e-05 3.85995623e-05 3.87156577e-05
 3.88321957e-05 3.89491777e-05 3.90666050e-05 3.91844789e-05
 3.93028009e-05 3.94215723e-05 3.95407944e-05 3.96604686e-05
 3.97805964e-05 3.99011789e-05 4.00222177e-05 4.01437141e-05
 4.02656696e-05 4.03880854e-05 4.05109631e-05 4.06343040e-05
 4.07581096e-05 4.08823812e-05 4.10071203e-05 4.11323283e-05
 4.12580067e-05 4.13841568e-05 4.15107802e-05 4.16378783e-05
 4.17654526e-05 4.18935044e-05 4.20220353e-05 4.21510468e-05
 4.22805403e-05 4.24105173e-05 4.25409793e-05 4.26719278e-05
 4.28033643e-05 4.29352903e-05 4.30677073e-05 4.32006169e-05
 4.33340205e-05 4.34679197e-05 4.36023160e-05 4.37372110e-05
 4.38726062e-05 4.40085032e-05 4.41449035e-05 4.42818086e-05
 4.44192203e-05 4.45571399e-05 4.46955692e-05 4.48345096e-05
 4.49739628e-05 4.51139305e-05 4.52544141e-05 4.53954153e-05
 4.55369357e-05 4.56789770e-05 4.58215407e-05 4.59646285e-05
 4.61082421e-05 4.62523831e-05 4.63970531e-05 4.65422538e-05
 4.66879869e-05 4.68342540e-05 4.69810568e-05 4.71283970e-05
 4.72762763e-05 4.74246963e-05 4.75736589e-05 4.77231656e-05
 4.78732182e-05 4.80238184e-05 4.81749680e-05 4.83266687e-05
 4.84789222e-05 4.86317302e-05 4.87850946e-05 4.89390170e-05
 4.90934992e-05 4.92485431e-05 4.94041504e-05 4.95603228e-05]