[4.95167973e-05 4.93444797e-05 4.91728276e-05 4.90018388e-05
 4.88315110e-05 4.86618419e-05 4.84928292e-05 4.83244706e-05
 4.81567638e-05 4.79897066e-05 4.78232967e-05 4.76575318e-05
 4.74924098e-05 4.73279283e-05 4.71640852e-05 4.70008782e-05
 4.68383051e-05 4.66763637e-05 4.65150519e-05 4.63543675e-05
 4.61943083e-05 4.60348720e-05 4.58760567e-05 4.57178600e-05
 4.55602800e-05 4.54033144e-05 4.52469611e-05 4.50912180e-05
 4.49360831e-05 4.47815541e-05 4.46276291e-05 4.44743059e-05
 4.43215825e-05 4.41694567e-05 4.40179267e-05 4.38669902e-05
 4.37166452e-05 4.35668898e-05 4.34177219e-05 4.32691395e-05
 4.31211405e-05 4.29737230e-05 4.28268850e-05 4.26806244e-05
 4.25349394e-05 4.23898279e-05 4.22452880e-05 4.21013177e-05
 4.19579151e-05 4.18150783e-05 4.16728052e-05 4.15310940e-05
 4.13899428e-05 4.12493497e-05 4.11093127e-05 4.09698300e-05
 4.08308996e-05 4.06925198e-05 4.05546886e-05 4.04174041e-05
 4.02806646e-05 4.01444681e-05 4.00088129e-05 3.98736970e-05
 3.97391187e-05 3.96050761e-05 3.94715674e-05 3.93385909e-05
 3.92061446e-05 3.90742270e-05 3.89428360e-05 3.88119700e-05
 3.86816273e-05 3.85518059e-05 3.84225043e-05 3.82937206e-05
 3.81654530e-05 3.80377000e-05 3.79104596e-05 3.77837303e-05
 3.76575103e-05 3.75317978e-05 3.74065913e-05 3.72818889e-05
 3.71576891e-05 3.70339900e-05 3.69107902e-05 3.67880878e-05
 3.66658813e-05 3.65441690e-05 3.64229491e-05 3.63022202e-05
 3.61819806e-05 3.60622286e-05 3.59429626e-05 3.58241810e-05
 3.57058822e-05 3.55880646e-05 3.54707266e-05 3.53538667e-05
 3.52374831e-05 3.51215745e-05 3.50061391e-05 3.48911755e-05
 3.47766821e-05 3.46626573e-05 3.45490996e-05 3.44360074e-05
 3.43233793e-05 3.42112137e-05 3.40995091e-05 3.39882639e-05
 3.38774768e-05 3.37671461e-05 3.36572704e-05 3.35478482e-05
 3.34388780e-05 3.33303583e-05 3.32222878e-05 3.31146648e-05
 3.30074880e-05 3.29007560e-05 3.27944672e-05 3.26886202e-05
 3.25832136e-05 3.24782461e-05 3.23737160e-05 3.22696221e-05
 3.21659630e-05 3.20627371e-05 3.19599433e-05 3.18575799e-05
 3.17556458e-05 3.16541394e-05 3.15530594e-05 3.14524045e-05
 3.13521732e-05 3.12523643e-05 3.11529764e-05 3.10540081e-05
 3.09554581e-05 3.08573251e-05 3.07596077e-05 3.06623046e-05
 3.05654145e-05 3.04689362e-05 3.03728682e-05 3.02772092e-05
 3.01819581e-05 3.00871135e-05 2.99926742e-05 2.98986387e-05
 2.98050060e-05 2.97117746e-05 2.96189434e-05 2.95265111e-05
 2.94344764e-05 2.93428382e-05 2.92515951e-05 2.91607459e-05
 2.90702894e-05 2.89802244e-05 2.88905497e-05 2.88012639e-05
 2.87123661e-05 2.86238548e-05 2.85357291e-05 2.84479875e-05
 2.83606290e-05 2.82736524e-05 2.81870565e-05 2.81008401e-05
 2.80150021e-05 2.79295413e-05 2.78444566e-05 2.77597467e-05
 2.76754106e-05 2.75914471e-05 2.75078551e-05 2.74246334e-05
 2.73417810e-05 2.72592967e-05 2.71771793e-05 2.70954278e-05
 2.70140411e-05 2.69330181e-05 2.68523576e-05 2.67720587e-05
 2.66921201e-05 2.66125408e-05 2.65333198e-05 2.64544559e-05
 2.63759482e-05 2.62977955e-05 2.62199968e-05 2.61425510e-05
 2.60654571e-05 2.59887140e-05 2.59123208e-05 2.58362763e-05
 2.57605796e-05 2.56852296e-05 2.56102253e-05 2.55355657e-05
 2.54612497e-05 2.53872765e-05 2.53136449e-05 2.52403540e-05
 2.51674027e-05 2.50947902e-05 2.50225154e-05 2.49505773e-05
 2.48789750e-05 2.48077075e-05 2.47367739e-05 2.46661731e-05
 2.45959042e-05 2.45259663e-05 2.44563585e-05 2.43870797e-05
 2.43181291e-05 2.42495057e-05 2.41812085e-05 2.41132368e-05
 2.40455895e-05 2.39782657e-05 2.39112645e-05 2.38445851e-05
 2.37782265e-05 2.37121877e-05 2.36464681e-05 2.35810665e-05
 2.35159822e-05 2.34512143e-05 2.33867618e-05 2.33226240e-05
 2.32587999e-05 2.31952888e-05 2.31320896e-05 2.30692017e-05
 2.30066240e-05 2.29443559e-05 2.28823964e-05 2.28207447e-05
 2.27594000e-05 2.26983614e-05 2.26376281e-05 2.25771993e-05
 2.25170742e-05 2.24572520e-05 2.23977318e-05 2.23385128e-05
 2.22795943e-05 2.22209755e-05 2.21626555e-05 2.21046336e-05
 2.20469090e-05 2.19894808e-05 2.19323484e-05 2.18755110e-05
 2.18189678e-05 2.17627179e-05 2.17067608e-05 2.16510955e-05
 2.15957214e-05 2.15406377e-05 2.14858437e-05 2.14313386e-05
 2.13771216e-05 2.13231921e-05 2.12695494e-05 2.12161926e-05
 2.11631211e-05 2.11103342e-05 2.10578311e-05 2.10056111e-05
 2.09536735e-05 2.09020177e-05 2.08506429e-05 2.07995484e-05
 2.07487336e-05 2.06981977e-05 2.06479401e-05 2.05979601e-05
 2.05482570e-05 2.04988301e-05 2.04496788e-05 2.04008024e-05
 2.03522003e-05 2.03038717e-05 2.02558161e-05 2.02080328e-05
 2.01605211e-05 2.01132804e-05 2.00663101e-05 2.00196095e-05
 1.99731780e-05 1.99270149e-05 1.98811197e-05 1.98354917e-05
 1.97901303e-05 1.97450349e-05 1.97002049e-05 1.96556397e-05
 1.96113386e-05 1.95673011e-05 1.95235266e-05 1.94800145e-05
 1.94367641e-05 1.93937750e-05 1.93510465e-05 1.93085781e-05
 1.92663691e-05 1.92244190e-05 1.91827273e-05 1.91412934e-05
 1.91001166e-05 1.90591966e-05 1.90185326e-05 1.89781242e-05
 1.89379708e-05 1.88980719e-05 1.88584269e-05 1.88190353e-05
 1.87798965e-05 1.87410101e-05 1.87023755e-05 1.86639921e-05
 1.86258596e-05 1.85879772e-05 1.85503446e-05 1.85129613e-05
 1.84758266e-05 1.84389402e-05 1.84023015e-05 1.83659100e-05
 1.83297652e-05 1.82938667e-05 1.82582140e-05 1.82228065e-05
 1.81876438e-05 1.81527255e-05 1.81180509e-05 1.80836198e-05
 1.80494316e-05 1.80154858e-05 1.79817820e-05 1.79483198e-05
 1.79150987e-05 1.78821181e-05 1.78493778e-05 1.78168772e-05
 1.77846160e-05 1.77525936e-05 1.77208096e-05 1.76892637e-05
 1.76579553e-05 1.76268841e-05 1.75960496e-05 1.75654515e-05
 1.75350892e-05 1.75049625e-05 1.74750708e-05 1.74454139e-05
 1.74159912e-05 1.73868024e-05 1.73578471e-05 1.73291249e-05
 1.73006354e-05 1.72723782e-05 1.72443530e-05 1.72165593e-05
 1.71889969e-05 1.71616652e-05 1.71345640e-05 1.71076929e-05
 1.70810515e-05 1.70546395e-05 1.70284564e-05 1.70025020e-05
 1.69767759e-05 1.69512778e-05 1.69260072e-05 1.69009640e-05
 1.68761476e-05 1.68515578e-05 1.68271943e-05 1.68030567e-05
 1.67791447e-05 1.67554580e-05 1.67319962e-05 1.67087591e-05
 1.66857463e-05 1.66629575e-05 1.66403924e-05 1.66180507e-05
 1.65959322e-05 1.65740364e-05 1.65523631e-05 1.65309120e-05
 1.65096828e-05 1.64886753e-05 1.64678891e-05 1.64473240e-05
 1.64269797e-05 1.64068559e-05 1.63869523e-05 1.63672687e-05
 1.63478048e-05 1.63285604e-05 1.63095351e-05 1.62907288e-05
 1.62721411e-05 1.62537719e-05 1.62356208e-05 1.62176876e-05
 1.61999722e-05 1.61824741e-05 1.61651933e-05 1.61481295e-05
 1.61312824e-05 1.61146518e-05 1.60982375e-05 1.60820393e-05
 1.60660569e-05 1.60502902e-05 1.60347389e-05 1.60194028e-05
 1.60042816e-05 1.59893753e-05 1.59746836e-05 1.59602063e-05
 1.59459432e-05 1.59318941e-05 1.59180588e-05 1.59044371e-05
 1.58910289e-05 1.58778340e-05 1.58648522e-05 1.58520832e-05
 1.58395270e-05 1.58271834e-05 1.58150522e-05 1.58031332e-05
 1.57914263e-05 1.57799313e-05 1.57686481e-05 1.57575765e-05
 1.57467163e-05 1.57360675e-05 1.57256298e-05 1.57154032e-05
 1.57053874e-05 1.56955825e-05 1.56859881e-05 1.56766042e-05
 1.56674307e-05 1.56584675e-05 1.56497143e-05 1.56411712e-05
 1.56328380e-05 1.56247145e-05 1.56168007e-05 1.56090965e-05
 1.56016017e-05 1.55943162e-05 1.55872401e-05 1.55803730e-05
 1.55737151e-05 1.55672661e-05 1.55610260e-05 1.55549947e-05
 1.55491722e-05 1.55435583e-05 1.55381529e-05 1.55329560e-05
 1.55279676e-05 1.55231875e-05 1.55186158e-05 1.55142522e-05
 1.55100968e-05 1.55061496e-05 1.55024104e-05 1.54988792e-05
 1.54955560e-05 1.54924407e-05 1.54895332e-05 1.54868336e-05
 1.54843418e-05 1.54820578e-05 1.54799815e-05 1.54781130e-05
 1.54764521e-05 1.54749988e-05 1.54737532e-05 1.54727153e-05
 1.54718849e-05 1.54712622e-05 1.54708470e-05 1.54706394e-05
 1.54706394e-05 1.54708470e-05 1.54712622e-05 1.54718849e-05
 1.54727153e-05 1.54737532e-05 1.54749988e-05 1.54764521e-05
 1.54781130e-05 1.54799815e-05 1.54820578e-05 1.54843418e-05
 1.54868336e-05 1.54895332e-05 1.54924407e-05 1.54955560e-05
 1.54988792e-05 1.55024104e-05 1.55061496e-05 1.55100968e-05
 1.55142522e-05 1.55186158e-05 1.55231875e-05 1.55279676e-05
 1.55329560e-05 1.55381529e-05 1.55435583e-05 1.55491722e-05
 1.55549947e-05 1.55610260e-05 1.55672661e-05 1.55737151e-05
 1.55803730e-05 1.55872401e-05 1.55943162e-05 1.56016017e-05
 1.56090965e-05 1.56168007e-05 1.56247145e-05 1.56328380e-05
 1.56411712e-05 1.56497143e-05 1.56584675e-05 1.56674307e-05
 1.56766042e-05 1.56859881e-05 1.56955825e-05 1.57053874e-05
 1.57154032e-05 1.57256298e-05 1.57360675e-05 1.57467163e-05
 1.57575765e-05 1.57686481e-05 1.57799313e-05 1.57914263e-05
 1.58031332e-05 1.58150522e-05 1.58271834e-05 1.58395270e-05
 1.58520832e-05 1.58648522e-05 1.58778340e-05 1.58910289e-05
 1.59044371e-05 1.59180588e-05 1.59318941e-05 1.59459432e-05
 1.59602063e-05 1.59746836e-05 1.59893753e-05 1.60042816e-05
 1.60194028e-05 1.60347389e-05 1.60502902e-05 1.60660569e-05
 1.60820393e-05 1.60982375e-05 1.61146518e-05 1.61312824e-05
 1.61481295e-05 1.61651933e-05 1.61824741e-05 1.61999722e-05
 1.62176876e-05 1.62356208e-05 1.62537719e-05 1.62721411e-05
 1.62907288e-05 1.63095351e-05 1.63285604e-05 1.63478048e-05
 1.63672687e-05 1.63869523e-05 1.64068559e-05 1.64269797e-05
 1.64473240e-05 1.64678891e-05 1.64886753e-05 1.65096828e-05
 1.65309120e-05 1.65523631e-05 1.65740364e-05 1.65959322e-05
 1.66180507e-05 1.66403924e-05 1.66629575e-05 1.66857463e-05
 1.67087591e-05 1.67319962e-05 1.67554580e-05 1.67791447e-05
 1.68030567e-05 1.68271943e-05 1.68515578e-05 1.68761476e-05
 1.69009640e-05 1.69260072e-05 1.69512778e-05 1.69767759e-05
 1.70025020e-05 1.70284564e-05 1.70546395e-05 1.70810515e-05
 1.71076929e-05 1.71345640e-05 1.71616652e-05 1.71889969e-05
 1.72165593e-05 1.72443530e-05 1.72723782e-05 1.73006354e-05
 1.73291249e-05 1.73578471e-05 1.73868024e-05 1.74159912e-05
 1.74454139e-05 1.74750708e-05 1.75049625e-05 1.75350892e-05
 1.75654515e-05 1.75960496e-05 1.76268841e-05 1.76579553e-05
 1.76892637e-05 1.77208096e-05 1.77525936e-05 1.77846160e-05
 1.78168772e-05 1.78493778e-05 1.78821181e-05 1.79150987e-05
 1.79483198e-05 1.79817820e-05 1.80154858e-05 1.80494316e-05
 1.80836198e-05 1.81180509e-05 1.81527255e-05 1.81876438e-05
 1.82228065e-05 1.82582140e-05 1.82938667e-05 1.83297652e-05
 1.83659100e-05 1.84023015e-05 1.84389402e-05 1.84758266e-05
 1.85129613e-05 1.85503446e-05 1.85879772e-05 1.86258596e-05
 1.86639921e-05 1.87023755e-05 1.87410101e-05 1.87798965e-05
 1.88190353e-05 1.88584269e-05 1.88980719e-05 1.89379708e-05
 1.89781242e-05 1.90185326e-05 1.90591966e-05 1.91001166e-05
 1.91412934e-05 1.91827273e-05 1.92244190e-05 1.92663691e-05
 1.93085781e-05 1.93510465e-05 1.93937750e-05 1.94367641e-05
 1.94800145e-05 1.95235266e-05 1.95673011e-05 1.96113386e-05
 1.96556397e-05 1.97002049e-05 1.97450349e-05 1.97901303e-05
 1.98354917e-05 1.98811197e-05 1.99270149e-05 1.99731780e-05
 2.00196095e-05 2.00663101e-05 2.01132804e-05 2.01605211e-05
 2.02080328e-05 2.02558161e-05 2.03038717e-05 2.03522003e-05
 2.04008024e-05 2.04496788e-05 2.04988301e-05 2.05482570e-05
 2.05979601e-05 2.06479401e-05 2.06981977e-05 2.07487336e-05
 2.07995484e-05 2.08506429e-05 2.09020177e-05 2.09536735e-05
 2.10056111e-05 2.10578311e-05 2.11103342e-05 2.11631211e-05
 2.12161926e-05 2.12695494e-05 2.13231921e-05 2.13771216e-05
 2.14313386e-05 2.14858437e-05 2.15406377e-05 2.15957214e-05
 2.16510955e-05 2.17067608e-05 2.17627179e-05 2.18189678e-05
 2.18755110e-05 2.19323484e-05 2.19894808e-05 2.20469090e-05
 2.21046336e-05 2.21626555e-05 2.22209755e-05 2.22795943e-05
 2.23385128e-05 2.23977318e-05 2.24572520e-05 2.25170742e-05
 2.25771993e-05 2.26376281e-05 2.26983614e-05 2.27594000e-05
 2.28207447e-05 2.28823964e-05 2.29443559e-05 2.30066240e-05
 2.30692017e-05 2.31320896e-05 2.31952888e-05 2.32587999e-05
 2.33226240e-05 2.33867618e-05 2.34512143e-05 2.35159822e-05
 2.35810665e-05 2.36464681e-05 2.37121877e-05 2.37782265e-05
 2.38445851e-05 2.39112645e-05 2.39782657e-05 2.40455895e-05
 2.41132368e-05 2.41812085e-05 2.42495057e-05 2.43181291e-05
 2.43870797e-05 2.44563585e-05 2.45259663e-05 2.45959042e-05
 2.46661731e-05 2.47367739e-05 2.48077075e-05 2.48789750e-05
 2.49505773e-05 2.50225154e-05 2.50947902e-05 2.51674027e-05
 2.52403540e-05 2.53136449e-05 2.53872765e-05 2.54612497e-05
 2.55355657e-05 2.56102253e-05 2.56852296e-05 2.57605796e-05
 2.58362763e-05 2.59123208e-05 2.59887140e-05 2.60654571e-05
 2.61425510e-05 2.62199968e-05 2.62977955e-05 2.63759482e-05
 2.64544559e-05 2.65333198e-05 2.66125408e-05 2.66921201e-05
 2.67720587e-05 2.68523576e-05 2.69330181e-05 2.70140411e-05
 2.70954278e-05 2.71771793e-05 2.72592967e-05 2.73417810e-05
 2.74246334e-05 2.75078551e-05 2.75914471e-05 2.76754106e-05
 2.77597467e-05 2.78444566e-05 2.79295413e-05 2.80150021e-05
 2.81008401e-05 2.81870565e-05 2.82736524e-05 2.83606290e-05
 2.84479875e-05 2.85357291e-05 2.86238548e-05 2.87123661e-05
 2.88012639e-05 2.88905497e-05 2.89802244e-05 2.90702894e-05
 2.91607459e-05 2.92515951e-05 2.93428382e-05 2.94344764e-05
 2.95265111e-05 2.96189434e-05 2.97117746e-05 2.98050060e-05
 2.98986387e-05 2.99926742e-05 3.00871135e-05 3.01819581e-05
 3.02772092e-05 3.03728682e-05 3.04689362e-05 3.05654145e-05
 3.06623046e-05 3.07596077e-05 3.08573251e-05 3.09554581e-05
 3.10540081e-05 3.11529764e-05 3.12523643e-05 3.13521732e-05
 3.14524045e-05 3.15530594e-05 3.16541394e-05 3.17556458e-05
 3.18575799e-05 3.19599433e-05 3.20627371e-05 3.21659630e-05
 3.22696221e-05 3.23737160e-05 3.24782461e-05 3.25832136e-05
 3.26886202e-05 3.27944672e-05 3.29007560e-05 3.30074880e-05
 3.31146648e-05 3.32222878e-05 3.33303583e-05 3.34388780e-05
 3.35478482e-05 3.36572704e-05 3.37671461e-05 3.38774768e-05
 3.39882639e-05 3.40995091e-05 3.42112137e-05 3.43233793e-05
 3.44360074e-05 3.45490996e-05 3.46626573e-05 3.47766821e-05
 3.48911755e-05 3.50061391e-05 3.51215745e-05 3.52374831e-05
 3.53538667e-05 3.54707266e-05 3.55880646e-05 3.57058822e-05
 3.58241810e-05 3.59429626e-05 3.60622286e-05 3.61819806e-05
 3.63022202e-05 3.64229491e-05 3.65441690e-05 3.66658813e-05
 3.67880878e-05 3.69107902e-05 3.70339900e-05 3.71576891e-05
 3.72818889e-05 3.74065913e-05 3.75317978e-05 3.76575103e-05
 3.77837303e-05 3.79104596e-05 3.80377000e-05 3.81654530e-05
 3.82937206e-05 3.84225043e-05 3.85518059e-05 3.86816273e-05
 3.88119700e-05 3.89428360e-05 3.90742270e-05 3.92061446e-05
 3.93385909e-05 3.94715674e-05 3.96050761e-05 3.97391187e-05
 3.98736970e-05 4.00088129e-05 4.01444681e-05 4.02806646e-05
 4.04174041e-05 4.05546886e-05 4.06925198e-05 4.08308996e-05
 4.09698300e-05 4.11093127e-05 4.12493497e-05 4.13899428e-05
 4.15310940e-05 4.16728052e-05 4.18150783e-05 4.19579151e-05
 4.21013177e-05 4.22452880e-05 4.23898279e-05 4.25349394e-05
 4.26806244e-05 4.28268850e-05 4.29737230e-05 4.31211405e-05
 4.32691395e-05 4.34177219e-05 4.35668898e-05 4.37166452e-05
 4.38669902e-05 4.40179267e-05 4.41694567e-05 4.43215825e-05
 4.44743059e-05 4.46276291e-05 4.47815541e-05 4.49360831e-05
 4.50912180e-05 4.52469611e-05 4.54033144e-05 4.55602800e-05
 4.57178600e-05 4.58760567e-05 4.60348720e-05 4.61943083e-05
 4.63543675e-05 4.65150519e-05 4.66763637e-05 4.68383051e-05
 4.70008782e-05 4.71640852e-05 4.73279283e-05 4.74924098e-05
 4.76575318e-05 4.78232967e-05 4.79897066e-05 4.81567638e-05
 4.83244706e-05 4.84928292e-05 4.86618419e-05 4.88315110e-05
 4.90018388e-05 4.91728276e-05 4.93444797e-05 4.95167973e-05]