[1.85341127e-05 1.84837459e-05 1.84335464e-05 1.83835136e-05
 1.83336471e-05 1.82839465e-05 1.82344113e-05 1.81850411e-05
 1.81358354e-05 1.80867938e-05 1.80379158e-05 1.79892010e-05
 1.79406490e-05 1.78922592e-05 1.78440313e-05 1.77959649e-05
 1.77480594e-05 1.77003145e-05 1.76527297e-05 1.76053047e-05
 1.75580389e-05 1.75109319e-05 1.74639833e-05 1.74171927e-05
 1.73705597e-05 1.73240838e-05 1.72777647e-05 1.72316018e-05
 1.71855948e-05 1.71397433e-05 1.70940468e-05 1.70485049e-05
 1.70031173e-05 1.69578835e-05 1.69128030e-05 1.68678756e-05
 1.68231007e-05 1.67784780e-05 1.67340071e-05 1.66896875e-05
 1.66455190e-05 1.66015009e-05 1.65576331e-05 1.65139150e-05
 1.64703463e-05 1.64269265e-05 1.63836554e-05 1.63405324e-05
 1.62975572e-05 1.62547295e-05 1.62120488e-05 1.61695147e-05
 1.61271268e-05 1.60848848e-05 1.60427883e-05 1.60008369e-05
 1.59590303e-05 1.59173679e-05 1.58758496e-05 1.58344748e-05
 1.57932432e-05 1.57521545e-05 1.57112082e-05 1.56704041e-05
 1.56297416e-05 1.55892205e-05 1.55488404e-05 1.55086010e-05
 1.54685018e-05 1.54285424e-05 1.53887226e-05 1.53490420e-05
 1.53095002e-05 1.52700969e-05 1.52308316e-05 1.51917041e-05
 1.51527140e-05 1.51138609e-05 1.50751445e-05 1.50365644e-05
 1.49981203e-05 1.49598119e-05 1.49216387e-05 1.48836004e-05
 1.48456968e-05 1.48079274e-05 1.47702919e-05 1.47327899e-05
 1.46954212e-05 1.46581854e-05 1.46210821e-05 1.45841111e-05
 1.45472719e-05 1.45105643e-05 1.44739878e-05 1.44375423e-05
 1.44012273e-05 1.43650425e-05 1.43289877e-05 1.42930623e-05
 1.42572663e-05 1.42215991e-05 1.41860605e-05 1.41506502e-05
 1.41153679e-05 1.40802132e-05 1.40451858e-05 1.40102853e-05
 1.39755116e-05 1.39408642e-05 1.39063429e-05 1.38719473e-05
 1.38376771e-05 1.38035321e-05 1.37695118e-05 1.37356160e-05
 1.37018444e-05 1.36681967e-05 1.36346726e-05 1.36012718e-05
 1.35679939e-05 1.35348387e-05 1.35018058e-05 1.34688950e-05
 1.34361060e-05 1.34034384e-05 1.33708921e-05 1.33384666e-05
 1.33061617e-05 1.32739771e-05 1.32419125e-05 1.32099676e-05
 1.31781421e-05 1.31464357e-05 1.31148482e-05 1.30833793e-05
 1.30520286e-05 1.30207960e-05 1.29896810e-05 1.29586834e-05
 1.29278030e-05 1.28970395e-05 1.28663926e-05 1.28358619e-05
 1.28054473e-05 1.27751484e-05 1.27449651e-05 1.27148969e-05
 1.26849436e-05 1.26551051e-05 1.26253809e-05 1.25957708e-05
 1.25662746e-05 1.25368920e-05 1.25076227e-05 1.24784664e-05
 1.24494229e-05 1.24204920e-05 1.23916733e-05 1.23629667e-05
 1.23343717e-05 1.23058883e-05 1.22775161e-05 1.22492549e-05
 1.22211043e-05 1.21930642e-05 1.21651344e-05 1.21373145e-05
 1.21096042e-05 1.20820035e-05 1.20545119e-05 1.20271292e-05
 1.19998553e-05 1.19726898e-05 1.19456325e-05 1.19186832e-05
 1.18918416e-05 1.18651075e-05 1.18384806e-05 1.18119607e-05
 1.17855475e-05 1.17592409e-05 1.17330405e-05 1.17069461e-05
 1.16809576e-05 1.16550746e-05 1.16292969e-05 1.16036243e-05
 1.15780566e-05 1.15525935e-05 1.15272349e-05 1.15019803e-05
 1.14768298e-05 1.14517829e-05 1.14268395e-05 1.14019994e-05
 1.13772623e-05 1.13526280e-05 1.13280963e-05 1.13036669e-05
 1.12793397e-05 1.12551144e-05 1.12309908e-05 1.12069687e-05
 1.11830479e-05 1.11592281e-05 1.11355091e-05 1.11118908e-05
 1.10883729e-05 1.10649551e-05 1.10416373e-05 1.10184193e-05
 1.09953009e-05 1.09722817e-05 1.09493618e-05 1.09265407e-05
 1.09038184e-05 1.08811946e-05 1.08586691e-05 1.08362417e-05
 1.08139122e-05 1.07916804e-05 1.07695461e-05 1.07475092e-05
 1.07255693e-05 1.07037263e-05 1.06819800e-05 1.06603302e-05
 1.06387767e-05 1.06173194e-05 1.05959579e-05 1.05746922e-05
 1.05535220e-05 1.05324472e-05 1.05114675e-05 1.04905828e-05
 1.04697928e-05 1.04490974e-05 1.04284964e-05 1.04079897e-05
 1.03875769e-05 1.03672580e-05 1.03470327e-05 1.03269009e-05
 1.03068624e-05 1.02869170e-05 1.02670645e-05 1.02473047e-05
 1.02276376e-05 1.02080628e-05 1.01885802e-05 1.01691896e-05
 1.01498909e-05 1.01306839e-05 1.01115684e-05 1.00925442e-05
 1.00736112e-05 1.00547692e-05 1.00360180e-05 1.00173574e-05
 9.99878737e-06 9.98030761e-06 9.96191800e-06 9.94361836e-06
 9.92540853e-06 9.90728835e-06 9.88925765e-06 9.87131627e-06
 9.85346405e-06 9.83570082e-06 9.81802642e-06 9.80044070e-06
 9.78294349e-06 9.76553464e-06 9.74821398e-06 9.73098136e-06
 9.71383663e-06 9.69677963e-06 9.67981020e-06 9.66292819e-06
 9.64613345e-06 9.62942582e-06 9.61280516e-06 9.59627131e-06
 9.57982412e-06 9.56346345e-06 9.54718914e-06 9.53100105e-06
 9.51489903e-06 9.49888293e-06 9.48295262e-06 9.46710794e-06
 9.45134876e-06 9.43567492e-06 9.42008629e-06 9.40458273e-06
 9.38916409e-06 9.37383024e-06 9.35858103e-06 9.34341633e-06
 9.32833600e-06 9.31333991e-06 9.29842791e-06 9.28359988e-06
 9.26885568e-06 9.25419517e-06 9.23961822e-06 9.22512470e-06
 9.21071449e-06 9.19638744e-06 9.18214342e-06 9.16798232e-06
 9.15390399e-06 9.13990832e-06 9.12599518e-06 9.11216443e-06
 9.09841596e-06 9.08474964e-06 9.07116535e-06 9.05766296e-06
 9.04424235e-06 9.03090339e-06 9.01764598e-06 9.00446998e-06
 8.99137528e-06 8.97836176e-06 8.96542930e-06 8.95257779e-06
 8.93980710e-06 8.92711713e-06 8.91450775e-06 8.90197886e-06
 8.88953033e-06 8.87716206e-06 8.86487394e-06 8.85266585e-06
 8.84053768e-06 8.82848932e-06 8.81652066e-06 8.80463160e-06
 8.79282203e-06 8.78109184e-06 8.76944092e-06 8.75786916e-06
 8.74637647e-06 8.73496274e-06 8.72362786e-06 8.71237174e-06
 8.70119426e-06 8.69009534e-06 8.67907486e-06 8.66813273e-06
 8.65726885e-06 8.64648312e-06 8.63577545e-06 8.62514573e-06
 8.61459387e-06 8.60411977e-06 8.59372335e-06 8.58340450e-06
 8.57316312e-06 8.56299914e-06 8.55291246e-06 8.54290297e-06
 8.53297061e-06 8.52311526e-06 8.51333685e-06 8.50363529e-06
 8.49401049e-06 8.48446235e-06 8.47499080e-06 8.46559575e-06
 8.45627711e-06 8.44703480e-06 8.43786874e-06 8.42877884e-06
 8.41976501e-06 8.41082719e-06 8.40196528e-06 8.39317921e-06
 8.38446890e-06 8.37583426e-06 8.36727522e-06 8.35879170e-06
 8.35038363e-06 8.34205093e-06 8.33379352e-06 8.32561133e-06
 8.31750429e-06 8.30947231e-06 8.30151534e-06 8.29363329e-06
 8.28582609e-06 8.27809368e-06 8.27043598e-06 8.26285292e-06
 8.25534444e-06 8.24791047e-06 8.24055094e-06 8.23326578e-06
 8.22605493e-06 8.21891831e-06 8.21185588e-06 8.20486756e-06
 8.19795329e-06 8.19111301e-06 8.18434665e-06 8.17765415e-06
 8.17103546e-06 8.16449051e-06 8.15801925e-06 8.15162161e-06
 8.14529753e-06 8.13904697e-06 8.13286986e-06 8.12676615e-06
 8.12073578e-06 8.11477869e-06 8.10889484e-06 8.10308417e-06
 8.09734663e-06 8.09168216e-06 8.08609071e-06 8.08057224e-06
 8.07512669e-06 8.06975401e-06 8.06445416e-06 8.05922709e-06
 8.05407274e-06 8.04899108e-06 8.04398205e-06 8.03904562e-06
 8.03418173e-06 8.02939035e-06 8.02467142e-06 8.02002491e-06
 8.01545078e-06 8.01094897e-06 8.00651946e-06 8.00216220e-06
 7.99787716e-06 7.99366428e-06 7.98952354e-06 7.98545490e-06
 7.98145832e-06 7.97753376e-06 7.97368120e-06 7.96990058e-06
 7.96619189e-06 7.96255508e-06 7.95899013e-06 7.95549700e-06
 7.95207565e-06 7.94872607e-06 7.94544821e-06 7.94224205e-06
 7.93910756e-06 7.93604471e-06 7.93305347e-06 7.93013382e-06
 7.92728572e-06 7.92450917e-06 7.92180411e-06 7.91917055e-06
 7.91660844e-06 7.91411777e-06 7.91169851e-06 7.90935065e-06
 7.90707415e-06 7.90486901e-06 7.90273520e-06 7.90067269e-06
 7.89868148e-06 7.89676155e-06 7.89491287e-06 7.89313543e-06
 7.89142921e-06 7.88979421e-06 7.88823039e-06 7.88673776e-06
 7.88531629e-06 7.88396598e-06 7.88268680e-06 7.88147875e-06
 7.88034183e-06 7.87927601e-06 7.87828129e-06 7.87735765e-06
 7.87650510e-06 7.87572362e-06 7.87501321e-06 7.87437386e-06
 7.87380556e-06 7.87330831e-06 7.87288210e-06 7.87252694e-06
 7.87224281e-06 7.87202972e-06 7.87188765e-06 7.87181662e-06
 7.87181662e-06 7.87188765e-06 7.87202972e-06 7.87224281e-06
 7.87252694e-06 7.87288210e-06 7.87330831e-06 7.87380556e-06
 7.87437386e-06 7.87501321e-06 7.87572362e-06 7.87650510e-06
 7.87735765e-06 7.87828129e-06 7.87927601e-06 7.88034183e-06
 7.88147875e-06 7.88268680e-06 7.88396598e-06 7.88531629e-06
 7.88673776e-06 7.88823039e-06 7.88979421e-06 7.89142921e-06
 7.89313543e-06 7.89491287e-06 7.89676155e-06 7.89868148e-06
 7.90067269e-06 7.90273520e-06 7.90486901e-06 7.90707415e-06
 7.90935065e-06 7.91169851e-06 7.91411777e-06 7.91660844e-06
 7.91917055e-06 7.92180411e-06 7.92450917e-06 7.92728572e-06
 7.93013382e-06 7.93305347e-06 7.93604471e-06 7.93910756e-06
 7.94224205e-06 7.94544821e-06 7.94872607e-06 7.95207565e-06
 7.95549700e-06 7.95899013e-06 7.96255508e-06 7.96619189e-06
 7.96990058e-06 7.97368120e-06 7.97753376e-06 7.98145832e-06
 7.98545490e-06 7.98952354e-06 7.99366428e-06 7.99787716e-06
 8.00216220e-06 8.00651946e-06 8.01094897e-06 8.01545078e-06
 8.02002491e-06 8.02467142e-06 8.02939035e-06 8.03418173e-06
 8.03904562e-06 8.04398205e-06 8.04899108e-06 8.05407274e-06
 8.05922709e-06 8.06445416e-06 8.06975401e-06 8.07512669e-06
 8.08057224e-06 8.08609071e-06 8.09168216e-06 8.09734663e-06
 8.10308417e-06 8.10889484e-06 8.11477869e-06 8.12073578e-06
 8.12676615e-06 8.13286986e-06 8.13904697e-06 8.14529753e-06
 8.15162161e-06 8.15801925e-06 8.16449051e-06 8.17103546e-06
 8.17765415e-06 8.18434665e-06 8.19111301e-06 8.19795329e-06
 8.20486756e-06 8.21185588e-06 8.21891831e-06 8.22605493e-06
 8.23326578e-06 8.24055094e-06 8.24791047e-06 8.25534444e-06
 8.26285292e-06 8.27043598e-06 8.27809368e-06 8.28582609e-06
 8.29363329e-06 8.30151534e-06 8.30947231e-06 8.31750429e-06
 8.32561133e-06 8.33379352e-06 8.34205093e-06 8.35038363e-06
 8.35879170e-06 8.36727522e-06 8.37583426e-06 8.38446890e-06
 8.39317921e-06 8.40196528e-06 8.41082719e-06 8.41976501e-06
 8.42877884e-06 8.43786874e-06 8.44703480e-06 8.45627711e-06
 8.46559575e-06 8.47499080e-06 8.48446235e-06 8.49401049e-06
 8.50363529e-06 8.51333685e-06 8.52311526e-06 8.53297061e-06
 8.54290297e-06 8.55291246e-06 8.56299914e-06 8.57316312e-06
 8.58340450e-06 8.59372335e-06 8.60411977e-06 8.61459387e-06
 8.62514573e-06 8.63577545e-06 8.64648312e-06 8.65726885e-06
 8.66813273e-06 8.67907486e-06 8.69009534e-06 8.70119426e-06
 8.71237174e-06 8.72362786e-06 8.73496274e-06 8.74637647e-06
 8.75786916e-06 8.76944092e-06 8.78109184e-06 8.79282203e-06
 8.80463160e-06 8.81652066e-06 8.82848932e-06 8.84053768e-06
 8.85266585e-06 8.86487394e-06 8.87716206e-06 8.88953033e-06
 8.90197886e-06 8.91450775e-06 8.92711713e-06 8.93980710e-06
 8.95257779e-06 8.96542930e-06 8.97836176e-06 8.99137528e-06
 9.00446998e-06 9.01764598e-06 9.03090339e-06 9.04424235e-06
 9.05766296e-06 9.07116535e-06 9.08474964e-06 9.09841596e-06
 9.11216443e-06 9.12599518e-06 9.13990832e-06 9.15390399e-06
 9.16798232e-06 9.18214342e-06 9.19638744e-06 9.21071449e-06
 9.22512470e-06 9.23961822e-06 9.25419517e-06 9.26885568e-06
 9.28359988e-06 9.29842791e-06 9.31333991e-06 9.32833600e-06
 9.34341633e-06 9.35858103e-06 9.37383024e-06 9.38916409e-06
 9.40458273e-06 9.42008629e-06 9.43567492e-06 9.45134876e-06
 9.46710794e-06 9.48295262e-06 9.49888293e-06 9.51489903e-06
 9.53100105e-06 9.54718914e-06 9.56346345e-06 9.57982412e-06
 9.59627131e-06 9.61280516e-06 9.62942582e-06 9.64613345e-06
 9.66292819e-06 9.67981020e-06 9.69677963e-06 9.71383663e-06
 9.73098136e-06 9.74821398e-06 9.76553464e-06 9.78294349e-06
 9.80044070e-06 9.81802642e-06 9.83570082e-06 9.85346405e-06
 9.87131627e-06 9.88925765e-06 9.90728835e-06 9.92540853e-06
 9.94361836e-06 9.96191800e-06 9.98030761e-06 9.99878737e-06
 1.00173574e-05 1.00360180e-05 1.00547692e-05 1.00736112e-05
 1.00925442e-05 1.01115684e-05 1.01306839e-05 1.01498909e-05
 1.01691896e-05 1.01885802e-05 1.02080628e-05 1.02276376e-05
 1.02473047e-05 1.02670645e-05 1.02869170e-05 1.03068624e-05
 1.03269009e-05 1.03470327e-05 1.03672580e-05 1.03875769e-05
 1.04079897e-05 1.04284964e-05 1.04490974e-05 1.04697928e-05
 1.04905828e-05 1.05114675e-05 1.05324472e-05 1.05535220e-05
 1.05746922e-05 1.05959579e-05 1.06173194e-05 1.06387767e-05
 1.06603302e-05 1.06819800e-05 1.07037263e-05 1.07255693e-05
 1.07475092e-05 1.07695461e-05 1.07916804e-05 1.08139122e-05
 1.08362417e-05 1.08586691e-05 1.08811946e-05 1.09038184e-05
 1.09265407e-05 1.09493618e-05 1.09722817e-05 1.09953009e-05
 1.10184193e-05 1.10416373e-05 1.10649551e-05 1.10883729e-05
 1.11118908e-05 1.11355091e-05 1.11592281e-05 1.11830479e-05
 1.12069687e-05 1.12309908e-05 1.12551144e-05 1.12793397e-05
 1.13036669e-05 1.13280963e-05 1.13526280e-05 1.13772623e-05
 1.14019994e-05 1.14268395e-05 1.14517829e-05 1.14768298e-05
 1.15019803e-05 1.15272349e-05 1.15525935e-05 1.15780566e-05
 1.16036243e-05 1.16292969e-05 1.16550746e-05 1.16809576e-05
 1.17069461e-05 1.17330405e-05 1.17592409e-05 1.17855475e-05
 1.18119607e-05 1.18384806e-05 1.18651075e-05 1.18918416e-05
 1.19186832e-05 1.19456325e-05 1.19726898e-05 1.19998553e-05
 1.20271292e-05 1.20545119e-05 1.20820035e-05 1.21096042e-05
 1.21373145e-05 1.21651344e-05 1.21930642e-05 1.22211043e-05
 1.22492549e-05 1.22775161e-05 1.23058883e-05 1.23343717e-05
 1.23629667e-05 1.23916733e-05 1.24204920e-05 1.24494229e-05
 1.24784664e-05 1.25076227e-05 1.25368920e-05 1.25662746e-05
 1.25957708e-05 1.26253809e-05 1.26551051e-05 1.26849436e-05
 1.27148969e-05 1.27449651e-05 1.27751484e-05 1.28054473e-05
 1.28358619e-05 1.28663926e-05 1.28970395e-05 1.29278030e-05
 1.29586834e-05 1.29896810e-05 1.30207960e-05 1.30520286e-05
 1.30833793e-05 1.31148482e-05 1.31464357e-05 1.31781421e-05
 1.32099676e-05 1.32419125e-05 1.32739771e-05 1.33061617e-05
 1.33384666e-05 1.33708921e-05 1.34034384e-05 1.34361060e-05
 1.34688950e-05 1.35018058e-05 1.35348387e-05 1.35679939e-05
 1.36012718e-05 1.36346726e-05 1.36681967e-05 1.37018444e-05
 1.37356160e-05 1.37695118e-05 1.38035321e-05 1.38376771e-05
 1.38719473e-05 1.39063429e-05 1.39408642e-05 1.39755116e-05
 1.40102853e-05 1.40451858e-05 1.40802132e-05 1.41153679e-05
 1.41506502e-05 1.41860605e-05 1.42215991e-05 1.42572663e-05
 1.42930623e-05 1.43289877e-05 1.43650425e-05 1.44012273e-05
 1.44375423e-05 1.44739878e-05 1.45105643e-05 1.45472719e-05
 1.45841111e-05 1.46210821e-05 1.46581854e-05 1.46954212e-05
 1.47327899e-05 1.47702919e-05 1.48079274e-05 1.48456968e-05
 1.48836004e-05 1.49216387e-05 1.49598119e-05 1.49981203e-05
 1.50365644e-05 1.50751445e-05 1.51138609e-05 1.51527140e-05
 1.51917041e-05 1.52308316e-05 1.52700969e-05 1.53095002e-05
 1.53490420e-05 1.53887226e-05 1.54285424e-05 1.54685018e-05
 1.55086010e-05 1.55488404e-05 1.55892205e-05 1.56297416e-05
 1.56704041e-05 1.57112082e-05 1.57521545e-05 1.57932432e-05
 1.58344748e-05 1.58758496e-05 1.59173679e-05 1.59590303e-05
 1.60008369e-05 1.60427883e-05 1.60848848e-05 1.61271268e-05
 1.61695147e-05 1.62120488e-05 1.62547295e-05 1.62975572e-05
 1.63405324e-05 1.63836554e-05 1.64269265e-05 1.64703463e-05
 1.65139150e-05 1.65576331e-05 1.66015009e-05 1.66455190e-05
 1.66896875e-05 1.67340071e-05 1.67784780e-05 1.68231007e-05
 1.68678756e-05 1.69128030e-05 1.69578835e-05 1.70031173e-05
 1.70485049e-05 1.70940468e-05 1.71397433e-05 1.71855948e-05
 1.72316018e-05 1.72777647e-05 1.73240838e-05 1.73705597e-05
 1.74171927e-05 1.74639833e-05 1.75109319e-05 1.75580389e-05
 1.76053047e-05 1.76527297e-05 1.77003145e-05 1.77480594e-05
 1.77959649e-05 1.78440313e-05 1.78922592e-05 1.79406490e-05
 1.79892010e-05 1.80379158e-05 1.80867938e-05 1.81358354e-05
 1.81850411e-05 1.82344113e-05 1.82839465e-05 1.83336471e-05
 1.83835136e-05 1.84335464e-05 1.84837459e-05 1.85341127e-05]