[1.86157595e-05 1.81391485e-05 1.76752704e-05 1.72237852e-05
 1.67843617e-05 1.63566778e-05 1.59404197e-05 1.55352823e-05
 1.51409684e-05 1.47571889e-05 1.43836623e-05 1.40201147e-05
 1.36662796e-05 1.33218974e-05 1.29867157e-05 1.26604886e-05
 1.23429768e-05 1.20339476e-05 1.17331744e-05 1.14404365e-05
 1.11555193e-05 1.08782139e-05 1.06083169e-05 1.03456304e-05
 1.00899617e-05 9.84112341e-06 9.59893302e-06 9.36321291e-06
 9.13379023e-06 8.91049675e-06 8.69316870e-06 8.48164673e-06
 8.27577573e-06 8.07540471e-06 7.88038674e-06 7.69057882e-06
 7.50584175e-06 7.32604007e-06 7.15104192e-06 6.98071896e-06
 6.81494631e-06 6.65360238e-06 6.49656888e-06 6.34373064e-06
 6.19497558e-06 6.05019462e-06 5.90928158e-06 5.77213314e-06
 5.63864871e-06 5.50873042e-06 5.38228299e-06 5.25921368e-06
 5.13943227e-06 5.02285090e-06 4.90938408e-06 4.79894861e-06
 4.69146350e-06 4.58684993e-06 4.48503119e-06 4.38593261e-06
 4.28948152e-06 4.19560719e-06 4.10424078e-06 4.01531528e-06
 3.92876550e-06 3.84452795e-06 3.76254087e-06 3.68274413e-06
 3.60507922e-06 3.52948918e-06 3.45591859e-06 3.38431348e-06
 3.31462136e-06 3.24679111e-06 3.18077299e-06 3.11651860e-06
 3.05398080e-06 2.99311375e-06 2.93387281e-06 2.87621453e-06
 2.82009663e-06 2.76547796e-06 2.71231847e-06 2.66057917e-06
 2.61022212e-06 2.56121040e-06 2.51350806e-06 2.46708012e-06
 2.42189254e-06 2.37791218e-06 2.33510678e-06 2.29344496e-06
 2.25289617e-06 2.21343066e-06 2.17501951e-06 2.13763453e-06
 2.10124832e-06 2.06583420e-06 2.03136619e-06 1.99781901e-06
 1.96516807e-06 1.93338943e-06 1.90245978e-06 1.87235643e-06
 1.84305731e-06 1.81454094e-06 1.78678641e-06 1.75977336e-06
 1.73348198e-06 1.70789300e-06 1.68298764e-06 1.65874765e-06
 1.63515524e-06 1.61219312e-06 1.58984446e-06 1.56809285e-06
 1.54692235e-06 1.52631744e-06 1.50626300e-06 1.48674433e-06
 1.46774712e-06 1.44925743e-06 1.43126171e-06 1.41374675e-06
 1.39669972e-06 1.38010811e-06 1.36395976e-06 1.34824283e-06
 1.33294578e-06 1.31805740e-06 1.30356678e-06 1.28946329e-06
 1.27573658e-06 1.26237658e-06 1.24937351e-06 1.23671783e-06
 1.22440025e-06 1.21241175e-06 1.20074353e-06 1.18938703e-06
 1.17833393e-06 1.16757612e-06 1.15710571e-06 1.14691503e-06
 1.13699659e-06 1.12734314e-06 1.11794759e-06 1.10880304e-06
 1.09990280e-06 1.09124033e-06 1.08280929e-06 1.07460349e-06
 1.06661691e-06 1.05884370e-06 1.05127815e-06 1.04391473e-06
 1.03674802e-06 1.02977278e-06 1.02298389e-06 1.01637637e-06
 1.00994537e-06 1.00368618e-06 9.97594207e-07 9.91664987e-07
 9.85894170e-07 9.80277525e-07 9.74810933e-07 9.69490385e-07
 9.64311979e-07 9.59271917e-07 9.54366505e-07 9.49592144e-07
 9.44945334e-07 9.40422666e-07 9.36020825e-07 9.31736582e-07
 9.27566795e-07 9.23508408e-07 9.19558443e-07 9.15714004e-07
 9.11972273e-07 9.08330504e-07 9.04786027e-07 9.01336244e-07
 8.97978625e-07 8.94710706e-07 8.91530093e-07 8.88434451e-07
 8.85421512e-07 8.82489066e-07 8.79634962e-07 8.76857108e-07
 8.74153466e-07 8.71522053e-07 8.68960941e-07 8.66468251e-07
 8.64042154e-07 8.61680873e-07 8.59382675e-07 8.57145875e-07
 8.54968832e-07 8.52849951e-07 8.50787678e-07 8.48780499e-07
 8.46826944e-07 8.44925579e-07 8.43075011e-07 8.41273881e-07
 8.39520871e-07 8.37814693e-07 8.36154097e-07 8.34537865e-07
 8.32964812e-07 8.31433784e-07 8.29943659e-07 8.28493343e-07
 8.27081774e-07 8.25707915e-07 8.24370761e-07 8.23069329e-07
 8.21802666e-07 8.20569843e-07 8.19369956e-07 8.18202124e-07
 8.17065492e-07 8.15959226e-07 8.14882515e-07 8.13834569e-07
 8.12814619e-07 8.11821918e-07 8.10855738e-07 8.09915370e-07
 8.09000125e-07 8.08109331e-07 8.07242335e-07 8.06398502e-07
 8.05577213e-07 8.04777864e-07 8.03999871e-07 8.03242663e-07
 8.02505684e-07 8.01788394e-07 8.01090267e-07 8.00410791e-07
 7.99749468e-07 7.99105812e-07 7.98479352e-07 7.97869629e-07
 7.97276194e-07 7.96698614e-07 7.96136464e-07 7.95589333e-07
 7.95056819e-07 7.94538531e-07 7.94034089e-07 7.93543125e-07
 7.75656646e-07 7.75656646e-07 7.75656646e-07 7.75656646e-07
 7.75656646e-07 7.75656646e-07 7.75656646e-07 7.75656646e-07
 7.75656646e-07 7.75656646e-07 7.75656646e-07 7.75656646e-07
 7.75656646e-07 7.75656646e-07 7.75656646e-07 7.75656646e-07
 7.75656646e-07 7.75656646e-07 7.75656646e-07 7.75656646e-07
 7.75656646e-07 7.75656646e-07 7.75656646e-07 7.75656646e-07
 7.75656646e-07 7.75656646e-07 7.75656646e-07 7.75656646e-07
 7.75656646e-07 7.75656646e-07 7.75656646e-07 7.75656646e-07
 7.75656646e-07 7.75656646e-07 7.75656646e-07 7.75656646e-07
 7.75656646e-07 7.75656646e-07 7.75656646e-07 7.75656646e-07
 7.75656646e-07 7.75656646e-07 7.75656646e-07 7.75656646e-07
 7.75656646e-07 7.75656646e-07 7.75656646e-07 7.75656646e-07
 7.75656646e-07 7.75656646e-07 7.75656646e-07 7.75656646e-07
 7.75656646e-07 7.75656646e-07 7.75656646e-07 7.75656646e-07
 7.75656646e-07 7.75656646e-07 7.75656646e-07 7.75656646e-07
 7.75656646e-07 7.75656646e-07 7.75656646e-07 7.75656646e-07
 7.75656646e-07 7.75656646e-07 7.75656646e-07 7.75656646e-07
 7.75656646e-07 7.75656646e-07 7.75656646e-07 7.75656646e-07
 7.75656646e-07 7.75656646e-07 7.75656646e-07 7.75656646e-07
 7.75656646e-07 7.75656646e-07 7.75656646e-07 7.75656646e-07
 7.75656646e-07 7.75656646e-07 7.75656646e-07 7.75656646e-07
 7.75656646e-07 7.75656646e-07 7.75656646e-07 7.75656646e-07
 7.75656646e-07 7.75656646e-07 7.75656646e-07 7.75656646e-07
 7.75656646e-07 7.75656646e-07 7.75656646e-07 7.75656646e-07
 7.75656646e-07 7.75656646e-07 7.75656646e-07 7.75656646e-07
 7.75656646e-07 7.75656646e-07 7.75656646e-07 7.75656646e-07
 7.75656646e-07 7.75656646e-07 7.75656646e-07 7.75656646e-07
 7.75656646e-07 7.75656646e-07 7.75656646e-07 7.75656646e-07
 7.75656646e-07 7.75656646e-07 7.75656646e-07 7.75656646e-07
 7.75656646e-07 7.75656646e-07 7.75656646e-07 7.75656646e-07
 7.75656646e-07 7.75656646e-07 7.75656646e-07 7.75656646e-07
 7.75656646e-07 7.75656646e-07 7.75656646e-07 7.75656646e-07
 7.75656646e-07 7.75656646e-07 7.75656646e-07 7.75656646e-07
 7.75656646e-07 7.75656646e-07 7.75656646e-07 7.75656646e-07
 7.75656646e-07 7.75656646e-07 7.75656646e-07 7.75656646e-07
 7.75656646e-07 7.75656646e-07 7.75656646e-07 7.75656646e-07
 7.75656646e-07 7.75656646e-07 7.75656646e-07 7.75656646e-07
 7.75656646e-07 7.75656646e-07 7.75656646e-07 7.75656646e-07
 7.75656646e-07 7.75656646e-07 7.75656646e-07 7.75656646e-07
 7.75656646e-07 7.75656646e-07 7.75656646e-07 7.75656646e-07
 7.75656646e-07 7.75656646e-07 7.75656646e-07 7.75656646e-07
 7.75656646e-07 7.75656646e-07 7.75656646e-07 7.75656646e-07
 7.75656646e-07 7.75656646e-07 7.75656646e-07 7.75656646e-07
 7.75656646e-07 7.75656646e-07 7.75656646e-07 7.75656646e-07
 7.75656646e-07 7.75656646e-07 7.75656646e-07 7.75656646e-07
 7.75656646e-07 7.75656646e-07 7.75656646e-07 7.75656646e-07
 7.75656646e-07 7.75656646e-07 7.75656646e-07 7.75656646e-07
 7.75656646e-07 7.75656646e-07 7.75656646e-07 7.75656646e-07
 7.75656646e-07 7.75656646e-07 7.75656646e-07 7.75656646e-07
 7.75656646e-07 7.75656646e-07 7.75656646e-07 7.75656646e-07
 7.75656646e-07 7.75656646e-07 7.75656646e-07 7.75656646e-07
 7.75656646e-07 7.75656646e-07 7.75656646e-07 7.75656646e-07
 7.75656646e-07 7.75656646e-07 7.75656646e-07 7.75656646e-07
 7.75656646e-07 7.75656646e-07 7.75656646e-07 7.75656646e-07
 7.75656646e-07 7.75656646e-07 7.75656646e-07 7.75656646e-07
 7.75656646e-07 7.75656646e-07 7.75656646e-07 7.75656646e-07
 7.75656646e-07 7.75656646e-07 7.75656646e-07 7.75656646e-07
 7.75656646e-07 7.75656646e-07 7.75656646e-07 7.75656646e-07
 7.75656646e-07 7.75656646e-07 7.75656646e-07 7.75656646e-07
 7.75656646e-07 7.75656646e-07 7.75656646e-07 7.75656646e-07
 7.75656646e-07 7.75656646e-07 7.75656646e-07 7.75656646e-07
 7.75656646e-07 7.75656646e-07 7.75656646e-07 7.75656646e-07
 7.75656646e-07 7.75656646e-07 7.75656646e-07 7.75656646e-07
 7.75656646e-07 7.75656646e-07 7.75656646e-07 7.75656646e-07
 7.75656646e-07 7.75656646e-07 7.75656646e-07 7.75656646e-07
 7.75656646e-07 7.75656646e-07 7.75656646e-07 7.75656646e-07
 7.75656646e-07 7.75656646e-07 7.75656646e-07 7.75656646e-07
 7.75656646e-07 7.75656646e-07 7.75656646e-07 7.75656646e-07
 7.75656646e-07 7.75656646e-07 7.75656646e-07 7.75656646e-07
 7.75656646e-07 7.75656646e-07 7.75656646e-07 7.75656646e-07
 7.75656646e-07 7.75656646e-07 7.75656646e-07 7.75656646e-07
 7.75656646e-07 7.75656646e-07 7.75656646e-07 7.75656646e-07
 7.75656646e-07 7.75656646e-07 7.75656646e-07 7.75656646e-07
 7.75656646e-07 7.75656646e-07 7.75656646e-07 7.75656646e-07
 7.75656646e-07 7.75656646e-07 7.75656646e-07 7.75656646e-07
 7.75656646e-07 7.75656646e-07 7.75656646e-07 7.75656646e-07
 7.75656646e-07 7.75656646e-07 7.75656646e-07 7.75656646e-07
 7.75656646e-07 7.75656646e-07 7.75656646e-07 7.75656646e-07
 7.75656646e-07 7.75656646e-07 7.75656646e-07 7.75656646e-07
 7.75656646e-07 7.75656646e-07 7.75656646e-07 7.75656646e-07
 7.75656646e-07 7.75656646e-07 7.75656646e-07 7.75656646e-07
 7.75656646e-07 7.75656646e-07 7.75656646e-07 7.75656646e-07
 7.75656646e-07 7.75656646e-07 7.75656646e-07 7.75656646e-07
 7.75656646e-07 7.75656646e-07 7.75656646e-07 7.75656646e-07
 7.75656646e-07 7.75656646e-07 7.75656646e-07 7.75656646e-07
 7.75656646e-07 7.75656646e-07 7.75656646e-07 7.75656646e-07
 7.75656646e-07 7.75656646e-07 7.75656646e-07 7.75656646e-07
 7.75656646e-07 7.75656646e-07 7.75656646e-07 7.75656646e-07
 7.75656646e-07 7.75656646e-07 7.75656646e-07 7.75656646e-07
 7.75656646e-07 7.75656646e-07 7.75656646e-07 7.75656646e-07
 7.75656646e-07 7.75656646e-07 7.75656646e-07 7.75656646e-07
 7.75656646e-07 7.75656646e-07 7.75656646e-07 7.75656646e-07
 7.75656646e-07 7.75656646e-07 7.75656646e-07 7.75656646e-07
 7.75656646e-07 7.75656646e-07 7.75656646e-07 7.75656646e-07
 7.75656646e-07 7.75656646e-07 7.75656646e-07 7.75656646e-07
 7.75656646e-07 7.75656646e-07 7.75656646e-07 7.75656646e-07
 7.75656646e-07 7.75656646e-07 7.75656646e-07 7.75656646e-07
 7.75656646e-07 7.75656646e-07 7.75656646e-07 7.75656646e-07
 7.75656646e-07 7.75656646e-07 7.75656646e-07 7.75656646e-07
 7.75656646e-07 7.75656646e-07 7.75656646e-07 7.75656646e-07
 7.75656646e-07 7.75656646e-07 7.75656646e-07 7.75656646e-07
 7.75656646e-07 7.75656646e-07 7.75656646e-07 7.75656646e-07
 7.75656646e-07 7.75656646e-07 7.75656646e-07 7.75656646e-07
 7.75656646e-07 7.75656646e-07 7.75656646e-07 7.75656646e-07
 7.75656646e-07 7.75656646e-07 7.75656646e-07 7.75656646e-07
 7.75656646e-07 7.75656646e-07 7.75656646e-07 7.75656646e-07
 7.75656646e-07 7.75656646e-07 7.75656646e-07 7.75656646e-07
 7.75656646e-07 7.75656646e-07 7.75656646e-07 7.75656646e-07
 7.75656646e-07 7.75656646e-07 7.75656646e-07 7.75656646e-07
 7.75656646e-07 7.75656646e-07 7.75656646e-07 7.75656646e-07
 7.75656646e-07 7.75656646e-07 7.75656646e-07 7.75656646e-07
 7.75656646e-07 7.75656646e-07 7.75656646e-07 7.75656646e-07
 7.75656646e-07 7.75656646e-07 7.75656646e-07 7.75656646e-07
 7.75656646e-07 7.75656646e-07 7.75656646e-07 7.75656646e-07
 7.75656646e-07 7.75656646e-07 7.75656646e-07 7.75656646e-07
 7.75656646e-07 7.75656646e-07 7.75656646e-07 7.75656646e-07
 7.75656646e-07 7.75656646e-07 7.75656646e-07 7.75656646e-07
 7.75656646e-07 7.75656646e-07 7.75656646e-07 7.75656646e-07
 7.75656646e-07 7.75656646e-07 7.75656646e-07 7.75656646e-07
 7.75656646e-07 7.75656646e-07 7.75656646e-07 7.75656646e-07
 7.75656646e-07 7.75656646e-07 7.75656646e-07 7.75656646e-07
 7.75656646e-07 7.75656646e-07 7.75656646e-07 7.75656646e-07
 7.75656646e-07 7.75656646e-07 7.75656646e-07 7.75656646e-07
 7.75656646e-07 7.75656646e-07 7.75656646e-07 7.75656646e-07
 7.75656646e-07 7.75656646e-07 7.75656646e-07 7.75656646e-07
 7.75656646e-07 7.75656646e-07 7.75656646e-07 7.75656646e-07
 7.75656646e-07 7.75656646e-07 7.75656646e-07 7.75656646e-07
 7.75656646e-07 7.75656646e-07 7.75656646e-07 7.75656646e-07
 7.75656646e-07 7.75656646e-07 7.75656646e-07 7.75656646e-07
 7.75656646e-07 7.75656646e-07 7.75656646e-07 7.75656646e-07
 7.75656646e-07 7.75656646e-07 7.75656646e-07 7.75656646e-07
 7.75656646e-07 7.75656646e-07 7.75656646e-07 7.75656646e-07
 7.75656646e-07 7.75656646e-07 7.75656646e-07 7.75656646e-07
 7.75656646e-07 7.75656646e-07 7.75656646e-07 7.75656646e-07
 7.75656646e-07 7.75656646e-07 7.75656646e-07 7.75656646e-07
 7.75656646e-07 7.75656646e-07 7.75656646e-07 7.75656646e-07
 7.75656646e-07 7.75656646e-07 7.75656646e-07 7.75656646e-07
 7.75656646e-07 7.75656646e-07 7.75656646e-07 7.75656646e-07
 7.75656646e-07 7.75656646e-07 7.75656646e-07 7.75656646e-07
 7.75656646e-07 7.75656646e-07 7.75656646e-07 7.75656646e-07
 7.75656646e-07 7.75656646e-07 7.75656646e-07 7.75656646e-07
 7.75656646e-07 7.75656646e-07 7.75656646e-07 7.75656646e-07
 7.75656646e-07 7.75656646e-07 7.75656646e-07 7.75656646e-07
 7.75656646e-07 7.75656646e-07 7.75656646e-07 7.75656646e-07
 7.75656646e-07 7.75656646e-07 7.75656646e-07 7.75656646e-07
 7.75656646e-07 7.75656646e-07 7.75656646e-07 7.75656646e-07
 7.75656646e-07 7.75656646e-07 7.75656646e-07 7.75656646e-07
 7.75656646e-07 7.75656646e-07 7.75656646e-07 7.75656646e-07
 7.75656646e-07 7.75656646e-07 7.75656646e-07 7.75656646e-07
 7.75656646e-07 7.75656646e-07 7.75656646e-07 7.75656646e-07
 7.75656646e-07 7.75656646e-07 7.75656646e-07 7.75656646e-07
 7.75656646e-07 7.75656646e-07 7.75656646e-07 7.75656646e-07
 7.75656646e-07 7.75656646e-07 7.75656646e-07 7.75656646e-07
 7.75656646e-07 7.75656646e-07 7.75656646e-07 7.75656646e-07
 7.75656646e-07 7.75656646e-07 7.75656646e-07 7.75656646e-07
 7.75656646e-07 7.75656646e-07 7.75656646e-07 7.75656646e-07
 7.75656646e-07 7.75656646e-07 7.75656646e-07 7.75656646e-07
 7.75656646e-07 7.75656646e-07 7.75656646e-07 7.75656646e-07
 7.75656646e-07 7.75656646e-07 7.75656646e-07 7.75656646e-07
 7.75656646e-07 7.75656646e-07 7.75656646e-07 7.75656646e-07
 7.75656646e-07 7.75656646e-07 7.75656646e-07 7.75656646e-07
 7.75656646e-07 7.75656646e-07 7.75656646e-07 7.75656646e-07
 7.75656646e-07 7.75656646e-07 7.75656646e-07 7.75656646e-07
 7.75656646e-07 7.75656646e-07 7.75656646e-07 7.75656646e-07
 7.75656646e-07 7.75656646e-07 7.75656646e-07 7.75656646e-07
 7.75656646e-07 7.75656646e-07 7.75656646e-07 7.75656646e-07
 7.75656646e-07 7.75656646e-07 7.75656646e-07 7.75656646e-07
 7.75656646e-07 7.75656646e-07 7.75656646e-07 7.75656646e-07
 7.75656646e-07 7.75656646e-07 7.75656646e-07 7.75656646e-07
 7.75656646e-07 7.75656646e-07 7.75656646e-07 7.75656646e-07
 7.75656646e-07 7.75656646e-07 7.75656646e-07 7.75656646e-07
 7.75656646e-07 7.75656646e-07 7.75656646e-07 7.75656646e-07
 7.75656646e-07 7.75656646e-07 7.75656646e-07 7.75656646e-07
 7.75656646e-07 7.75656646e-07 7.75656646e-07 7.75656646e-07
 7.75656646e-07 7.75656646e-07 7.75656646e-07 7.75656646e-07
 7.75656646e-07 7.75656646e-07 7.75656646e-07 7.75656646e-07
 7.75656646e-07 7.75656646e-07 7.75656646e-07 7.75656646e-07
 7.75656646e-07 7.75656646e-07 7.75656646e-07 7.75656646e-07
 7.75656646e-07 7.75656646e-07 7.75656646e-07 7.75656646e-07
 7.75656646e-07 7.75656646e-07 7.75656646e-07 7.75656646e-07
 7.75656646e-07 7.75656646e-07 7.75656646e-07 7.75656646e-07
 7.75656646e-07 7.75656646e-07 7.75656646e-07 7.75656646e-07
 7.75656646e-07 7.75656646e-07 7.75656646e-07 7.75656646e-07
 7.75656646e-07 7.75656646e-07 7.75656646e-07 7.75656646e-07
 7.75656646e-07 7.75656646e-07 7.75656646e-07 7.75656646e-07
 7.75656646e-07 7.75656646e-07 7.75656646e-07 7.75656646e-07]