[1.55131329e-05 1.51194176e-05 1.47362204e-05 1.43632605e-05
 1.40002643e-05 1.36469656e-05 1.33031054e-05 1.29684315e-05
 1.26426985e-05 1.23256675e-05 1.20171061e-05 1.17167880e-05
 1.14244929e-05 1.11400066e-05 1.08631204e-05 1.05936313e-05
 1.03313417e-05 1.00760592e-05 9.82759661e-06 9.58577178e-06
 9.35040736e-06 9.12133076e-06 8.89837400e-06 8.68137359e-06
 8.47017040e-06 8.26460955e-06 8.06454031e-06 7.86981597e-06
 7.68029374e-06 7.49583464e-06 7.31630341e-06 7.14156841e-06
 6.97150149e-06 6.80597796e-06 6.64487642e-06 6.48807876e-06
 6.33546998e-06 6.18693818e-06 6.04237445e-06 5.90167277e-06
 5.76472998e-06 5.63144564e-06 5.50172203e-06 5.37546402e-06
 5.25257902e-06 5.13297693e-06 5.01657003e-06 4.90327298e-06
 4.79300268e-06 4.68567828e-06 4.58122108e-06 4.47955448e-06
 4.38060393e-06 4.28429686e-06 4.19056267e-06 4.09933260e-06
 4.01053977e-06 3.92411907e-06 3.84000711e-06 3.75814223e-06
 3.67846438e-06 3.60091515e-06 3.52543767e-06 3.45197658e-06
 3.38047803e-06 3.31088958e-06 3.24316020e-06 3.17724023e-06
 3.11308133e-06 3.05063645e-06 2.98985979e-06 2.93070681e-06
 2.87313411e-06 2.81709947e-06 2.76256182e-06 2.70948115e-06
 2.65781855e-06 2.60753613e-06 2.55859701e-06 2.51096532e-06
 2.46460611e-06 2.41948541e-06 2.37557011e-06 2.33282803e-06
 2.29122781e-06 2.25073895e-06 2.21133176e-06 2.17297734e-06
 2.13564757e-06 2.09931507e-06 2.06395321e-06 2.02953605e-06
 1.99603835e-06 1.96343555e-06 1.93170374e-06 1.90081965e-06
 1.87076064e-06 1.84150467e-06 1.81303027e-06 1.78531658e-06
 1.75834326e-06 1.73209054e-06 1.70653917e-06 1.68167042e-06
 1.65746603e-06 1.63390828e-06 1.61097987e-06 1.58866400e-06
 1.56694431e-06 1.54580486e-06 1.52523016e-06 1.50520512e-06
 1.48571505e-06 1.46674566e-06 1.44828305e-06 1.43031367e-06
 1.41282434e-06 1.39580225e-06 1.37923490e-06 1.36311016e-06
 1.34741619e-06 1.33214149e-06 1.31727486e-06 1.30280540e-06
 1.28872249e-06 1.27501581e-06 1.26167530e-06 1.24869119e-06
 1.23605396e-06 1.22375433e-06 1.21178329e-06 1.20013206e-06
 1.18879209e-06 1.17775507e-06 1.16701291e-06 1.15655773e-06
 1.14638187e-06 1.13647785e-06 1.12683842e-06 1.11745651e-06
 1.10832525e-06 1.09943792e-06 1.09078802e-06 1.08236921e-06
 1.07417531e-06 1.06620031e-06 1.05843836e-06 1.05088378e-06
 1.04353102e-06 1.03637469e-06 1.02940954e-06 1.02263047e-06
 1.01603250e-06 1.00961080e-06 1.00336066e-06 9.97277488e-07
 9.91356832e-07 9.85594348e-07 9.79985810e-07 9.74527106e-07
 9.69214232e-07 9.64043293e-07 9.59010497e-07 9.54112154e-07
 9.49344670e-07 9.44704552e-07 9.40188395e-07 9.35792889e-07
 9.31514809e-07 9.27351020e-07 9.23298467e-07 9.19354179e-07
 9.15515264e-07 9.11778906e-07 9.08142366e-07 9.04602978e-07
 9.01158144e-07 8.97805341e-07 8.94542108e-07 8.91366054e-07
 8.88274848e-07 8.85266225e-07 8.82337978e-07 8.79487960e-07
 8.76714081e-07 8.74014307e-07 8.71386657e-07 8.68829207e-07
 8.66340079e-07 8.63917448e-07 8.61559539e-07 8.59264622e-07
 8.57031015e-07 8.54857079e-07 8.52741220e-07 8.50681886e-07
 8.48677569e-07 8.46726797e-07 8.44828140e-07 8.42980207e-07
 8.41181642e-07 8.39431125e-07 8.37727375e-07 8.36069140e-07
 8.34455206e-07 8.32884388e-07 8.31355535e-07 8.29867525e-07
 8.28419269e-07 8.27009703e-07 8.25637793e-07 8.24302535e-07
 8.23002948e-07 8.21738081e-07 8.20507004e-07 8.19308816e-07
 8.18142638e-07 8.17007615e-07 8.15902914e-07 8.14827725e-07
 8.13781261e-07 8.12762752e-07 8.11771454e-07 8.10806639e-07
 8.09867598e-07 8.08953645e-07 8.08064108e-07 8.07198335e-07
 8.06355692e-07 8.05535560e-07 8.04737338e-07 8.03960441e-07
 8.03204299e-07 8.02468357e-07 8.01752076e-07 8.01054931e-07
 8.00376410e-07 7.99716017e-07 7.99073265e-07 7.98447686e-07
 7.97838818e-07 7.97246217e-07 7.96669447e-07 7.96108086e-07
 7.95561722e-07 7.95029954e-07 7.94512392e-07 7.94008657e-07
 7.93518380e-07 7.93041200e-07 7.92576769e-07 7.92124745e-07
 7.91684797e-07 7.91256602e-07 7.90839847e-07 7.90434225e-07
 7.75656646e-07 7.75656646e-07 7.75656646e-07 7.75656646e-07
 7.75656646e-07 7.75656646e-07 7.75656646e-07 7.75656646e-07
 7.75656646e-07 7.75656646e-07 7.75656646e-07 7.75656646e-07
 7.75656646e-07 7.75656646e-07 7.75656646e-07 7.75656646e-07
 7.75656646e-07 7.75656646e-07 7.75656646e-07 7.75656646e-07
 7.75656646e-07 7.75656646e-07 7.75656646e-07 7.75656646e-07
 7.75656646e-07 7.75656646e-07 7.75656646e-07 7.75656646e-07
 7.75656646e-07 7.75656646e-07 7.75656646e-07 7.75656646e-07
 7.75656646e-07 7.75656646e-07 7.75656646e-07 7.75656646e-07
 7.75656646e-07 7.75656646e-07 7.75656646e-07 7.75656646e-07
 7.75656646e-07 7.75656646e-07 7.75656646e-07 7.75656646e-07
 7.75656646e-07 7.75656646e-07 7.75656646e-07 7.75656646e-07
 7.75656646e-07 7.75656646e-07 7.75656646e-07 7.75656646e-07
 7.75656646e-07 7.75656646e-07 7.75656646e-07 7.75656646e-07
 7.75656646e-07 7.75656646e-07 7.75656646e-07 7.75656646e-07
 7.75656646e-07 7.75656646e-07 7.75656646e-07 7.75656646e-07
 7.75656646e-07 7.75656646e-07 7.75656646e-07 7.75656646e-07
 7.75656646e-07 7.75656646e-07 7.75656646e-07 7.75656646e-07
 7.75656646e-07 7.75656646e-07 7.75656646e-07 7.75656646e-07
 7.75656646e-07 7.75656646e-07 7.75656646e-07 7.75656646e-07
 7.75656646e-07 7.75656646e-07 7.75656646e-07 7.75656646e-07
 7.75656646e-07 7.75656646e-07 7.75656646e-07 7.75656646e-07
 7.75656646e-07 7.75656646e-07 7.75656646e-07 7.75656646e-07
 7.75656646e-07 7.75656646e-07 7.75656646e-07 7.75656646e-07
 7.75656646e-07 7.75656646e-07 7.75656646e-07 7.75656646e-07
 7.75656646e-07 7.75656646e-07 7.75656646e-07 7.75656646e-07
 7.75656646e-07 7.75656646e-07 7.75656646e-07 7.75656646e-07
 7.75656646e-07 7.75656646e-07 7.75656646e-07 7.75656646e-07
 7.75656646e-07 7.75656646e-07 7.75656646e-07 7.75656646e-07
 7.75656646e-07 7.75656646e-07 7.75656646e-07 7.75656646e-07
 7.75656646e-07 7.75656646e-07 7.75656646e-07 7.75656646e-07
 7.75656646e-07 7.75656646e-07 7.75656646e-07 7.75656646e-07
 7.75656646e-07 7.75656646e-07 7.75656646e-07 7.75656646e-07
 7.75656646e-07 7.75656646e-07 7.75656646e-07 7.75656646e-07
 7.75656646e-07 7.75656646e-07 7.75656646e-07 7.75656646e-07
 7.75656646e-07 7.75656646e-07 7.75656646e-07 7.75656646e-07
 7.75656646e-07 7.75656646e-07 7.75656646e-07 7.75656646e-07
 7.75656646e-07 7.75656646e-07 7.75656646e-07 7.75656646e-07
 7.75656646e-07 7.75656646e-07 7.75656646e-07 7.75656646e-07
 7.75656646e-07 7.75656646e-07 7.75656646e-07 7.75656646e-07
 7.75656646e-07 7.75656646e-07 7.75656646e-07 7.75656646e-07
 7.75656646e-07 7.75656646e-07 7.75656646e-07 7.75656646e-07
 7.75656646e-07 7.75656646e-07 7.75656646e-07 7.75656646e-07
 7.75656646e-07 7.75656646e-07 7.75656646e-07 7.75656646e-07
 7.75656646e-07 7.75656646e-07 7.75656646e-07 7.75656646e-07
 7.75656646e-07 7.75656646e-07 7.75656646e-07 7.75656646e-07
 7.75656646e-07 7.75656646e-07 7.75656646e-07 7.75656646e-07
 7.75656646e-07 7.75656646e-07 7.75656646e-07 7.75656646e-07
 7.75656646e-07 7.75656646e-07 7.75656646e-07 7.75656646e-07
 7.75656646e-07 7.75656646e-07 7.75656646e-07 7.75656646e-07
 7.75656646e-07 7.75656646e-07 7.75656646e-07 7.75656646e-07
 7.75656646e-07 7.75656646e-07 7.75656646e-07 7.75656646e-07
 7.75656646e-07 7.75656646e-07 7.75656646e-07 7.75656646e-07
 7.75656646e-07 7.75656646e-07 7.75656646e-07 7.75656646e-07
 7.75656646e-07 7.75656646e-07 7.75656646e-07 7.75656646e-07
 7.75656646e-07 7.75656646e-07 7.75656646e-07 7.75656646e-07
 7.75656646e-07 7.75656646e-07 7.75656646e-07 7.75656646e-07
 7.75656646e-07 7.75656646e-07 7.75656646e-07 7.75656646e-07
 7.75656646e-07 7.75656646e-07 7.75656646e-07 7.75656646e-07
 7.75656646e-07 7.75656646e-07 7.75656646e-07 7.75656646e-07
 7.75656646e-07 7.75656646e-07 7.75656646e-07 7.75656646e-07
 7.75656646e-07 7.75656646e-07 7.75656646e-07 7.75656646e-07
 7.75656646e-07 7.75656646e-07 7.75656646e-07 7.75656646e-07
 7.75656646e-07 7.75656646e-07 7.75656646e-07 7.75656646e-07
 7.75656646e-07 7.75656646e-07 7.75656646e-07 7.75656646e-07
 7.75656646e-07 7.75656646e-07 7.75656646e-07 7.75656646e-07
 7.75656646e-07 7.75656646e-07 7.75656646e-07 7.75656646e-07
 7.75656646e-07 7.75656646e-07 7.75656646e-07 7.75656646e-07
 7.75656646e-07 7.75656646e-07 7.75656646e-07 7.75656646e-07
 7.75656646e-07 7.75656646e-07 7.75656646e-07 7.75656646e-07
 7.75656646e-07 7.75656646e-07 7.75656646e-07 7.75656646e-07
 7.75656646e-07 7.75656646e-07 7.75656646e-07 7.75656646e-07
 7.75656646e-07 7.75656646e-07 7.75656646e-07 7.75656646e-07
 7.75656646e-07 7.75656646e-07 7.75656646e-07 7.75656646e-07
 7.75656646e-07 7.75656646e-07 7.75656646e-07 7.75656646e-07
 7.75656646e-07 7.75656646e-07 7.75656646e-07 7.75656646e-07
 7.75656646e-07 7.75656646e-07 7.75656646e-07 7.75656646e-07
 7.75656646e-07 7.75656646e-07 7.75656646e-07 7.75656646e-07
 7.75656646e-07 7.75656646e-07 7.75656646e-07 7.75656646e-07
 7.75656646e-07 7.75656646e-07 7.75656646e-07 7.75656646e-07
 7.75656646e-07 7.75656646e-07 7.75656646e-07 7.75656646e-07
 7.75656646e-07 7.75656646e-07 7.75656646e-07 7.75656646e-07
 7.75656646e-07 7.75656646e-07 7.75656646e-07 7.75656646e-07
 7.75656646e-07 7.75656646e-07 7.75656646e-07 7.75656646e-07
 7.75656646e-07 7.75656646e-07 7.75656646e-07 7.75656646e-07
 7.75656646e-07 7.75656646e-07 7.75656646e-07 7.75656646e-07
 7.75656646e-07 7.75656646e-07 7.75656646e-07 7.75656646e-07
 7.75656646e-07 7.75656646e-07 7.75656646e-07 7.75656646e-07
 7.75656646e-07 7.75656646e-07 7.75656646e-07 7.75656646e-07
 7.75656646e-07 7.75656646e-07 7.75656646e-07 7.75656646e-07
 7.75656646e-07 7.75656646e-07 7.75656646e-07 7.75656646e-07
 7.75656646e-07 7.75656646e-07 7.75656646e-07 7.75656646e-07
 7.75656646e-07 7.75656646e-07 7.75656646e-07 7.75656646e-07
 7.75656646e-07 7.75656646e-07 7.75656646e-07 7.75656646e-07
 7.75656646e-07 7.75656646e-07 7.75656646e-07 7.75656646e-07
 7.75656646e-07 7.75656646e-07 7.75656646e-07 7.75656646e-07
 7.75656646e-07 7.75656646e-07 7.75656646e-07 7.75656646e-07
 7.75656646e-07 7.75656646e-07 7.75656646e-07 7.75656646e-07
 7.75656646e-07 7.75656646e-07 7.75656646e-07 7.75656646e-07
 7.75656646e-07 7.75656646e-07 7.75656646e-07 7.75656646e-07
 7.75656646e-07 7.75656646e-07 7.75656646e-07 7.75656646e-07
 7.75656646e-07 7.75656646e-07 7.75656646e-07 7.75656646e-07
 7.75656646e-07 7.75656646e-07 7.75656646e-07 7.75656646e-07
 7.75656646e-07 7.75656646e-07 7.75656646e-07 7.75656646e-07
 7.75656646e-07 7.75656646e-07 7.75656646e-07 7.75656646e-07
 7.75656646e-07 7.75656646e-07 7.75656646e-07 7.75656646e-07
 7.75656646e-07 7.75656646e-07 7.75656646e-07 7.75656646e-07
 7.75656646e-07 7.75656646e-07 7.75656646e-07 7.75656646e-07
 7.75656646e-07 7.75656646e-07 7.75656646e-07 7.75656646e-07
 7.75656646e-07 7.75656646e-07 7.75656646e-07 7.75656646e-07
 7.75656646e-07 7.75656646e-07 7.75656646e-07 7.75656646e-07
 7.75656646e-07 7.75656646e-07 7.75656646e-07 7.75656646e-07
 7.75656646e-07 7.75656646e-07 7.75656646e-07 7.75656646e-07
 7.75656646e-07 7.75656646e-07 7.75656646e-07 7.75656646e-07
 7.75656646e-07 7.75656646e-07 7.75656646e-07 7.75656646e-07
 7.75656646e-07 7.75656646e-07 7.75656646e-07 7.75656646e-07
 7.75656646e-07 7.75656646e-07 7.75656646e-07 7.75656646e-07
 7.75656646e-07 7.75656646e-07 7.75656646e-07 7.75656646e-07
 7.75656646e-07 7.75656646e-07 7.75656646e-07 7.75656646e-07
 7.75656646e-07 7.75656646e-07 7.75656646e-07 7.75656646e-07
 7.75656646e-07 7.75656646e-07 7.75656646e-07 7.75656646e-07
 7.75656646e-07 7.75656646e-07 7.75656646e-07 7.75656646e-07
 7.75656646e-07 7.75656646e-07 7.75656646e-07 7.75656646e-07
 7.75656646e-07 7.75656646e-07 7.75656646e-07 7.75656646e-07
 7.75656646e-07 7.75656646e-07 7.75656646e-07 7.75656646e-07
 7.75656646e-07 7.75656646e-07 7.75656646e-07 7.75656646e-07
 7.75656646e-07 7.75656646e-07 7.75656646e-07 7.75656646e-07
 7.75656646e-07 7.75656646e-07 7.75656646e-07 7.75656646e-07
 7.75656646e-07 7.75656646e-07 7.75656646e-07 7.75656646e-07
 7.75656646e-07 7.75656646e-07 7.75656646e-07 7.75656646e-07
 7.75656646e-07 7.75656646e-07 7.75656646e-07 7.75656646e-07
 7.75656646e-07 7.75656646e-07 7.75656646e-07 7.75656646e-07
 7.75656646e-07 7.75656646e-07 7.75656646e-07 7.75656646e-07
 7.75656646e-07 7.75656646e-07 7.75656646e-07 7.75656646e-07
 7.75656646e-07 7.75656646e-07 7.75656646e-07 7.75656646e-07
 7.75656646e-07 7.75656646e-07 7.75656646e-07 7.75656646e-07
 7.75656646e-07 7.75656646e-07 7.75656646e-07 7.75656646e-07
 7.75656646e-07 7.75656646e-07 7.75656646e-07 7.75656646e-07
 7.75656646e-07 7.75656646e-07 7.75656646e-07 7.75656646e-07
 7.75656646e-07 7.75656646e-07 7.75656646e-07 7.75656646e-07
 7.75656646e-07 7.75656646e-07 7.75656646e-07 7.75656646e-07
 7.75656646e-07 7.75656646e-07 7.75656646e-07 7.75656646e-07
 7.75656646e-07 7.75656646e-07 7.75656646e-07 7.75656646e-07
 7.75656646e-07 7.75656646e-07 7.75656646e-07 7.75656646e-07
 7.75656646e-07 7.75656646e-07 7.75656646e-07 7.75656646e-07
 7.75656646e-07 7.75656646e-07 7.75656646e-07 7.75656646e-07
 7.75656646e-07 7.75656646e-07 7.75656646e-07 7.75656646e-07
 7.75656646e-07 7.75656646e-07 7.75656646e-07 7.75656646e-07
 7.75656646e-07 7.75656646e-07 7.75656646e-07 7.75656646e-07
 7.75656646e-07 7.75656646e-07 7.75656646e-07 7.75656646e-07
 7.75656646e-07 7.75656646e-07 7.75656646e-07 7.75656646e-07
 7.75656646e-07 7.75656646e-07 7.75656646e-07 7.75656646e-07
 7.75656646e-07 7.75656646e-07 7.75656646e-07 7.75656646e-07
 7.75656646e-07 7.75656646e-07 7.75656646e-07 7.75656646e-07
 7.75656646e-07 7.75656646e-07 7.75656646e-07 7.75656646e-07
 7.75656646e-07 7.75656646e-07 7.75656646e-07 7.75656646e-07
 7.75656646e-07 7.75656646e-07 7.75656646e-07 7.75656646e-07
 7.75656646e-07 7.75656646e-07 7.75656646e-07 7.75656646e-07
 7.75656646e-07 7.75656646e-07 7.75656646e-07 7.75656646e-07
 7.75656646e-07 7.75656646e-07 7.75656646e-07 7.75656646e-07
 7.75656646e-07 7.75656646e-07 7.75656646e-07 7.75656646e-07
 7.75656646e-07 7.75656646e-07 7.75656646e-07 7.75656646e-07
 7.75656646e-07 7.75656646e-07 7.75656646e-07 7.75656646e-07
 7.75656646e-07 7.75656646e-07 7.75656646e-07 7.75656646e-07
 7.75656646e-07 7.75656646e-07 7.75656646e-07 7.75656646e-07
 7.75656646e-07 7.75656646e-07 7.75656646e-07 7.75656646e-07
 7.75656646e-07 7.75656646e-07 7.75656646e-07 7.75656646e-07
 7.75656646e-07 7.75656646e-07 7.75656646e-07 7.75656646e-07
 7.75656646e-07 7.75656646e-07 7.75656646e-07 7.75656646e-07
 7.75656646e-07 7.75656646e-07 7.75656646e-07 7.75656646e-07
 7.75656646e-07 7.75656646e-07 7.75656646e-07 7.75656646e-07
 7.75656646e-07 7.75656646e-07 7.75656646e-07 7.75656646e-07
 7.75656646e-07 7.75656646e-07 7.75656646e-07 7.75656646e-07
 7.75656646e-07 7.75656646e-07 7.75656646e-07 7.75656646e-07
 7.75656646e-07 7.75656646e-07 7.75656646e-07 7.75656646e-07
 7.75656646e-07 7.75656646e-07 7.75656646e-07 7.75656646e-07
 7.75656646e-07 7.75656646e-07 7.75656646e-07 7.75656646e-07
 7.75656646e-07 7.75656646e-07 7.75656646e-07 7.75656646e-07
 7.75656646e-07 7.75656646e-07 7.75656646e-07 7.75656646e-07
 7.75656646e-07 7.75656646e-07 7.75656646e-07 7.75656646e-07
 7.75656646e-07 7.75656646e-07 7.75656646e-07 7.75656646e-07
 7.75656646e-07 7.75656646e-07 7.75656646e-07 7.75656646e-07
 7.75656646e-07 7.75656646e-07 7.75656646e-07 7.75656646e-07
 7.75656646e-07 7.75656646e-07 7.75656646e-07 7.75656646e-07
 7.75656646e-07 7.75656646e-07 7.75656646e-07 7.75656646e-07
 7.75656646e-07 7.75656646e-07 7.75656646e-07 7.75656646e-07]