[1.68689385e-05 1.67265532e-05 1.65853759e-05 1.64453963e-05
 1.63066044e-05 1.61689899e-05 1.60325430e-05 1.58972538e-05
 1.57631124e-05 1.56301091e-05 1.54982343e-05 1.53674784e-05
 1.52378319e-05 1.51092854e-05 1.49818296e-05 1.48554552e-05
 1.47301531e-05 1.46059142e-05 1.44827294e-05 1.43605899e-05
 1.42394868e-05 1.41194113e-05 1.40003546e-05 1.38823082e-05
 1.37652635e-05 1.36492120e-05 1.35341453e-05 1.34200550e-05
 1.33069329e-05 1.31947707e-05 1.30835603e-05 1.29732937e-05
 1.28639628e-05 1.27555598e-05 1.26480767e-05 1.25415058e-05
 1.24358394e-05 1.23310696e-05 1.22271891e-05 1.21241902e-05
 1.20220655e-05 1.19208075e-05 1.18204089e-05 1.17208625e-05
 1.16221610e-05 1.15242972e-05 1.14272641e-05 1.13310546e-05
 1.12356617e-05 1.11410785e-05 1.10472982e-05 1.09543140e-05
 1.08621190e-05 1.07707067e-05 1.06800704e-05 1.05902035e-05
 1.05010995e-05 1.04127519e-05 1.03251543e-05 1.02383004e-05
 1.01521839e-05 1.00667986e-05 9.98213812e-06 9.89819647e-06
 9.81496752e-06 9.73244524e-06 9.65062365e-06 9.56949680e-06
 9.48905881e-06 9.40930385e-06 9.33022613e-06 9.25181992e-06
 9.17407953e-06 9.09699932e-06 9.02057370e-06 8.94479713e-06
 8.86966411e-06 8.79516919e-06 8.72130696e-06 8.64807208e-06
 8.57545923e-06 8.50346313e-06 8.43207857e-06 8.36130038e-06
 8.29112341e-06 8.22154258e-06 8.15255284e-06 8.08414918e-06
 8.01632665e-06 7.94908033e-06 7.88240533e-06 7.81629682e-06
 7.75075001e-06 7.68576014e-06 7.62132249e-06 7.55743240e-06
 7.49408523e-06 7.43127639e-06 7.36900131e-06 7.30725549e-06
 7.24603443e-06 7.18533371e-06 7.12514892e-06 7.06547570e-06
 7.00630971e-06 6.94764666e-06 6.88948230e-06 6.83181242e-06
 6.77463282e-06 6.71793936e-06 6.66172793e-06 6.60599444e-06
 6.55073487e-06 6.49594520e-06 6.44162145e-06 6.38775968e-06
 6.33435600e-06 6.28140652e-06 6.22890740e-06 6.17685484e-06
 6.12524506e-06 6.07407432e-06 6.02333890e-06 5.97303513e-06
 5.92315935e-06 5.87370796e-06 5.82467735e-06 5.77606398e-06
 5.72786432e-06 5.68007488e-06 5.63269218e-06 5.58571279e-06
 5.53913331e-06 5.49295035e-06 5.44716056e-06 5.40176063e-06
 5.35674725e-06 5.31211717e-06 5.26786715e-06 5.22399398e-06
 5.18049447e-06 5.13736547e-06 5.09460386e-06 5.05220652e-06
 5.01017040e-06 4.96849242e-06 4.92716958e-06 4.88619888e-06
 4.84557734e-06 4.80530202e-06 4.76536999e-06 4.72577837e-06
 4.68652427e-06 4.64760485e-06 4.60901730e-06 4.57075880e-06
 4.53282658e-06 4.49521790e-06 4.45793002e-06 4.42096024e-06
 4.38430588e-06 4.34796428e-06 4.31193281e-06 4.27620884e-06
 4.24078980e-06 4.20567310e-06 4.17085621e-06 4.13633659e-06
 4.10211175e-06 4.06817920e-06 4.03453648e-06 4.00118115e-06
 3.96811078e-06 3.93532299e-06 3.90281540e-06 3.87058564e-06
 3.83863137e-06 3.80695029e-06 3.77554009e-06 3.74439849e-06
 3.71352324e-06 3.68291209e-06 3.65256283e-06 3.62247325e-06
 3.59264117e-06 3.56306443e-06 3.53374088e-06 3.50466839e-06
 3.47584487e-06 3.44726820e-06 3.41893633e-06 3.39084720e-06
 3.36299877e-06 3.33538902e-06 3.30801595e-06 3.28087756e-06
 3.25397191e-06 3.22729702e-06 3.20085097e-06 3.17463184e-06
 3.14863773e-06 3.12286675e-06 3.09731704e-06 3.07198673e-06
 3.04687399e-06 3.02197701e-06 2.99729397e-06 2.97282308e-06
 2.94856257e-06 2.92451069e-06 2.90066568e-06 2.87702581e-06
 2.85358937e-06 2.83035467e-06 2.80732001e-06 2.78448372e-06
 2.76184416e-06 2.73939967e-06 2.71714863e-06 2.69508942e-06
 2.67322045e-06 2.65154012e-06 2.63004687e-06 2.60873914e-06
 2.58761537e-06 2.56667405e-06 2.54591365e-06 2.52533265e-06
 2.50492959e-06 2.48470296e-06 2.46465130e-06 2.44477317e-06
 2.42506711e-06 2.40553170e-06 2.38616553e-06 2.36696718e-06
 2.34793526e-06 2.32906840e-06 2.31036522e-06 2.29182437e-06
 2.27344451e-06 2.25522430e-06 2.23716241e-06 2.21925754e-06
 2.20150840e-06 2.18391369e-06 2.16647213e-06 2.14918247e-06
 2.13204344e-06 2.11505380e-06 2.09821233e-06 2.08151780e-06
 2.06496900e-06 2.04856473e-06 2.03230380e-06 2.01618502e-06
 2.00020724e-06 1.98436929e-06 1.96867002e-06 1.95310830e-06
 1.93768299e-06 1.92239297e-06 1.90723715e-06 1.89221441e-06
 1.87732367e-06 1.86256385e-06 1.84793388e-06 1.83343270e-06
 1.81905925e-06 1.80481249e-06 1.79069139e-06 1.77669492e-06
 1.76282208e-06 1.74907185e-06 1.73544323e-06 1.72193524e-06
 1.70854690e-06 1.69527723e-06 1.68212528e-06 1.66909009e-06
 1.65617071e-06 1.64336621e-06 1.63067566e-06 1.61809814e-06
 1.60563273e-06 1.59327853e-06 1.58103465e-06 1.56890020e-06
 1.55687429e-06 1.54495606e-06 1.53314464e-06 1.52143917e-06
 1.50983881e-06 1.49834271e-06 1.48695004e-06 1.47565998e-06
 1.46447169e-06 1.45338438e-06 1.44239724e-06 1.43150947e-06
 1.42072028e-06 1.41002889e-06 1.39943453e-06 1.38893642e-06
 1.37853380e-06 1.36822592e-06 1.35801204e-06 1.34789140e-06
 1.33786328e-06 1.32792695e-06 1.31808169e-06 1.30832679e-06
 1.29866153e-06 1.28908521e-06 1.27959715e-06 1.27019665e-06
 1.26088303e-06 1.25165562e-06 1.24251374e-06 1.23345673e-06
 1.22448395e-06 1.21559472e-06 1.20678842e-06 1.19806440e-06
 1.18942203e-06 1.18086068e-06 1.17237973e-06 1.16397857e-06
 1.15565658e-06 1.14741317e-06 1.13924773e-06 1.13115968e-06
 1.12314842e-06 1.11521338e-06 1.10735397e-06 1.09956964e-06
 1.09185981e-06 1.08422392e-06 1.07666143e-06 1.06917178e-06
 1.06175443e-06 1.05440885e-06 1.04713449e-06 1.03993083e-06
 1.03279735e-06 1.02573354e-06 1.01873887e-06 1.01181284e-06
 1.00495496e-06 9.98164714e-07 9.91441619e-07 9.84785187e-07
 9.78194933e-07 9.71670381e-07 9.65211056e-07 9.58816490e-07
 9.52486220e-07 9.46219786e-07 9.40016734e-07 9.33876613e-07
 9.27798979e-07 9.21783391e-07 9.15829412e-07 9.09936610e-07
 9.04104558e-07 8.98332833e-07 8.92621017e-07 8.86968694e-07
 8.81375455e-07 8.75840895e-07 8.70364611e-07 8.64946208e-07
 8.59585290e-07 8.54281471e-07 8.49034364e-07 8.43843591e-07
 8.38708773e-07 8.33629538e-07 8.28605519e-07 8.23636350e-07
 8.18721672e-07 8.13861127e-07 8.09054364e-07 8.04301033e-07
 7.99600790e-07 7.94953294e-07 7.90358207e-07 7.85815197e-07
 7.81323934e-07 7.76884092e-07 7.72495350e-07 7.68157388e-07
 7.63869892e-07 7.59632551e-07 7.55445058e-07 7.51307110e-07
 7.47218405e-07 7.43178647e-07 7.39187544e-07 7.35244806e-07
 7.31350146e-07 7.27503283e-07 7.23703937e-07 7.19951833e-07
 7.16246699e-07 7.12588265e-07 7.08976267e-07 7.05410443e-07
 7.01890533e-07 6.98416283e-07 6.94987440e-07 6.91603756e-07
 6.88264986e-07 6.84970887e-07 6.81721220e-07 6.78515749e-07
 6.75354243e-07 6.72236472e-07 6.69162209e-07 6.66131232e-07
 6.63143320e-07 6.60198258e-07 6.57295831e-07 6.54435829e-07
 6.51618044e-07 6.48842273e-07 6.46108313e-07 6.43415967e-07
 6.40765039e-07 6.38155336e-07 6.35586671e-07 6.33058855e-07
 6.30571707e-07 6.28125045e-07 6.25718691e-07 6.23352473e-07
 6.21026217e-07 6.18739756e-07 6.16492923e-07 6.14285555e-07
 6.12117492e-07 6.09988577e-07 6.07898656e-07 6.05847576e-07
 6.03835190e-07 6.01861351e-07 5.99925916e-07 5.98028745e-07
 5.96169700e-07 5.94348646e-07 5.92565451e-07 5.90819986e-07
 5.89112124e-07 5.87441741e-07 5.85808716e-07 5.84212931e-07
 5.82654270e-07 5.81132620e-07 5.79647870e-07 5.78199913e-07
 5.76788644e-07 5.75413960e-07 5.74075762e-07 5.72773953e-07
 5.71508437e-07 5.70279125e-07 5.69085925e-07 5.67928752e-07
 5.66807522e-07 5.65722153e-07 5.64672567e-07 5.63658688e-07
 5.62680442e-07 5.61737757e-07 5.60830567e-07 5.59958804e-07
 5.59122406e-07 5.58321312e-07 5.57555464e-07 5.56824806e-07
 5.56129285e-07 5.55468852e-07 5.54843457e-07 5.54253056e-07
 5.53697606e-07 5.53177067e-07 5.52691400e-07 5.52240570e-07
 5.51824546e-07 5.51443296e-07 5.51096793e-07 5.50785012e-07
 5.50507931e-07 5.50265528e-07 5.50057787e-07 5.49884693e-07
 5.49746232e-07 5.49642396e-07 5.49573176e-07 5.49538567e-07
 5.49538567e-07 5.49573176e-07 5.49642396e-07 5.49746232e-07
 5.49884693e-07 5.50057787e-07 5.50265528e-07 5.50507931e-07
 5.50785012e-07 5.51096793e-07 5.51443296e-07 5.51824546e-07
 5.52240570e-07 5.52691400e-07 5.53177067e-07 5.53697606e-07
 5.54253056e-07 5.54843457e-07 5.55468852e-07 5.56129285e-07
 5.56824806e-07 5.57555464e-07 5.58321312e-07 5.59122406e-07
 5.59958804e-07 5.60830567e-07 5.61737757e-07 5.62680442e-07
 5.63658688e-07 5.64672567e-07 5.65722153e-07 5.66807522e-07
 5.67928752e-07 5.69085925e-07 5.70279125e-07 5.71508437e-07
 5.72773953e-07 5.74075762e-07 5.75413960e-07 5.76788644e-07
 5.78199913e-07 5.79647870e-07 5.81132620e-07 5.82654270e-07
 5.84212931e-07 5.85808716e-07 5.87441741e-07 5.89112124e-07
 5.90819986e-07 5.92565451e-07 5.94348646e-07 5.96169700e-07
 5.98028745e-07 5.99925916e-07 6.01861351e-07 6.03835190e-07
 6.05847576e-07 6.07898656e-07 6.09988577e-07 6.12117492e-07
 6.14285555e-07 6.16492923e-07 6.18739756e-07 6.21026217e-07
 6.23352473e-07 6.25718691e-07 6.28125045e-07 6.30571707e-07
 6.33058855e-07 6.35586671e-07 6.38155336e-07 6.40765039e-07
 6.43415967e-07 6.46108313e-07 6.48842273e-07 6.51618044e-07
 6.54435829e-07 6.57295831e-07 6.60198258e-07 6.63143320e-07
 6.66131232e-07 6.69162209e-07 6.72236472e-07 6.75354243e-07
 6.78515749e-07 6.81721220e-07 6.84970887e-07 6.88264986e-07
 6.91603756e-07 6.94987440e-07 6.98416283e-07 7.01890533e-07
 7.05410443e-07 7.08976267e-07 7.12588265e-07 7.16246699e-07
 7.19951833e-07 7.23703937e-07 7.27503283e-07 7.31350146e-07
 7.35244806e-07 7.39187544e-07 7.43178647e-07 7.47218405e-07
 7.51307110e-07 7.55445058e-07 7.59632551e-07 7.63869892e-07
 7.68157388e-07 7.72495350e-07 7.76884092e-07 7.81323934e-07
 7.85815197e-07 7.90358207e-07 7.94953294e-07 7.99600790e-07
 8.04301033e-07 8.09054364e-07 8.13861127e-07 8.18721672e-07
 8.23636350e-07 8.28605519e-07 8.33629538e-07 8.38708773e-07
 8.43843591e-07 8.49034364e-07 8.54281471e-07 8.59585290e-07
 8.64946208e-07 8.70364611e-07 8.75840895e-07 8.81375455e-07
 8.86968694e-07 8.92621017e-07 8.98332833e-07 9.04104558e-07
 9.09936610e-07 9.15829412e-07 9.21783391e-07 9.27798979e-07
 9.33876613e-07 9.40016734e-07 9.46219786e-07 9.52486220e-07
 9.58816490e-07 9.65211056e-07 9.71670381e-07 9.78194933e-07
 9.84785187e-07 9.91441619e-07 9.98164714e-07 1.00495496e-06
 1.01181284e-06 1.01873887e-06 1.02573354e-06 1.03279735e-06
 1.03993083e-06 1.04713449e-06 1.05440885e-06 1.06175443e-06
 1.06917178e-06 1.07666143e-06 1.08422392e-06 1.09185981e-06
 1.09956964e-06 1.10735397e-06 1.11521338e-06 1.12314842e-06
 1.13115968e-06 1.13924773e-06 1.14741317e-06 1.15565658e-06
 1.16397857e-06 1.17237973e-06 1.18086068e-06 1.18942203e-06
 1.19806440e-06 1.20678842e-06 1.21559472e-06 1.22448395e-06
 1.23345673e-06 1.24251374e-06 1.25165562e-06 1.26088303e-06
 1.27019665e-06 1.27959715e-06 1.28908521e-06 1.29866153e-06
 1.30832679e-06 1.31808169e-06 1.32792695e-06 1.33786328e-06
 1.34789140e-06 1.35801204e-06 1.36822592e-06 1.37853380e-06
 1.38893642e-06 1.39943453e-06 1.41002889e-06 1.42072028e-06
 1.43150947e-06 1.44239724e-06 1.45338438e-06 1.46447169e-06
 1.47565998e-06 1.48695004e-06 1.49834271e-06 1.50983881e-06
 1.52143917e-06 1.53314464e-06 1.54495606e-06 1.55687429e-06
 1.56890020e-06 1.58103465e-06 1.59327853e-06 1.60563273e-06
 1.61809814e-06 1.63067566e-06 1.64336621e-06 1.65617071e-06
 1.66909009e-06 1.68212528e-06 1.69527723e-06 1.70854690e-06
 1.72193524e-06 1.73544323e-06 1.74907185e-06 1.76282208e-06
 1.77669492e-06 1.79069139e-06 1.80481249e-06 1.81905925e-06
 1.83343270e-06 1.84793388e-06 1.86256385e-06 1.87732367e-06
 1.89221441e-06 1.90723715e-06 1.92239297e-06 1.93768299e-06
 1.95310830e-06 1.96867002e-06 1.98436929e-06 2.00020724e-06
 2.01618502e-06 2.03230380e-06 2.04856473e-06 2.06496900e-06
 2.08151780e-06 2.09821233e-06 2.11505380e-06 2.13204344e-06
 2.14918247e-06 2.16647213e-06 2.18391369e-06 2.20150840e-06
 2.21925754e-06 2.23716241e-06 2.25522430e-06 2.27344451e-06
 2.29182437e-06 2.31036522e-06 2.32906840e-06 2.34793526e-06
 2.36696718e-06 2.38616553e-06 2.40553170e-06 2.42506711e-06
 2.44477317e-06 2.46465130e-06 2.48470296e-06 2.50492959e-06
 2.52533265e-06 2.54591365e-06 2.56667405e-06 2.58761537e-06
 2.60873914e-06 2.63004687e-06 2.65154012e-06 2.67322045e-06
 2.69508942e-06 2.71714863e-06 2.73939967e-06 2.76184416e-06
 2.78448372e-06 2.80732001e-06 2.83035467e-06 2.85358937e-06
 2.87702581e-06 2.90066568e-06 2.92451069e-06 2.94856257e-06
 2.97282308e-06 2.99729397e-06 3.02197701e-06 3.04687399e-06
 3.07198673e-06 3.09731704e-06 3.12286675e-06 3.14863773e-06
 3.17463184e-06 3.20085097e-06 3.22729702e-06 3.25397191e-06
 3.28087756e-06 3.30801595e-06 3.33538902e-06 3.36299877e-06
 3.39084720e-06 3.41893633e-06 3.44726820e-06 3.47584487e-06
 3.50466839e-06 3.53374088e-06 3.56306443e-06 3.59264117e-06
 3.62247325e-06 3.65256283e-06 3.68291209e-06 3.71352324e-06
 3.74439849e-06 3.77554009e-06 3.80695029e-06 3.83863137e-06
 3.87058564e-06 3.90281540e-06 3.93532299e-06 3.96811078e-06
 4.00118115e-06 4.03453648e-06 4.06817920e-06 4.10211175e-06
 4.13633659e-06 4.17085621e-06 4.20567310e-06 4.24078980e-06
 4.27620884e-06 4.31193281e-06 4.34796428e-06 4.38430588e-06
 4.42096024e-06 4.45793002e-06 4.49521790e-06 4.53282658e-06
 4.57075880e-06 4.60901730e-06 4.64760485e-06 4.68652427e-06
 4.72577837e-06 4.76536999e-06 4.80530202e-06 4.84557734e-06
 4.88619888e-06 4.92716958e-06 4.96849242e-06 5.01017040e-06
 5.05220652e-06 5.09460386e-06 5.13736547e-06 5.18049447e-06
 5.22399398e-06 5.26786715e-06 5.31211717e-06 5.35674725e-06
 5.40176063e-06 5.44716056e-06 5.49295035e-06 5.53913331e-06
 5.58571279e-06 5.63269218e-06 5.68007488e-06 5.72786432e-06
 5.77606398e-06 5.82467735e-06 5.87370796e-06 5.92315935e-06
 5.97303513e-06 6.02333890e-06 6.07407432e-06 6.12524506e-06
 6.17685484e-06 6.22890740e-06 6.28140652e-06 6.33435600e-06
 6.38775968e-06 6.44162145e-06 6.49594520e-06 6.55073487e-06
 6.60599444e-06 6.66172793e-06 6.71793936e-06 6.77463282e-06
 6.83181242e-06 6.88948230e-06 6.94764666e-06 7.00630971e-06
 7.06547570e-06 7.12514892e-06 7.18533371e-06 7.24603443e-06
 7.30725549e-06 7.36900131e-06 7.43127639e-06 7.49408523e-06
 7.55743240e-06 7.62132249e-06 7.68576014e-06 7.75075001e-06
 7.81629682e-06 7.88240533e-06 7.94908033e-06 8.01632665e-06
 8.08414918e-06 8.15255284e-06 8.22154258e-06 8.29112341e-06
 8.36130038e-06 8.43207857e-06 8.50346313e-06 8.57545923e-06
 8.64807208e-06 8.72130696e-06 8.79516919e-06 8.86966411e-06
 8.94479713e-06 9.02057370e-06 9.09699932e-06 9.17407953e-06
 9.25181992e-06 9.33022613e-06 9.40930385e-06 9.48905881e-06
 9.56949680e-06 9.65062365e-06 9.73244524e-06 9.81496752e-06
 9.89819647e-06 9.98213812e-06 1.00667986e-05 1.01521839e-05
 1.02383004e-05 1.03251543e-05 1.04127519e-05 1.05010995e-05
 1.05902035e-05 1.06800704e-05 1.07707067e-05 1.08621190e-05
 1.09543140e-05 1.10472982e-05 1.11410785e-05 1.12356617e-05
 1.13310546e-05 1.14272641e-05 1.15242972e-05 1.16221610e-05
 1.17208625e-05 1.18204089e-05 1.19208075e-05 1.20220655e-05
 1.21241902e-05 1.22271891e-05 1.23310696e-05 1.24358394e-05
 1.25415058e-05 1.26480767e-05 1.27555598e-05 1.28639628e-05
 1.29732937e-05 1.30835603e-05 1.31947707e-05 1.33069329e-05
 1.34200550e-05 1.35341453e-05 1.36492120e-05 1.37652635e-05
 1.38823082e-05 1.40003546e-05 1.41194113e-05 1.42394868e-05
 1.43605899e-05 1.44827294e-05 1.46059142e-05 1.47301531e-05
 1.48554552e-05 1.49818296e-05 1.51092854e-05 1.52378319e-05
 1.53674784e-05 1.54982343e-05 1.56301091e-05 1.57631124e-05
 1.58972538e-05 1.60325430e-05 1.61689899e-05 1.63066044e-05
 1.64453963e-05 1.65853759e-05 1.67265532e-05 1.68689385e-05]