[4.99240823e-05 4.94542646e-05 4.89889456e-05 4.85280823e-05
 4.80716320e-05 4.76195525e-05 4.71718019e-05 4.67283388e-05
 4.62891221e-05 4.58541112e-05 4.54232659e-05 4.49965462e-05
 4.45739127e-05 4.41553263e-05 4.37407481e-05 4.33301399e-05
 4.29234636e-05 4.25206817e-05 4.21217567e-05 4.17266519e-05
 4.13353306e-05 4.09477566e-05 4.05638940e-05 4.01837074e-05
 3.98071615e-05 3.94342215e-05 3.90648529e-05 3.86990214e-05
 3.83366933e-05 3.79778349e-05 3.76224132e-05 3.72703951e-05
 3.69217481e-05 3.65764399e-05 3.62344386e-05 3.58957126e-05
 3.55602304e-05 3.52279611e-05 3.48988738e-05 3.45729381e-05
 3.42501239e-05 3.39304012e-05 3.36137406e-05 3.33001126e-05
 3.29894883e-05 3.26818388e-05 3.23771358e-05 3.20753510e-05
 3.17764565e-05 3.14804247e-05 3.11872281e-05 3.08968395e-05
 3.06092322e-05 3.03243795e-05 3.00422551e-05 2.97628327e-05
 2.94860867e-05 2.92119913e-05 2.89405212e-05 2.86716512e-05
 2.84053566e-05 2.81416125e-05 2.78803947e-05 2.76216789e-05
 2.73654413e-05 2.71116580e-05 2.68603056e-05 2.66113609e-05
 2.63648007e-05 2.61206024e-05 2.58787432e-05 2.56392008e-05
 2.54019530e-05 2.51669779e-05 2.49342537e-05 2.47037589e-05
 2.44754721e-05 2.42493723e-05 2.40254384e-05 2.38036499e-05
 2.35839860e-05 2.33664266e-05 2.31509514e-05 2.29375406e-05
 2.27261743e-05 2.25168331e-05 2.23094975e-05 2.21041484e-05
 2.19007667e-05 2.16993336e-05 2.14998306e-05 2.13022390e-05
 2.11065407e-05 2.09127175e-05 2.07207515e-05 2.05306249e-05
 2.03423201e-05 2.01558197e-05 1.99711064e-05 1.97881632e-05
 1.96069730e-05 1.94275192e-05 1.92497852e-05 1.90737544e-05
 1.88994106e-05 1.87267376e-05 1.85557195e-05 1.83863404e-05
 1.82185847e-05 1.80524368e-05 1.78878814e-05 1.77249033e-05
 1.75634872e-05 1.74036184e-05 1.72452820e-05 1.70884633e-05
 1.69331479e-05 1.67793214e-05 1.66269694e-05 1.64760781e-05
 1.63266332e-05 1.61786211e-05 1.60320281e-05 1.58868405e-05
 1.57430449e-05 1.56006281e-05 1.54595768e-05 1.53198780e-05
 1.51815188e-05 1.50444863e-05 1.49087678e-05 1.47743509e-05
 1.46412231e-05 1.45093720e-05 1.43787854e-05 1.42494513e-05
 1.41213577e-05 1.39944927e-05 1.38688447e-05 1.37444018e-05
 1.36211528e-05 1.34990860e-05 1.33781903e-05 1.32584545e-05
 1.31398674e-05 1.30224181e-05 1.29060958e-05 1.27908896e-05
 1.26767889e-05 1.25637832e-05 1.24518619e-05 1.23410147e-05
 1.22312314e-05 1.21225018e-05 1.20148159e-05 1.19081636e-05
 1.18025351e-05 1.16979206e-05 1.15943105e-05 1.14916951e-05
 1.13900650e-05 1.12894107e-05 1.11897230e-05 1.10909925e-05
 1.09932103e-05 1.08963671e-05 1.08004542e-05 1.07054624e-05
 1.06113832e-05 1.05182078e-05 1.04259275e-05 1.03345339e-05
 1.02440184e-05 1.01543726e-05 1.00655884e-05 9.97765744e-06
 9.89057160e-06 9.80432283e-06 9.71890315e-06 9.63430465e-06
 9.55051950e-06 9.46753995e-06 9.38535831e-06 9.30396699e-06
 9.22335844e-06 9.14352521e-06 9.06445992e-06 8.98615523e-06
 8.90860391e-06 8.83179877e-06 8.75573272e-06 8.68039870e-06
 8.60578975e-06 8.53189896e-06 8.45871949e-06 8.38624458e-06
 8.31446750e-06 8.24338163e-06 8.17298037e-06 8.10325722e-06
 8.03420572e-06 7.96581948e-06 7.89809218e-06 7.83101753e-06
 7.76458934e-06 7.69880146e-06 7.63364780e-06 7.56912232e-06
 7.50521907e-06 7.44193211e-06 7.37925560e-06 7.31718373e-06
 7.25571077e-06 7.19483101e-06 7.13453883e-06 7.07482864e-06
 7.01569493e-06 6.95713221e-06 6.89913506e-06 6.84169813e-06
 6.78481608e-06 6.72848367e-06 6.67269567e-06 6.61744692e-06
 6.56273231e-06 6.50854677e-06 6.45488530e-06 6.40174291e-06
 6.34911470e-06 6.29699580e-06 6.24538137e-06 6.19426664e-06
 6.14364689e-06 6.09351743e-06 6.04387361e-06 5.99471085e-06
 5.94602459e-06 5.89781033e-06 5.85006360e-06 5.80277998e-06
 5.75595511e-06 5.70958465e-06 5.66366429e-06 5.61818980e-06
 5.57315697e-06 5.52856163e-06 5.48439964e-06 5.44066693e-06
 5.39735945e-06 5.35447318e-06 5.31200416e-06 5.26994846e-06
 5.22830218e-06 5.18706148e-06 5.14622253e-06 5.10578155e-06
 5.06573481e-06 5.02607859e-06 4.98680923e-06 4.94792308e-06
 4.90941656e-06 4.87128610e-06 4.83352816e-06 4.79613926e-06
 4.75911594e-06 4.72245476e-06 4.68615233e-06 4.65020530e-06
 4.61461034e-06 4.57936415e-06 4.54446347e-06 4.50990508e-06
 4.47568576e-06 4.44180237e-06 4.40825175e-06 4.37503080e-06
 4.34213646e-06 4.30956567e-06 4.27731542e-06 4.24538273e-06
 4.21376464e-06 4.18245822e-06 4.15146058e-06 4.12076885e-06
 4.09038019e-06 4.06029178e-06 4.03050084e-06 4.00100462e-06
 3.97180038e-06 3.94288542e-06 3.91425706e-06 3.88591266e-06
 3.85784959e-06 3.83006526e-06 3.80255708e-06 3.77532253e-06
 3.74835907e-06 3.72166421e-06 3.69523548e-06 3.66907044e-06
 3.64316665e-06 3.61752174e-06 3.59213331e-06 3.56699903e-06
 3.54211656e-06 3.51748360e-06 3.49309788e-06 3.46895714e-06
 3.44505913e-06 3.42140166e-06 3.39798252e-06 3.37479956e-06
 3.35185063e-06 3.32913360e-06 3.30664637e-06 3.28438686e-06
 3.26235301e-06 3.24054278e-06 3.21895415e-06 3.19758513e-06
 3.17643373e-06 3.15549800e-06 3.13477600e-06 3.11426581e-06
 3.09396554e-06 3.07387331e-06 3.05398725e-06 3.03430553e-06
 3.01482632e-06 2.99554782e-06 2.97646825e-06 2.95758584e-06
 2.93889885e-06 2.92040554e-06 2.90210420e-06 2.88399314e-06
 2.86607068e-06 2.84833517e-06 2.83078496e-06 2.81341843e-06
 2.79623397e-06 2.77922999e-06 2.76240492e-06 2.74575719e-06
 2.72928528e-06 2.71298765e-06 2.69686279e-06 2.68090922e-06
 2.66512546e-06 2.64951004e-06 2.63406152e-06 2.61877848e-06
 2.60365949e-06 2.58870316e-06 2.57390810e-06 2.55927295e-06
 2.54479634e-06 2.53047695e-06 2.51631344e-06 2.50230450e-06
 2.48844884e-06 2.47474518e-06 2.46119224e-06 2.44778877e-06
 2.43453354e-06 2.42142531e-06 2.40846287e-06 2.39564502e-06
 2.38297058e-06 2.37043837e-06 2.35804723e-06 2.34579602e-06
 2.33368361e-06 2.32170886e-06 2.30987067e-06 2.29816796e-06
 2.28659962e-06 2.27516460e-06 2.26386184e-06 2.25269028e-06
 2.24164890e-06 2.23073667e-06 2.21995258e-06 2.20929564e-06
 2.19876486e-06 2.18835926e-06 2.17807789e-06 2.16791978e-06
 2.15788400e-06 2.14796962e-06 2.13817573e-06 2.12850141e-06
 2.11894577e-06 2.10950793e-06 2.10018702e-06 2.09098216e-06
 2.08189251e-06 2.07291723e-06 2.06405549e-06 2.05530646e-06
 2.04666934e-06 2.03814333e-06 2.02972764e-06 2.02142148e-06
 2.01322410e-06 2.00513473e-06 1.99715262e-06 1.98927703e-06
 1.98150725e-06 1.97384253e-06 1.96628219e-06 1.95882551e-06
 1.95147181e-06 1.94422041e-06 1.93707063e-06 1.93002182e-06
 1.92307332e-06 1.91622449e-06 1.90947469e-06 1.90282330e-06
 1.89626971e-06 1.88981330e-06 1.88345349e-06 1.87718967e-06
 1.87102128e-06 1.86494774e-06 1.85896849e-06 1.85308297e-06
 1.84729065e-06 1.84159097e-06 1.83598343e-06 1.83046750e-06
 1.82504266e-06 1.81970842e-06 1.81446428e-06 1.80930975e-06
 1.80424437e-06 1.79926766e-06 1.79437915e-06 1.78957841e-06
 1.78486498e-06 1.78023842e-06 1.77569832e-06 1.77124424e-06
 1.76687578e-06 1.76259253e-06 1.75839410e-06 1.75428009e-06
 1.75025014e-06 1.74630385e-06 1.74244087e-06 1.73866085e-06
 1.73496342e-06 1.73134826e-06 1.72781502e-06 1.72436337e-06
 1.72099300e-06 1.71770360e-06 1.71449486e-06 1.71136649e-06
 1.70831819e-06 1.70534968e-06 1.70246069e-06 1.69965095e-06
 1.69692020e-06 1.69426819e-06 1.69169467e-06 1.68919941e-06
 1.68678216e-06 1.68444272e-06 1.68218086e-06 1.67999638e-06
 1.67788906e-06 1.67585873e-06 1.67390518e-06 1.67202824e-06
 1.67022773e-06 1.66850349e-06 1.66685536e-06 1.66528318e-06
 1.66378681e-06 1.66236612e-06 1.66102096e-06 1.65975122e-06
 1.65855678e-06 1.65743752e-06 1.65639335e-06 1.65542417e-06
 1.65452988e-06 1.65371040e-06 1.65296567e-06 1.65229561e-06
 1.65170015e-06 1.65117924e-06 1.65073284e-06 1.65036091e-06
 1.65006340e-06 1.64984029e-06 1.64969156e-06 1.64961720e-06
 1.64961720e-06 1.64969156e-06 1.64984029e-06 1.65006340e-06
 1.65036091e-06 1.65073284e-06 1.65117924e-06 1.65170015e-06
 1.65229561e-06 1.65296567e-06 1.65371040e-06 1.65452988e-06
 1.65542417e-06 1.65639335e-06 1.65743752e-06 1.65855678e-06
 1.65975122e-06 1.66102096e-06 1.66236612e-06 1.66378681e-06
 1.66528318e-06 1.66685536e-06 1.66850349e-06 1.67022773e-06
 1.67202824e-06 1.67390518e-06 1.67585873e-06 1.67788906e-06
 1.67999638e-06 1.68218086e-06 1.68444272e-06 1.68678216e-06
 1.68919941e-06 1.69169467e-06 1.69426819e-06 1.69692020e-06
 1.69965095e-06 1.70246069e-06 1.70534968e-06 1.70831819e-06
 1.71136649e-06 1.71449486e-06 1.71770360e-06 1.72099300e-06
 1.72436337e-06 1.72781502e-06 1.73134826e-06 1.73496342e-06
 1.73866085e-06 1.74244087e-06 1.74630385e-06 1.75025014e-06
 1.75428009e-06 1.75839410e-06 1.76259253e-06 1.76687578e-06
 1.77124424e-06 1.77569832e-06 1.78023842e-06 1.78486498e-06
 1.78957841e-06 1.79437915e-06 1.79926766e-06 1.80424437e-06
 1.80930975e-06 1.81446428e-06 1.81970842e-06 1.82504266e-06
 1.83046750e-06 1.83598343e-06 1.84159097e-06 1.84729065e-06
 1.85308297e-06 1.85896849e-06 1.86494774e-06 1.87102128e-06
 1.87718967e-06 1.88345349e-06 1.88981330e-06 1.89626971e-06
 1.90282330e-06 1.90947469e-06 1.91622449e-06 1.92307332e-06
 1.93002182e-06 1.93707063e-06 1.94422041e-06 1.95147181e-06
 1.95882551e-06 1.96628219e-06 1.97384253e-06 1.98150725e-06
 1.98927703e-06 1.99715262e-06 2.00513473e-06 2.01322410e-06
 2.02142148e-06 2.02972764e-06 2.03814333e-06 2.04666934e-06
 2.05530646e-06 2.06405549e-06 2.07291723e-06 2.08189251e-06
 2.09098216e-06 2.10018702e-06 2.10950793e-06 2.11894577e-06
 2.12850141e-06 2.13817573e-06 2.14796962e-06 2.15788400e-06
 2.16791978e-06 2.17807789e-06 2.18835926e-06 2.19876486e-06
 2.20929564e-06 2.21995258e-06 2.23073667e-06 2.24164890e-06
 2.25269028e-06 2.26386184e-06 2.27516460e-06 2.28659962e-06
 2.29816796e-06 2.30987067e-06 2.32170886e-06 2.33368361e-06
 2.34579602e-06 2.35804723e-06 2.37043837e-06 2.38297058e-06
 2.39564502e-06 2.40846287e-06 2.42142531e-06 2.43453354e-06
 2.44778877e-06 2.46119224e-06 2.47474518e-06 2.48844884e-06
 2.50230450e-06 2.51631344e-06 2.53047695e-06 2.54479634e-06
 2.55927295e-06 2.57390810e-06 2.58870316e-06 2.60365949e-06
 2.61877848e-06 2.63406152e-06 2.64951004e-06 2.66512546e-06
 2.68090922e-06 2.69686279e-06 2.71298765e-06 2.72928528e-06
 2.74575719e-06 2.76240492e-06 2.77922999e-06 2.79623397e-06
 2.81341843e-06 2.83078496e-06 2.84833517e-06 2.86607068e-06
 2.88399314e-06 2.90210420e-06 2.92040554e-06 2.93889885e-06
 2.95758584e-06 2.97646825e-06 2.99554782e-06 3.01482632e-06
 3.03430553e-06 3.05398725e-06 3.07387331e-06 3.09396554e-06
 3.11426581e-06 3.13477600e-06 3.15549800e-06 3.17643373e-06
 3.19758513e-06 3.21895415e-06 3.24054278e-06 3.26235301e-06
 3.28438686e-06 3.30664637e-06 3.32913360e-06 3.35185063e-06
 3.37479956e-06 3.39798252e-06 3.42140166e-06 3.44505913e-06
 3.46895714e-06 3.49309788e-06 3.51748360e-06 3.54211656e-06
 3.56699903e-06 3.59213331e-06 3.61752174e-06 3.64316665e-06
 3.66907044e-06 3.69523548e-06 3.72166421e-06 3.74835907e-06
 3.77532253e-06 3.80255708e-06 3.83006526e-06 3.85784959e-06
 3.88591266e-06 3.91425706e-06 3.94288542e-06 3.97180038e-06
 4.00100462e-06 4.03050084e-06 4.06029178e-06 4.09038019e-06
 4.12076885e-06 4.15146058e-06 4.18245822e-06 4.21376464e-06
 4.24538273e-06 4.27731542e-06 4.30956567e-06 4.34213646e-06
 4.37503080e-06 4.40825175e-06 4.44180237e-06 4.47568576e-06
 4.50990508e-06 4.54446347e-06 4.57936415e-06 4.61461034e-06
 4.65020530e-06 4.68615233e-06 4.72245476e-06 4.75911594e-06
 4.79613926e-06 4.83352816e-06 4.87128610e-06 4.90941656e-06
 4.94792308e-06 4.98680923e-06 5.02607859e-06 5.06573481e-06
 5.10578155e-06 5.14622253e-06 5.18706148e-06 5.22830218e-06
 5.26994846e-06 5.31200416e-06 5.35447318e-06 5.39735945e-06
 5.44066693e-06 5.48439964e-06 5.52856163e-06 5.57315697e-06
 5.61818980e-06 5.66366429e-06 5.70958465e-06 5.75595511e-06
 5.80277998e-06 5.85006360e-06 5.89781033e-06 5.94602459e-06
 5.99471085e-06 6.04387361e-06 6.09351743e-06 6.14364689e-06
 6.19426664e-06 6.24538137e-06 6.29699580e-06 6.34911470e-06
 6.40174291e-06 6.45488530e-06 6.50854677e-06 6.56273231e-06
 6.61744692e-06 6.67269567e-06 6.72848367e-06 6.78481608e-06
 6.84169813e-06 6.89913506e-06 6.95713221e-06 7.01569493e-06
 7.07482864e-06 7.13453883e-06 7.19483101e-06 7.25571077e-06
 7.31718373e-06 7.37925560e-06 7.44193211e-06 7.50521907e-06
 7.56912232e-06 7.63364780e-06 7.69880146e-06 7.76458934e-06
 7.83101753e-06 7.89809218e-06 7.96581948e-06 8.03420572e-06
 8.10325722e-06 8.17298037e-06 8.24338163e-06 8.31446750e-06
 8.38624458e-06 8.45871949e-06 8.53189896e-06 8.60578975e-06
 8.68039870e-06 8.75573272e-06 8.83179877e-06 8.90860391e-06
 8.98615523e-06 9.06445992e-06 9.14352521e-06 9.22335844e-06
 9.30396699e-06 9.38535831e-06 9.46753995e-06 9.55051950e-06
 9.63430465e-06 9.71890315e-06 9.80432283e-06 9.89057160e-06
 9.97765744e-06 1.00655884e-05 1.01543726e-05 1.02440184e-05
 1.03345339e-05 1.04259275e-05 1.05182078e-05 1.06113832e-05
 1.07054624e-05 1.08004542e-05 1.08963671e-05 1.09932103e-05
 1.10909925e-05 1.11897230e-05 1.12894107e-05 1.13900650e-05
 1.14916951e-05 1.15943105e-05 1.16979206e-05 1.18025351e-05
 1.19081636e-05 1.20148159e-05 1.21225018e-05 1.22312314e-05
 1.23410147e-05 1.24518619e-05 1.25637832e-05 1.26767889e-05
 1.27908896e-05 1.29060958e-05 1.30224181e-05 1.31398674e-05
 1.32584545e-05 1.33781903e-05 1.34990860e-05 1.36211528e-05
 1.37444018e-05 1.38688447e-05 1.39944927e-05 1.41213577e-05
 1.42494513e-05 1.43787854e-05 1.45093720e-05 1.46412231e-05
 1.47743509e-05 1.49087678e-05 1.50444863e-05 1.51815188e-05
 1.53198780e-05 1.54595768e-05 1.56006281e-05 1.57430449e-05
 1.58868405e-05 1.60320281e-05 1.61786211e-05 1.63266332e-05
 1.64760781e-05 1.66269694e-05 1.67793214e-05 1.69331479e-05
 1.70884633e-05 1.72452820e-05 1.74036184e-05 1.75634872e-05
 1.77249033e-05 1.78878814e-05 1.80524368e-05 1.82185847e-05
 1.83863404e-05 1.85557195e-05 1.87267376e-05 1.88994106e-05
 1.90737544e-05 1.92497852e-05 1.94275192e-05 1.96069730e-05
 1.97881632e-05 1.99711064e-05 2.01558197e-05 2.03423201e-05
 2.05306249e-05 2.07207515e-05 2.09127175e-05 2.11065407e-05
 2.13022390e-05 2.14998306e-05 2.16993336e-05 2.19007667e-05
 2.21041484e-05 2.23094975e-05 2.25168331e-05 2.27261743e-05
 2.29375406e-05 2.31509514e-05 2.33664266e-05 2.35839860e-05
 2.38036499e-05 2.40254384e-05 2.42493723e-05 2.44754721e-05
 2.47037589e-05 2.49342537e-05 2.51669779e-05 2.54019530e-05
 2.56392008e-05 2.58787432e-05 2.61206024e-05 2.63648007e-05
 2.66113609e-05 2.68603056e-05 2.71116580e-05 2.73654413e-05
 2.76216789e-05 2.78803947e-05 2.81416125e-05 2.84053566e-05
 2.86716512e-05 2.89405212e-05 2.92119913e-05 2.94860867e-05
 2.97628327e-05 3.00422551e-05 3.03243795e-05 3.06092322e-05
 3.08968395e-05 3.11872281e-05 3.14804247e-05 3.17764565e-05
 3.20753510e-05 3.23771358e-05 3.26818388e-05 3.29894883e-05
 3.33001126e-05 3.36137406e-05 3.39304012e-05 3.42501239e-05
 3.45729381e-05 3.48988738e-05 3.52279611e-05 3.55602304e-05
 3.58957126e-05 3.62344386e-05 3.65764399e-05 3.69217481e-05
 3.72703951e-05 3.76224132e-05 3.79778349e-05 3.83366933e-05
 3.86990214e-05 3.90648529e-05 3.94342215e-05 3.98071615e-05
 4.01837074e-05 4.05638940e-05 4.09477566e-05 4.13353306e-05
 4.17266519e-05 4.21217567e-05 4.25206817e-05 4.29234636e-05
 4.33301399e-05 4.37407481e-05 4.41553263e-05 4.45739127e-05
 4.49965462e-05 4.54232659e-05 4.58541112e-05 4.62891221e-05
 4.67283388e-05 4.71718019e-05 4.76195525e-05 4.80716320e-05
 4.85280823e-05 4.89889456e-05 4.94542646e-05 4.99240823e-05]