[4.95010873e-05 4.94902053e-05 4.94793459e-05 4.94685091e-05
 4.94576949e-05 4.94469034e-05 4.94361344e-05 4.94253881e-05
 4.94146643e-05 4.94039632e-05 4.93932846e-05 4.93826286e-05
 4.93719952e-05 4.93613844e-05 4.93507961e-05 4.93402304e-05
 4.93296872e-05 4.93191666e-05 4.93086686e-05 4.92981931e-05
 4.92877401e-05 4.92773097e-05 4.92669018e-05 4.92565164e-05
 4.92461535e-05 4.92358132e-05 4.92254953e-05 4.92152000e-05
 4.92049272e-05 4.91946769e-05 4.91844490e-05 4.91742437e-05
 4.91640608e-05 4.91539004e-05 4.91437625e-05 4.91336470e-05
 4.91235540e-05 4.91134835e-05 4.91034354e-05 4.90934098e-05
 4.90834066e-05 4.90734259e-05 4.90634676e-05 4.90535317e-05
 4.90436182e-05 4.90337272e-05 4.90238586e-05 4.90140124e-05
 4.90041886e-05 4.89943873e-05 4.89846083e-05 4.89748517e-05
 4.89651175e-05 4.89554057e-05 4.89457163e-05 4.89360492e-05
 4.89264045e-05 4.89167822e-05 4.89071823e-05 4.88976047e-05
 4.88880495e-05 4.88785166e-05 4.88690061e-05 4.88595179e-05
 4.88500521e-05 4.88406086e-05 4.88311874e-05 4.88217885e-05
 4.88124120e-05 4.88030578e-05 4.87937258e-05 4.87844162e-05
 4.87751290e-05 4.87658640e-05 4.87566213e-05 4.87474008e-05
 4.87382027e-05 4.87290269e-05 4.87198733e-05 4.87107420e-05
 4.87016330e-05 4.86925463e-05 4.86834818e-05 4.86744396e-05
 4.86654196e-05 4.86564218e-05 4.86474464e-05 4.86384931e-05
 4.86295621e-05 4.86206533e-05 4.86117668e-05 4.86029025e-05
 4.85940604e-05 4.85852405e-05 4.85764428e-05 4.85676674e-05
 4.85589141e-05 4.85501831e-05 4.85414742e-05 4.85327876e-05
 4.85241231e-05 4.85154808e-05 4.85068607e-05 4.84982628e-05
 4.84896870e-05 4.84811334e-05 4.84726020e-05 4.84640927e-05
 4.84556056e-05 4.84471407e-05 4.84386979e-05 4.84302772e-05
 4.84218787e-05 4.84135023e-05 4.84051481e-05 4.83968160e-05
 4.83885060e-05 4.83802181e-05 4.83719524e-05 4.83637088e-05
 4.83554873e-05 4.83472878e-05 4.83391105e-05 4.83309553e-05
 4.83228222e-05 4.83147112e-05 4.83066223e-05 4.82985555e-05
 4.82905107e-05 4.82824880e-05 4.82744874e-05 4.82665089e-05
 4.82585524e-05 4.82506180e-05 4.82427057e-05 4.82348154e-05
 4.82269471e-05 4.82191009e-05 4.82112768e-05 4.82034747e-05
 4.81956946e-05 4.81879366e-05 4.81802006e-05 4.81724867e-05
 4.81647947e-05 4.81571248e-05 4.81494769e-05 4.81418510e-05
 4.81342471e-05 4.81266652e-05 4.81191054e-05 4.81115675e-05
 4.81040516e-05 4.80965577e-05 4.80890858e-05 4.80816359e-05
 4.80742080e-05 4.80668021e-05 4.80594181e-05 4.80520561e-05
 4.80447161e-05 4.80373980e-05 4.80301019e-05 4.80228277e-05
 4.80155756e-05 4.80083453e-05 4.80011370e-05 4.79939507e-05
 4.79867863e-05 4.79796438e-05 4.79725233e-05 4.79654247e-05
 4.79583481e-05 4.79512933e-05 4.79442605e-05 4.79372496e-05
 4.79302607e-05 4.79232936e-05 4.79163484e-05 4.79094252e-05
 4.79025239e-05 4.78956444e-05 4.78887869e-05 4.78819512e-05
 4.78751375e-05 4.78683456e-05 4.78615756e-05 4.78548275e-05
 4.78481013e-05 4.78413970e-05 4.78347145e-05 4.78280539e-05
 4.78214151e-05 4.78147983e-05 4.78082032e-05 4.78016301e-05
 4.77950788e-05 4.77885493e-05 4.77820417e-05 4.77755560e-05
 4.77690921e-05 4.77626500e-05 4.77562298e-05 4.77498314e-05
 4.77434548e-05 4.77371000e-05 4.77307671e-05 4.77244560e-05
 4.77181667e-05 4.77118993e-05 4.77056536e-05 4.76994298e-05
 4.76932278e-05 4.76870475e-05 4.76808891e-05 4.76747525e-05
 4.76686377e-05 4.76625446e-05 4.76564734e-05 4.76504239e-05
 4.76443963e-05 4.76383904e-05 4.76324063e-05 4.76264439e-05
 4.76205034e-05 4.76145846e-05 4.76086876e-05 4.76028123e-05
 4.75969589e-05 4.75911271e-05 4.75853172e-05 4.75795290e-05
 4.75737625e-05 4.75680178e-05 4.75622948e-05 4.75565936e-05
 4.75509142e-05 4.75452564e-05 4.75396204e-05 4.75340062e-05
 4.75284136e-05 4.75228428e-05 4.75172938e-05 4.75117664e-05
 4.75062608e-05 4.75007769e-05 4.74953147e-05 4.74898742e-05
 4.74844555e-05 4.74790584e-05 4.74736831e-05 4.74683294e-05
 4.74629975e-05 4.74576873e-05 4.74523987e-05 4.74471319e-05
 4.74418867e-05 4.74366633e-05 4.74314615e-05 4.74262814e-05
 4.74211230e-05 4.74159863e-05 4.74108712e-05 4.74057778e-05
 4.74007061e-05 4.73956561e-05 4.73906278e-05 4.73856211e-05
 4.73806360e-05 4.73756727e-05 4.73707310e-05 4.73658109e-05
 4.73609125e-05 4.73560358e-05 4.73511807e-05 4.73463472e-05
 4.73415355e-05 4.73367453e-05 4.73319768e-05 4.73272299e-05
 4.73225047e-05 4.73178011e-05 4.73131191e-05 4.73084588e-05
 4.73038201e-05 4.72992030e-05 4.72946076e-05 4.72900337e-05
 4.72854815e-05 4.72809509e-05 4.72764420e-05 4.72719546e-05
 4.72674889e-05 4.72630447e-05 4.72586222e-05 4.72542213e-05
 4.72498420e-05 4.72454843e-05 4.72411481e-05 4.72368336e-05
 4.72325407e-05 4.72282694e-05 4.72240196e-05 4.72197915e-05
 4.72155849e-05 4.72114000e-05 4.72072366e-05 4.72030948e-05
 4.71989746e-05 4.71948759e-05 4.71907989e-05 4.71867434e-05
 4.71827095e-05 4.71786971e-05 4.71747064e-05 4.71707371e-05
 4.71667895e-05 4.71628634e-05 4.71589589e-05 4.71550760e-05
 4.71512146e-05 4.71473747e-05 4.71435565e-05 4.71397597e-05
 4.71359846e-05 4.71322309e-05 4.71284989e-05 4.71247883e-05
 4.71210993e-05 4.71174319e-05 4.71137860e-05 4.71101616e-05
 4.71065588e-05 4.71029775e-05 4.70994178e-05 4.70958796e-05
 4.70923629e-05 4.70888677e-05 4.70853941e-05 4.70819420e-05
 4.70785114e-05 4.70751024e-05 4.70717149e-05 4.70683488e-05
 4.70650044e-05 4.70616814e-05 4.70583799e-05 4.70551000e-05
 4.70518416e-05 4.70486047e-05 4.70453893e-05 4.70421954e-05
 4.70390230e-05 4.70358721e-05 4.70327427e-05 4.70296348e-05
 4.70265485e-05 4.70234836e-05 4.70204402e-05 4.70174183e-05
 4.70144180e-05 4.70114391e-05 4.70084817e-05 4.70055458e-05
 4.70026314e-05 4.69997385e-05 4.69968670e-05 4.69940171e-05
 4.69911886e-05 4.69883816e-05 4.69855961e-05 4.69828321e-05
 4.69800896e-05 4.69773685e-05 4.69746690e-05 4.69719909e-05
 4.69693342e-05 4.69666991e-05 4.69640854e-05 4.69614932e-05
 4.69589225e-05 4.69563732e-05 4.69538454e-05 4.69513391e-05
 4.69488542e-05 4.69463908e-05 4.69439489e-05 4.69415284e-05
 4.69391294e-05 4.69367518e-05 4.69343957e-05 4.69320611e-05
 4.69297479e-05 4.69274562e-05 4.69251859e-05 4.69229371e-05
 4.69207097e-05 4.69185038e-05 4.69163194e-05 4.69141564e-05
 4.69120148e-05 4.69098947e-05 4.69077960e-05 4.69057188e-05
 4.69036630e-05 4.69016287e-05 4.68996158e-05 4.68976243e-05
 4.68956543e-05 4.68937058e-05 4.68917786e-05 4.68898730e-05
 4.68879887e-05 4.68861259e-05 4.68842845e-05 4.68824646e-05
 4.68806661e-05 4.68788890e-05 4.68771333e-05 4.68753991e-05
 4.68736864e-05 4.68719950e-05 4.68703251e-05 4.68686766e-05
 4.68670495e-05 4.68654439e-05 4.68638597e-05 4.68622969e-05
 4.68607555e-05 4.68592356e-05 4.68577371e-05 4.68562600e-05
 4.68548043e-05 4.68533701e-05 4.68519573e-05 4.68505659e-05
 4.68491959e-05 4.68478473e-05 4.68465202e-05 4.68452144e-05
 4.68439301e-05 4.68426672e-05 4.68414258e-05 4.68402057e-05
 4.68390071e-05 4.68378298e-05 4.68366740e-05 4.68355396e-05
 4.68344266e-05 4.68333350e-05 4.68322648e-05 4.68312161e-05
 4.68301887e-05 4.68291828e-05 4.68281983e-05 4.68272352e-05
 4.68262935e-05 4.68253732e-05 4.68244743e-05 4.68235968e-05
 4.68227407e-05 4.68219060e-05 4.68210928e-05 4.68203009e-05
 4.68195305e-05 4.68187814e-05 4.68180538e-05 4.68173475e-05
 4.68166627e-05 4.68159993e-05 4.68153573e-05 4.68147366e-05
 4.68141374e-05 4.68135596e-05 4.68130032e-05 4.68124682e-05
 4.68119546e-05 4.68114624e-05 4.68109916e-05 4.68105422e-05
 4.68101142e-05 4.68097076e-05 4.68093224e-05 4.68089586e-05
 4.68086162e-05 4.68082952e-05 4.68079956e-05 4.68077174e-05
 4.68074606e-05 4.68072252e-05 4.68070112e-05 4.68068186e-05
 4.68066474e-05 4.68064976e-05 4.68063692e-05 4.68062622e-05
 4.68061766e-05 4.68061124e-05 4.68060696e-05 4.68060482e-05
 4.68060482e-05 4.68060696e-05 4.68061124e-05 4.68061766e-05
 4.68062622e-05 4.68063692e-05 4.68064976e-05 4.68066474e-05
 4.68068186e-05 4.68070112e-05 4.68072252e-05 4.68074606e-05
 4.68077174e-05 4.68079956e-05 4.68082952e-05 4.68086162e-05
 4.68089586e-05 4.68093224e-05 4.68097076e-05 4.68101142e-05
 4.68105422e-05 4.68109916e-05 4.68114624e-05 4.68119546e-05
 4.68124682e-05 4.68130032e-05 4.68135596e-05 4.68141374e-05
 4.68147366e-05 4.68153573e-05 4.68159993e-05 4.68166627e-05
 4.68173475e-05 4.68180538e-05 4.68187814e-05 4.68195305e-05
 4.68203009e-05 4.68210928e-05 4.68219060e-05 4.68227407e-05
 4.68235968e-05 4.68244743e-05 4.68253732e-05 4.68262935e-05
 4.68272352e-05 4.68281983e-05 4.68291828e-05 4.68301887e-05
 4.68312161e-05 4.68322648e-05 4.68333350e-05 4.68344266e-05
 4.68355396e-05 4.68366740e-05 4.68378298e-05 4.68390071e-05
 4.68402057e-05 4.68414258e-05 4.68426672e-05 4.68439301e-05
 4.68452144e-05 4.68465202e-05 4.68478473e-05 4.68491959e-05
 4.68505659e-05 4.68519573e-05 4.68533701e-05 4.68548043e-05
 4.68562600e-05 4.68577371e-05 4.68592356e-05 4.68607555e-05
 4.68622969e-05 4.68638597e-05 4.68654439e-05 4.68670495e-05
 4.68686766e-05 4.68703251e-05 4.68719950e-05 4.68736864e-05
 4.68753991e-05 4.68771333e-05 4.68788890e-05 4.68806661e-05
 4.68824646e-05 4.68842845e-05 4.68861259e-05 4.68879887e-05
 4.68898730e-05 4.68917786e-05 4.68937058e-05 4.68956543e-05
 4.68976243e-05 4.68996158e-05 4.69016287e-05 4.69036630e-05
 4.69057188e-05 4.69077960e-05 4.69098947e-05 4.69120148e-05
 4.69141564e-05 4.69163194e-05 4.69185038e-05 4.69207097e-05
 4.69229371e-05 4.69251859e-05 4.69274562e-05 4.69297479e-05
 4.69320611e-05 4.69343957e-05 4.69367518e-05 4.69391294e-05
 4.69415284e-05 4.69439489e-05 4.69463908e-05 4.69488542e-05
 4.69513391e-05 4.69538454e-05 4.69563732e-05 4.69589225e-05
 4.69614932e-05 4.69640854e-05 4.69666991e-05 4.69693342e-05
 4.69719909e-05 4.69746690e-05 4.69773685e-05 4.69800896e-05
 4.69828321e-05 4.69855961e-05 4.69883816e-05 4.69911886e-05
 4.69940171e-05 4.69968670e-05 4.69997385e-05 4.70026314e-05
 4.70055458e-05 4.70084817e-05 4.70114391e-05 4.70144180e-05
 4.70174183e-05 4.70204402e-05 4.70234836e-05 4.70265485e-05
 4.70296348e-05 4.70327427e-05 4.70358721e-05 4.70390230e-05
 4.70421954e-05 4.70453893e-05 4.70486047e-05 4.70518416e-05
 4.70551000e-05 4.70583799e-05 4.70616814e-05 4.70650044e-05
 4.70683488e-05 4.70717149e-05 4.70751024e-05 4.70785114e-05
 4.70819420e-05 4.70853941e-05 4.70888677e-05 4.70923629e-05
 4.70958796e-05 4.70994178e-05 4.71029775e-05 4.71065588e-05
 4.71101616e-05 4.71137860e-05 4.71174319e-05 4.71210993e-05
 4.71247883e-05 4.71284989e-05 4.71322309e-05 4.71359846e-05
 4.71397597e-05 4.71435565e-05 4.71473747e-05 4.71512146e-05
 4.71550760e-05 4.71589589e-05 4.71628634e-05 4.71667895e-05
 4.71707371e-05 4.71747064e-05 4.71786971e-05 4.71827095e-05
 4.71867434e-05 4.71907989e-05 4.71948759e-05 4.71989746e-05
 4.72030948e-05 4.72072366e-05 4.72114000e-05 4.72155849e-05
 4.72197915e-05 4.72240196e-05 4.72282694e-05 4.72325407e-05
 4.72368336e-05 4.72411481e-05 4.72454843e-05 4.72498420e-05
 4.72542213e-05 4.72586222e-05 4.72630447e-05 4.72674889e-05
 4.72719546e-05 4.72764420e-05 4.72809509e-05 4.72854815e-05
 4.72900337e-05 4.72946076e-05 4.72992030e-05 4.73038201e-05
 4.73084588e-05 4.73131191e-05 4.73178011e-05 4.73225047e-05
 4.73272299e-05 4.73319768e-05 4.73367453e-05 4.73415355e-05
 4.73463472e-05 4.73511807e-05 4.73560358e-05 4.73609125e-05
 4.73658109e-05 4.73707310e-05 4.73756727e-05 4.73806360e-05
 4.73856211e-05 4.73906278e-05 4.73956561e-05 4.74007061e-05
 4.74057778e-05 4.74108712e-05 4.74159863e-05 4.74211230e-05
 4.74262814e-05 4.74314615e-05 4.74366633e-05 4.74418867e-05
 4.74471319e-05 4.74523987e-05 4.74576873e-05 4.74629975e-05
 4.74683294e-05 4.74736831e-05 4.74790584e-05 4.74844555e-05
 4.74898742e-05 4.74953147e-05 4.75007769e-05 4.75062608e-05
 4.75117664e-05 4.75172938e-05 4.75228428e-05 4.75284136e-05
 4.75340062e-05 4.75396204e-05 4.75452564e-05 4.75509142e-05
 4.75565936e-05 4.75622948e-05 4.75680178e-05 4.75737625e-05
 4.75795290e-05 4.75853172e-05 4.75911271e-05 4.75969589e-05
 4.76028123e-05 4.76086876e-05 4.76145846e-05 4.76205034e-05
 4.76264439e-05 4.76324063e-05 4.76383904e-05 4.76443963e-05
 4.76504239e-05 4.76564734e-05 4.76625446e-05 4.76686377e-05
 4.76747525e-05 4.76808891e-05 4.76870475e-05 4.76932278e-05
 4.76994298e-05 4.77056536e-05 4.77118993e-05 4.77181667e-05
 4.77244560e-05 4.77307671e-05 4.77371000e-05 4.77434548e-05
 4.77498314e-05 4.77562298e-05 4.77626500e-05 4.77690921e-05
 4.77755560e-05 4.77820417e-05 4.77885493e-05 4.77950788e-05
 4.78016301e-05 4.78082032e-05 4.78147983e-05 4.78214151e-05
 4.78280539e-05 4.78347145e-05 4.78413970e-05 4.78481013e-05
 4.78548275e-05 4.78615756e-05 4.78683456e-05 4.78751375e-05
 4.78819512e-05 4.78887869e-05 4.78956444e-05 4.79025239e-05
 4.79094252e-05 4.79163484e-05 4.79232936e-05 4.79302607e-05
 4.79372496e-05 4.79442605e-05 4.79512933e-05 4.79583481e-05
 4.79654247e-05 4.79725233e-05 4.79796438e-05 4.79867863e-05
 4.79939507e-05 4.80011370e-05 4.80083453e-05 4.80155756e-05
 4.80228277e-05 4.80301019e-05 4.80373980e-05 4.80447161e-05
 4.80520561e-05 4.80594181e-05 4.80668021e-05 4.80742080e-05
 4.80816359e-05 4.80890858e-05 4.80965577e-05 4.81040516e-05
 4.81115675e-05 4.81191054e-05 4.81266652e-05 4.81342471e-05
 4.81418510e-05 4.81494769e-05 4.81571248e-05 4.81647947e-05
 4.81724867e-05 4.81802006e-05 4.81879366e-05 4.81956946e-05
 4.82034747e-05 4.82112768e-05 4.82191009e-05 4.82269471e-05
 4.82348154e-05 4.82427057e-05 4.82506180e-05 4.82585524e-05
 4.82665089e-05 4.82744874e-05 4.82824880e-05 4.82905107e-05
 4.82985555e-05 4.83066223e-05 4.83147112e-05 4.83228222e-05
 4.83309553e-05 4.83391105e-05 4.83472878e-05 4.83554873e-05
 4.83637088e-05 4.83719524e-05 4.83802181e-05 4.83885060e-05
 4.83968160e-05 4.84051481e-05 4.84135023e-05 4.84218787e-05
 4.84302772e-05 4.84386979e-05 4.84471407e-05 4.84556056e-05
 4.84640927e-05 4.84726020e-05 4.84811334e-05 4.84896870e-05
 4.84982628e-05 4.85068607e-05 4.85154808e-05 4.85241231e-05
 4.85327876e-05 4.85414742e-05 4.85501831e-05 4.85589141e-05
 4.85676674e-05 4.85764428e-05 4.85852405e-05 4.85940604e-05
 4.86029025e-05 4.86117668e-05 4.86206533e-05 4.86295621e-05
 4.86384931e-05 4.86474464e-05 4.86564218e-05 4.86654196e-05
 4.86744396e-05 4.86834818e-05 4.86925463e-05 4.87016330e-05
 4.87107420e-05 4.87198733e-05 4.87290269e-05 4.87382027e-05
 4.87474008e-05 4.87566213e-05 4.87658640e-05 4.87751290e-05
 4.87844162e-05 4.87937258e-05 4.88030578e-05 4.88124120e-05
 4.88217885e-05 4.88311874e-05 4.88406086e-05 4.88500521e-05
 4.88595179e-05 4.88690061e-05 4.88785166e-05 4.88880495e-05
 4.88976047e-05 4.89071823e-05 4.89167822e-05 4.89264045e-05
 4.89360492e-05 4.89457163e-05 4.89554057e-05 4.89651175e-05
 4.89748517e-05 4.89846083e-05 4.89943873e-05 4.90041886e-05
 4.90140124e-05 4.90238586e-05 4.90337272e-05 4.90436182e-05
 4.90535317e-05 4.90634676e-05 4.90734259e-05 4.90834066e-05
 4.90934098e-05 4.91034354e-05 4.91134835e-05 4.91235540e-05
 4.91336470e-05 4.91437625e-05 4.91539004e-05 4.91640608e-05
 4.91742437e-05 4.91844490e-05 4.91946769e-05 4.92049272e-05
 4.92152000e-05 4.92254953e-05 4.92358132e-05 4.92461535e-05
 4.92565164e-05 4.92669018e-05 4.92773097e-05 4.92877401e-05
 4.92981931e-05 4.93086686e-05 4.93191666e-05 4.93296872e-05
 4.93402304e-05 4.93507961e-05 4.93613844e-05 4.93719952e-05
 4.93826286e-05 4.93932846e-05 4.94039632e-05 4.94146643e-05
 4.94253881e-05 4.94361344e-05 4.94469034e-05 4.94576949e-05
 4.94685091e-05 4.94793459e-05 4.94902053e-05 4.95010873e-05]