[1.51675649e-05 1.51263657e-05 1.50853033e-05 1.50443774e-05
 1.50035874e-05 1.49629332e-05 1.49224142e-05 1.48820302e-05
 1.48417808e-05 1.48016656e-05 1.47616842e-05 1.47218363e-05
 1.46821215e-05 1.46425395e-05 1.46030899e-05 1.45637723e-05
 1.45245864e-05 1.44855319e-05 1.44466083e-05 1.44078154e-05
 1.43691527e-05 1.43306200e-05 1.42922168e-05 1.42539429e-05
 1.42157978e-05 1.41777813e-05 1.41398930e-05 1.41021325e-05
 1.40644995e-05 1.40269937e-05 1.39896147e-05 1.39523622e-05
 1.39152358e-05 1.38782352e-05 1.38413602e-05 1.38046102e-05
 1.37679851e-05 1.37314844e-05 1.36951079e-05 1.36588552e-05
 1.36227260e-05 1.35867199e-05 1.35508367e-05 1.35150760e-05
 1.34794374e-05 1.34439208e-05 1.34085256e-05 1.33732517e-05
 1.33380987e-05 1.33030662e-05 1.32681540e-05 1.32333618e-05
 1.31986892e-05 1.31641359e-05 1.31297016e-05 1.30953859e-05
 1.30611887e-05 1.30271096e-05 1.29931481e-05 1.29593042e-05
 1.29255774e-05 1.28919674e-05 1.28584740e-05 1.28250968e-05
 1.27918355e-05 1.27586898e-05 1.27256595e-05 1.26927442e-05
 1.26599436e-05 1.26272575e-05 1.25946855e-05 1.25622273e-05
 1.25298827e-05 1.24976513e-05 1.24655329e-05 1.24335272e-05
 1.24016338e-05 1.23698525e-05 1.23381831e-05 1.23066251e-05
 1.22751784e-05 1.22438426e-05 1.22126175e-05 1.21815027e-05
 1.21504981e-05 1.21196032e-05 1.20888179e-05 1.20581418e-05
 1.20275748e-05 1.19971164e-05 1.19667664e-05 1.19365246e-05
 1.19063907e-05 1.18763643e-05 1.18464453e-05 1.18166334e-05
 1.17869282e-05 1.17573295e-05 1.17278371e-05 1.16984507e-05
 1.16691700e-05 1.16399948e-05 1.16109247e-05 1.15819595e-05
 1.15530990e-05 1.15243430e-05 1.14956910e-05 1.14671429e-05
 1.14386985e-05 1.14103574e-05 1.13821194e-05 1.13539842e-05
 1.13259517e-05 1.12980214e-05 1.12701933e-05 1.12424670e-05
 1.12148423e-05 1.11873189e-05 1.11598966e-05 1.11325751e-05
 1.11053543e-05 1.10782337e-05 1.10512133e-05 1.10242927e-05
 1.09974717e-05 1.09707500e-05 1.09441275e-05 1.09176039e-05
 1.08911789e-05 1.08648523e-05 1.08386238e-05 1.08124933e-05
 1.07864604e-05 1.07605250e-05 1.07346869e-05 1.07089457e-05
 1.06833012e-05 1.06577533e-05 1.06323016e-05 1.06069460e-05
 1.05816862e-05 1.05565220e-05 1.05314532e-05 1.05064795e-05
 1.04816007e-05 1.04568166e-05 1.04321269e-05 1.04075315e-05
 1.03830301e-05 1.03586225e-05 1.03343085e-05 1.03100878e-05
 1.02859603e-05 1.02619256e-05 1.02379837e-05 1.02141342e-05
 1.01903770e-05 1.01667118e-05 1.01431385e-05 1.01196568e-05
 1.00962665e-05 1.00729674e-05 1.00497592e-05 1.00266418e-05
 1.00036150e-05 9.98067858e-06 9.95783226e-06 9.93507588e-06
 9.91240924e-06 9.88983212e-06 9.86734432e-06 9.84494563e-06
 9.82263586e-06 9.80041480e-06 9.77828225e-06 9.75623801e-06
 9.73428188e-06 9.71241366e-06 9.69063316e-06 9.66894016e-06
 9.64733449e-06 9.62581594e-06 9.60438431e-06 9.58303942e-06
 9.56178107e-06 9.54060907e-06 9.51952322e-06 9.49852333e-06
 9.47760922e-06 9.45678069e-06 9.43603755e-06 9.41537963e-06
 9.39480672e-06 9.37431865e-06 9.35391522e-06 9.33359626e-06
 9.31336157e-06 9.29321098e-06 9.27314431e-06 9.25316136e-06
 9.23326196e-06 9.21344593e-06 9.19371309e-06 9.17406326e-06
 9.15449627e-06 9.13501192e-06 9.11561006e-06 9.09629050e-06
 9.07705307e-06 9.05789759e-06 9.03882388e-06 9.01983179e-06
 9.00092113e-06 8.98209173e-06 8.96334342e-06 8.94467604e-06
 8.92608941e-06 8.90758336e-06 8.88915773e-06 8.87081235e-06
 8.85254706e-06 8.83436168e-06 8.81625605e-06 8.79823002e-06
 8.78028341e-06 8.76241606e-06 8.74462781e-06 8.72691850e-06
 8.70928797e-06 8.69173606e-06 8.67426261e-06 8.65686747e-06
 8.63955046e-06 8.62231145e-06 8.60515026e-06 8.58806675e-06
 8.57106076e-06 8.55413214e-06 8.53728073e-06 8.52050638e-06
 8.50380893e-06 8.48718825e-06 8.47064417e-06 8.45417654e-06
 8.43778522e-06 8.42147006e-06 8.40523092e-06 8.38906763e-06
 8.37298006e-06 8.35696806e-06 8.34103149e-06 8.32517020e-06
 8.30938404e-06 8.29367288e-06 8.27803657e-06 8.26247497e-06
 8.24698794e-06 8.23157534e-06 8.21623703e-06 8.20097287e-06
 8.18578272e-06 8.17066644e-06 8.15562390e-06 8.14065496e-06
 8.12575948e-06 8.11093734e-06 8.09618839e-06 8.08151250e-06
 8.06690954e-06 8.05237938e-06 8.03792188e-06 8.02353691e-06
 8.00922435e-06 7.99498406e-06 7.98081592e-06 7.96671979e-06
 7.95269555e-06 7.93874307e-06 7.92486222e-06 7.91105289e-06
 7.89731493e-06 7.88364824e-06 7.87005268e-06 7.85652813e-06
 7.84307447e-06 7.82969158e-06 7.81637934e-06 7.80313762e-06
 7.78996630e-06 7.77686527e-06 7.76383441e-06 7.75087360e-06
 7.73798272e-06 7.72516165e-06 7.71241028e-06 7.69972850e-06
 7.68711618e-06 7.67457322e-06 7.66209949e-06 7.64969489e-06
 7.63735931e-06 7.62509263e-06 7.61289474e-06 7.60076553e-06
 7.58870489e-06 7.57671272e-06 7.56478889e-06 7.55293332e-06
 7.54114587e-06 7.52942646e-06 7.51777498e-06 7.50619131e-06
 7.49467535e-06 7.48322701e-06 7.47184616e-06 7.46053273e-06
 7.44928659e-06 7.43810765e-06 7.42699580e-06 7.41595095e-06
 7.40497300e-06 7.39406184e-06 7.38321738e-06 7.37243952e-06
 7.36172816e-06 7.35108320e-06 7.34050455e-06 7.32999211e-06
 7.31954579e-06 7.30916549e-06 7.29885112e-06 7.28860258e-06
 7.27841978e-06 7.26830263e-06 7.25825104e-06 7.24826491e-06
 7.23834416e-06 7.22848870e-06 7.21869843e-06 7.20897327e-06
 7.19931313e-06 7.18971792e-06 7.18018755e-06 7.17072195e-06
 7.16132101e-06 7.15198467e-06 7.14271282e-06 7.13350540e-06
 7.12436231e-06 7.11528347e-06 7.10626880e-06 7.09731822e-06
 7.08843165e-06 7.07960900e-06 7.07085020e-06 7.06215517e-06
 7.05352383e-06 7.04495609e-06 7.03645189e-06 7.02801115e-06
 7.01963378e-06 7.01131972e-06 7.00306888e-06 6.99488120e-06
 6.98675659e-06 6.97869499e-06 6.97069633e-06 6.96276052e-06
 6.95488750e-06 6.94707719e-06 6.93932953e-06 6.93164445e-06
 6.92402187e-06 6.91646173e-06 6.90896395e-06 6.90152848e-06
 6.89415523e-06 6.88684416e-06 6.87959518e-06 6.87240823e-06
 6.86528326e-06 6.85822019e-06 6.85121895e-06 6.84427950e-06
 6.83740175e-06 6.83058566e-06 6.82383116e-06 6.81713819e-06
 6.81050668e-06 6.80393658e-06 6.79742783e-06 6.79098037e-06
 6.78459413e-06 6.77826907e-06 6.77200513e-06 6.76580224e-06
 6.75966036e-06 6.75357942e-06 6.74755937e-06 6.74160016e-06
 6.73570173e-06 6.72986403e-06 6.72408701e-06 6.71837061e-06
 6.71271479e-06 6.70711948e-06 6.70158465e-06 6.69611023e-06
 6.69069619e-06 6.68534246e-06 6.68004901e-06 6.67481578e-06
 6.66964274e-06 6.66452982e-06 6.65947698e-06 6.65448419e-06
 6.64955138e-06 6.64467853e-06 6.63986558e-06 6.63511249e-06
 6.63041921e-06 6.62578572e-06 6.62121195e-06 6.61669788e-06
 6.61224345e-06 6.60784864e-06 6.60351340e-06 6.59923768e-06
 6.59502146e-06 6.59086470e-06 6.58676735e-06 6.58272938e-06
 6.57875075e-06 6.57483143e-06 6.57097138e-06 6.56717056e-06
 6.56342895e-06 6.55974651e-06 6.55612320e-06 6.55255899e-06
 6.54905384e-06 6.54560774e-06 6.54222064e-06 6.53889252e-06
 6.53562335e-06 6.53241308e-06 6.52926171e-06 6.52616919e-06
 6.52313551e-06 6.52016062e-06 6.51724451e-06 6.51438715e-06
 6.51158851e-06 6.50884857e-06 6.50616731e-06 6.50354469e-06
 6.50098070e-06 6.49847530e-06 6.49602849e-06 6.49364023e-06
 6.49131051e-06 6.48903931e-06 6.48682659e-06 6.48467235e-06
 6.48257656e-06 6.48053921e-06 6.47856027e-06 6.47663974e-06
 6.47477758e-06 6.47297379e-06 6.47122834e-06 6.46954123e-06
 6.46791243e-06 6.46634193e-06 6.46482973e-06 6.46337579e-06
 6.46198012e-06 6.46064269e-06 6.45936350e-06 6.45814254e-06
 6.45697979e-06 6.45587524e-06 6.45482888e-06 6.45384071e-06
 6.45291071e-06 6.45203887e-06 6.45122520e-06 6.45046967e-06
 6.44977229e-06 6.44913305e-06 6.44855193e-06 6.44802895e-06
 6.44756408e-06 6.44715733e-06 6.44680870e-06 6.44651818e-06
 6.44628576e-06 6.44611145e-06 6.44599525e-06 6.44593714e-06
 6.44593714e-06 6.44599525e-06 6.44611145e-06 6.44628576e-06
 6.44651818e-06 6.44680870e-06 6.44715733e-06 6.44756408e-06
 6.44802895e-06 6.44855193e-06 6.44913305e-06 6.44977229e-06
 6.45046967e-06 6.45122520e-06 6.45203887e-06 6.45291071e-06
 6.45384071e-06 6.45482888e-06 6.45587524e-06 6.45697979e-06
 6.45814254e-06 6.45936350e-06 6.46064269e-06 6.46198012e-06
 6.46337579e-06 6.46482973e-06 6.46634193e-06 6.46791243e-06
 6.46954123e-06 6.47122834e-06 6.47297379e-06 6.47477758e-06
 6.47663974e-06 6.47856027e-06 6.48053921e-06 6.48257656e-06
 6.48467235e-06 6.48682659e-06 6.48903931e-06 6.49131051e-06
 6.49364023e-06 6.49602849e-06 6.49847530e-06 6.50098070e-06
 6.50354469e-06 6.50616731e-06 6.50884857e-06 6.51158851e-06
 6.51438715e-06 6.51724451e-06 6.52016062e-06 6.52313551e-06
 6.52616919e-06 6.52926171e-06 6.53241308e-06 6.53562335e-06
 6.53889252e-06 6.54222064e-06 6.54560774e-06 6.54905384e-06
 6.55255899e-06 6.55612320e-06 6.55974651e-06 6.56342895e-06
 6.56717056e-06 6.57097138e-06 6.57483143e-06 6.57875075e-06
 6.58272938e-06 6.58676735e-06 6.59086470e-06 6.59502146e-06
 6.59923768e-06 6.60351340e-06 6.60784864e-06 6.61224345e-06
 6.61669788e-06 6.62121195e-06 6.62578572e-06 6.63041921e-06
 6.63511249e-06 6.63986558e-06 6.64467853e-06 6.64955138e-06
 6.65448419e-06 6.65947698e-06 6.66452982e-06 6.66964274e-06
 6.67481578e-06 6.68004901e-06 6.68534246e-06 6.69069619e-06
 6.69611023e-06 6.70158465e-06 6.70711948e-06 6.71271479e-06
 6.71837061e-06 6.72408701e-06 6.72986403e-06 6.73570173e-06
 6.74160016e-06 6.74755937e-06 6.75357942e-06 6.75966036e-06
 6.76580224e-06 6.77200513e-06 6.77826907e-06 6.78459413e-06
 6.79098037e-06 6.79742783e-06 6.80393658e-06 6.81050668e-06
 6.81713819e-06 6.82383116e-06 6.83058566e-06 6.83740175e-06
 6.84427950e-06 6.85121895e-06 6.85822019e-06 6.86528326e-06
 6.87240823e-06 6.87959518e-06 6.88684416e-06 6.89415523e-06
 6.90152848e-06 6.90896395e-06 6.91646173e-06 6.92402187e-06
 6.93164445e-06 6.93932953e-06 6.94707719e-06 6.95488750e-06
 6.96276052e-06 6.97069633e-06 6.97869499e-06 6.98675659e-06
 6.99488120e-06 7.00306888e-06 7.01131972e-06 7.01963378e-06
 7.02801115e-06 7.03645189e-06 7.04495609e-06 7.05352383e-06
 7.06215517e-06 7.07085020e-06 7.07960900e-06 7.08843165e-06
 7.09731822e-06 7.10626880e-06 7.11528347e-06 7.12436231e-06
 7.13350540e-06 7.14271282e-06 7.15198467e-06 7.16132101e-06
 7.17072195e-06 7.18018755e-06 7.18971792e-06 7.19931313e-06
 7.20897327e-06 7.21869843e-06 7.22848870e-06 7.23834416e-06
 7.24826491e-06 7.25825104e-06 7.26830263e-06 7.27841978e-06
 7.28860258e-06 7.29885112e-06 7.30916549e-06 7.31954579e-06
 7.32999211e-06 7.34050455e-06 7.35108320e-06 7.36172816e-06
 7.37243952e-06 7.38321738e-06 7.39406184e-06 7.40497300e-06
 7.41595095e-06 7.42699580e-06 7.43810765e-06 7.44928659e-06
 7.46053273e-06 7.47184616e-06 7.48322701e-06 7.49467535e-06
 7.50619131e-06 7.51777498e-06 7.52942646e-06 7.54114587e-06
 7.55293332e-06 7.56478889e-06 7.57671272e-06 7.58870489e-06
 7.60076553e-06 7.61289474e-06 7.62509263e-06 7.63735931e-06
 7.64969489e-06 7.66209949e-06 7.67457322e-06 7.68711618e-06
 7.69972850e-06 7.71241028e-06 7.72516165e-06 7.73798272e-06
 7.75087360e-06 7.76383441e-06 7.77686527e-06 7.78996630e-06
 7.80313762e-06 7.81637934e-06 7.82969158e-06 7.84307447e-06
 7.85652813e-06 7.87005268e-06 7.88364824e-06 7.89731493e-06
 7.91105289e-06 7.92486222e-06 7.93874307e-06 7.95269555e-06
 7.96671979e-06 7.98081592e-06 7.99498406e-06 8.00922435e-06
 8.02353691e-06 8.03792188e-06 8.05237938e-06 8.06690954e-06
 8.08151250e-06 8.09618839e-06 8.11093734e-06 8.12575948e-06
 8.14065496e-06 8.15562390e-06 8.17066644e-06 8.18578272e-06
 8.20097287e-06 8.21623703e-06 8.23157534e-06 8.24698794e-06
 8.26247497e-06 8.27803657e-06 8.29367288e-06 8.30938404e-06
 8.32517020e-06 8.34103149e-06 8.35696806e-06 8.37298006e-06
 8.38906763e-06 8.40523092e-06 8.42147006e-06 8.43778522e-06
 8.45417654e-06 8.47064417e-06 8.48718825e-06 8.50380893e-06
 8.52050638e-06 8.53728073e-06 8.55413214e-06 8.57106076e-06
 8.58806675e-06 8.60515026e-06 8.62231145e-06 8.63955046e-06
 8.65686747e-06 8.67426261e-06 8.69173606e-06 8.70928797e-06
 8.72691850e-06 8.74462781e-06 8.76241606e-06 8.78028341e-06
 8.79823002e-06 8.81625605e-06 8.83436168e-06 8.85254706e-06
 8.87081235e-06 8.88915773e-06 8.90758336e-06 8.92608941e-06
 8.94467604e-06 8.96334342e-06 8.98209173e-06 9.00092113e-06
 9.01983179e-06 9.03882388e-06 9.05789759e-06 9.07705307e-06
 9.09629050e-06 9.11561006e-06 9.13501192e-06 9.15449627e-06
 9.17406326e-06 9.19371309e-06 9.21344593e-06 9.23326196e-06
 9.25316136e-06 9.27314431e-06 9.29321098e-06 9.31336157e-06
 9.33359626e-06 9.35391522e-06 9.37431865e-06 9.39480672e-06
 9.41537963e-06 9.43603755e-06 9.45678069e-06 9.47760922e-06
 9.49852333e-06 9.51952322e-06 9.54060907e-06 9.56178107e-06
 9.58303942e-06 9.60438431e-06 9.62581594e-06 9.64733449e-06
 9.66894016e-06 9.69063316e-06 9.71241366e-06 9.73428188e-06
 9.75623801e-06 9.77828225e-06 9.80041480e-06 9.82263586e-06
 9.84494563e-06 9.86734432e-06 9.88983212e-06 9.91240924e-06
 9.93507588e-06 9.95783226e-06 9.98067858e-06 1.00036150e-05
 1.00266418e-05 1.00497592e-05 1.00729674e-05 1.00962665e-05
 1.01196568e-05 1.01431385e-05 1.01667118e-05 1.01903770e-05
 1.02141342e-05 1.02379837e-05 1.02619256e-05 1.02859603e-05
 1.03100878e-05 1.03343085e-05 1.03586225e-05 1.03830301e-05
 1.04075315e-05 1.04321269e-05 1.04568166e-05 1.04816007e-05
 1.05064795e-05 1.05314532e-05 1.05565220e-05 1.05816862e-05
 1.06069460e-05 1.06323016e-05 1.06577533e-05 1.06833012e-05
 1.07089457e-05 1.07346869e-05 1.07605250e-05 1.07864604e-05
 1.08124933e-05 1.08386238e-05 1.08648523e-05 1.08911789e-05
 1.09176039e-05 1.09441275e-05 1.09707500e-05 1.09974717e-05
 1.10242927e-05 1.10512133e-05 1.10782337e-05 1.11053543e-05
 1.11325751e-05 1.11598966e-05 1.11873189e-05 1.12148423e-05
 1.12424670e-05 1.12701933e-05 1.12980214e-05 1.13259517e-05
 1.13539842e-05 1.13821194e-05 1.14103574e-05 1.14386985e-05
 1.14671429e-05 1.14956910e-05 1.15243430e-05 1.15530990e-05
 1.15819595e-05 1.16109247e-05 1.16399948e-05 1.16691700e-05
 1.16984507e-05 1.17278371e-05 1.17573295e-05 1.17869282e-05
 1.18166334e-05 1.18464453e-05 1.18763643e-05 1.19063907e-05
 1.19365246e-05 1.19667664e-05 1.19971164e-05 1.20275748e-05
 1.20581418e-05 1.20888179e-05 1.21196032e-05 1.21504981e-05
 1.21815027e-05 1.22126175e-05 1.22438426e-05 1.22751784e-05
 1.23066251e-05 1.23381831e-05 1.23698525e-05 1.24016338e-05
 1.24335272e-05 1.24655329e-05 1.24976513e-05 1.25298827e-05
 1.25622273e-05 1.25946855e-05 1.26272575e-05 1.26599436e-05
 1.26927442e-05 1.27256595e-05 1.27586898e-05 1.27918355e-05
 1.28250968e-05 1.28584740e-05 1.28919674e-05 1.29255774e-05
 1.29593042e-05 1.29931481e-05 1.30271096e-05 1.30611887e-05
 1.30953859e-05 1.31297016e-05 1.31641359e-05 1.31986892e-05
 1.32333618e-05 1.32681540e-05 1.33030662e-05 1.33380987e-05
 1.33732517e-05 1.34085256e-05 1.34439208e-05 1.34794374e-05
 1.35150760e-05 1.35508367e-05 1.35867199e-05 1.36227260e-05
 1.36588552e-05 1.36951079e-05 1.37314844e-05 1.37679851e-05
 1.38046102e-05 1.38413602e-05 1.38782352e-05 1.39152358e-05
 1.39523622e-05 1.39896147e-05 1.40269937e-05 1.40644995e-05
 1.41021325e-05 1.41398930e-05 1.41777813e-05 1.42157978e-05
 1.42539429e-05 1.42922168e-05 1.43306200e-05 1.43691527e-05
 1.44078154e-05 1.44466083e-05 1.44855319e-05 1.45245864e-05
 1.45637723e-05 1.46030899e-05 1.46425395e-05 1.46821215e-05
 1.47218363e-05 1.47616842e-05 1.48016656e-05 1.48417808e-05
 1.48820302e-05 1.49224142e-05 1.49629332e-05 1.50035874e-05
 1.50443774e-05 1.50853033e-05 1.51263657e-05 1.51675649e-05]