[1.85341127e-05 1.84236017e-05 1.83137574e-05 1.82045758e-05
 1.80960530e-05 1.79881851e-05 1.78809681e-05 1.77743982e-05
 1.76684715e-05 1.75631842e-05 1.74585324e-05 1.73545123e-05
 1.72511202e-05 1.71483523e-05 1.70462049e-05 1.69446743e-05
 1.68437568e-05 1.67434487e-05 1.66437465e-05 1.65446465e-05
 1.64461450e-05 1.63482386e-05 1.62509237e-05 1.61541967e-05
 1.60580542e-05 1.59624927e-05 1.58675086e-05 1.57730986e-05
 1.56792592e-05 1.55859870e-05 1.54932787e-05 1.54011309e-05
 1.53095402e-05 1.52185033e-05 1.51280169e-05 1.50380778e-05
 1.49486826e-05 1.48598282e-05 1.47715113e-05 1.46837287e-05
 1.45964772e-05 1.45097537e-05 1.44235550e-05 1.43378780e-05
 1.42527196e-05 1.41680767e-05 1.40839462e-05 1.40003251e-05
 1.39172103e-05 1.38345989e-05 1.37524878e-05 1.36708740e-05
 1.35897547e-05 1.35091268e-05 1.34289875e-05 1.33493337e-05
 1.32701628e-05 1.31914716e-05 1.31132575e-05 1.30355176e-05
 1.29582491e-05 1.28814491e-05 1.28051149e-05 1.27292436e-05
 1.26538327e-05 1.25788792e-05 1.25043806e-05 1.24303341e-05
 1.23567370e-05 1.22835866e-05 1.22108803e-05 1.21386155e-05
 1.20667895e-05 1.19953998e-05 1.19244437e-05 1.18539187e-05
 1.17838222e-05 1.17141517e-05 1.16449046e-05 1.15760784e-05
 1.15076707e-05 1.14396790e-05 1.13721007e-05 1.13049335e-05
 1.12381750e-05 1.11718225e-05 1.11058739e-05 1.10403267e-05
 1.09751785e-05 1.09104269e-05 1.08460697e-05 1.07821044e-05
 1.07185287e-05 1.06553404e-05 1.05925372e-05 1.05301168e-05
 1.04680768e-05 1.04064151e-05 1.03451295e-05 1.02842176e-05
 1.02236774e-05 1.01635065e-05 1.01037029e-05 1.00442644e-05
 9.98518868e-06 9.92647376e-06 9.86811747e-06 9.81011768e-06
 9.75247231e-06 9.69517925e-06 9.63823643e-06 9.58164178e-06
 9.52539325e-06 9.46948881e-06 9.41392642e-06 9.35870408e-06
 9.30381977e-06 9.24927151e-06 9.19505732e-06 9.14117523e-06
 9.08762330e-06 9.03439957e-06 8.98150212e-06 8.92892904e-06
 8.87667841e-06 8.82474833e-06 8.77313694e-06 8.72184235e-06
 8.67086270e-06 8.62019615e-06 8.56984086e-06 8.51979501e-06
 8.47005677e-06 8.42062435e-06 8.37149595e-06 8.32266980e-06
 8.27414411e-06 8.22591714e-06 8.17798713e-06 8.13035234e-06
 8.08301105e-06 8.03596155e-06 7.98920212e-06 7.94273106e-06
 7.89654670e-06 7.85064737e-06 7.80503138e-06 7.75969710e-06
 7.71464288e-06 7.66986708e-06 7.62536808e-06 7.58114426e-06
 7.53719403e-06 7.49351579e-06 7.45010796e-06 7.40696895e-06
 7.36409722e-06 7.32149119e-06 7.27914934e-06 7.23707012e-06
 7.19525200e-06 7.15369348e-06 7.11239303e-06 7.07134918e-06
 7.03056042e-06 6.99002528e-06 6.94974229e-06 6.90970999e-06
 6.86992692e-06 6.83039165e-06 6.79110274e-06 6.75205876e-06
 6.71325831e-06 6.67469997e-06 6.63638234e-06 6.59830404e-06
 6.56046368e-06 6.52285990e-06 6.48549132e-06 6.44835660e-06
 6.41145439e-06 6.37478335e-06 6.33834215e-06 6.30212946e-06
 6.26614398e-06 6.23038440e-06 6.19484943e-06 6.15953777e-06
 6.12444815e-06 6.08957928e-06 6.05492992e-06 6.02049880e-06
 5.98628467e-06 5.95228630e-06 5.91850244e-06 5.88493188e-06
 5.85157340e-06 5.81842579e-06 5.78548784e-06 5.75275836e-06
 5.72023617e-06 5.68792008e-06 5.65580893e-06 5.62390155e-06
 5.59219678e-06 5.56069347e-06 5.52939049e-06 5.49828669e-06
 5.46738095e-06 5.43667214e-06 5.40615916e-06 5.37584089e-06
 5.34571625e-06 5.31578412e-06 5.28604344e-06 5.25649312e-06
 5.22713209e-06 5.19795929e-06 5.16897365e-06 5.14017414e-06
 5.11155969e-06 5.08312928e-06 5.05488187e-06 5.02681644e-06
 4.99893197e-06 4.97122746e-06 4.94370189e-06 4.91635427e-06
 4.88918360e-06 4.86218891e-06 4.83536921e-06 4.80872353e-06
 4.78225090e-06 4.75595037e-06 4.72982098e-06 4.70386178e-06
 4.67807183e-06 4.65245020e-06 4.62699596e-06 4.60170818e-06
 4.57658594e-06 4.55162835e-06 4.52683448e-06 4.50220345e-06
 4.47773436e-06 4.45342632e-06 4.42927845e-06 4.40528988e-06
 4.38145973e-06 4.35778714e-06 4.33427125e-06 4.31091122e-06
 4.28770618e-06 4.26465531e-06 4.24175777e-06 4.21901272e-06
 4.19641934e-06 4.17397681e-06 4.15168432e-06 4.12954106e-06
 4.10754622e-06 4.08569902e-06 4.06399865e-06 4.04244433e-06
 4.02103528e-06 3.99977072e-06 3.97864988e-06 3.95767200e-06
 3.93683631e-06 3.91614206e-06 3.89558850e-06 3.87517488e-06
 3.85490047e-06 3.83476452e-06 3.81476631e-06 3.79490511e-06
 3.77518021e-06 3.75559088e-06 3.73613642e-06 3.71681612e-06
 3.69762928e-06 3.67857521e-06 3.65965321e-06 3.64086260e-06
 3.62220269e-06 3.60367282e-06 3.58527230e-06 3.56700048e-06
 3.54885668e-06 3.53084026e-06 3.51295055e-06 3.49518691e-06
 3.47754869e-06 3.46003526e-06 3.44264598e-06 3.42538022e-06
 3.40823735e-06 3.39121675e-06 3.37431781e-06 3.35753991e-06
 3.34088244e-06 3.32434480e-06 3.30792639e-06 3.29162662e-06
 3.27544489e-06 3.25938061e-06 3.24343321e-06 3.22760211e-06
 3.21188672e-06 3.19628649e-06 3.18080085e-06 3.16542923e-06
 3.15017107e-06 3.13502583e-06 3.11999296e-06 3.10507190e-06
 3.09026213e-06 3.07556309e-06 3.06097427e-06 3.04649512e-06
 3.03212513e-06 3.01786377e-06 3.00371053e-06 2.98966490e-06
 2.97572635e-06 2.96189440e-06 2.94816853e-06 2.93454825e-06
 2.92103307e-06 2.90762249e-06 2.89431603e-06 2.88111321e-06
 2.86801354e-06 2.85501656e-06 2.84212179e-06 2.82932877e-06
 2.81663702e-06 2.80404609e-06 2.79155553e-06 2.77916488e-06
 2.76687369e-06 2.75468151e-06 2.74258791e-06 2.73059244e-06
 2.71869468e-06 2.70689418e-06 2.69519052e-06 2.68358328e-06
 2.67207203e-06 2.66065636e-06 2.64933586e-06 2.63811011e-06
 2.62697870e-06 2.61594124e-06 2.60499732e-06 2.59414655e-06
 2.58338852e-06 2.57272287e-06 2.56214918e-06 2.55166709e-06
 2.54127621e-06 2.53097617e-06 2.52076658e-06 2.51064709e-06
 2.50061733e-06 2.49067692e-06 2.48082552e-06 2.47106275e-06
 2.46138828e-06 2.45180175e-06 2.44230280e-06 2.43289111e-06
 2.42356632e-06 2.41432809e-06 2.40517610e-06 2.39611001e-06
 2.38712948e-06 2.37823421e-06 2.36942386e-06 2.36069811e-06
 2.35205665e-06 2.34349916e-06 2.33502534e-06 2.32663487e-06
 2.31832746e-06 2.31010279e-06 2.30196058e-06 2.29390053e-06
 2.28592234e-06 2.27802573e-06 2.27021041e-06 2.26247609e-06
 2.25482250e-06 2.24724936e-06 2.23975639e-06 2.23234332e-06
 2.22500989e-06 2.21775582e-06 2.21058086e-06 2.20348474e-06
 2.19646721e-06 2.18952801e-06 2.18266690e-06 2.17588361e-06
 2.16917791e-06 2.16254955e-06 2.15599830e-06 2.14952391e-06
 2.14312615e-06 2.13680478e-06 2.13055959e-06 2.12439034e-06
 2.11829681e-06 2.11227877e-06 2.10633602e-06 2.10046833e-06
 2.09467549e-06 2.08895729e-06 2.08331353e-06 2.07774399e-06
 2.07224849e-06 2.06682681e-06 2.06147876e-06 2.05620415e-06
 2.05100278e-06 2.04587448e-06 2.04081904e-06 2.03583630e-06
 2.03092606e-06 2.02608815e-06 2.02132240e-06 2.01662862e-06
 2.01200666e-06 2.00745634e-06 2.00297750e-06 1.99856998e-06
 1.99423361e-06 1.98996825e-06 1.98577372e-06 1.98164989e-06
 1.97759661e-06 1.97361371e-06 1.96970107e-06 1.96585854e-06
 1.96208598e-06 1.95838326e-06 1.95475023e-06 1.95118677e-06
 1.94769275e-06 1.94426804e-06 1.94091251e-06 1.93762606e-06
 1.93440855e-06 1.93125987e-06 1.92817990e-06 1.92516854e-06
 1.92222568e-06 1.91935120e-06 1.91654500e-06 1.91380699e-06
 1.91113706e-06 1.90853512e-06 1.90600107e-06 1.90353482e-06
 1.90113628e-06 1.89880536e-06 1.89654199e-06 1.89434606e-06
 1.89221752e-06 1.89015628e-06 1.88816226e-06 1.88623539e-06
 1.88437561e-06 1.88258284e-06 1.88085703e-06 1.87919810e-06
 1.87760600e-06 1.87608067e-06 1.87462206e-06 1.87323010e-06
 1.87190476e-06 1.87064598e-06 1.86945372e-06 1.86832794e-06
 1.86726859e-06 1.86627563e-06 1.86534904e-06 1.86448876e-06
 1.86369479e-06 1.86296708e-06 1.86230561e-06 1.86171035e-06
 1.86118129e-06 1.86071840e-06 1.86032167e-06 1.85999109e-06
 1.85972663e-06 1.85952830e-06 1.85939608e-06 1.85932998e-06
 1.85932998e-06 1.85939608e-06 1.85952830e-06 1.85972663e-06
 1.85999109e-06 1.86032167e-06 1.86071840e-06 1.86118129e-06
 1.86171035e-06 1.86230561e-06 1.86296708e-06 1.86369479e-06
 1.86448876e-06 1.86534904e-06 1.86627563e-06 1.86726859e-06
 1.86832794e-06 1.86945372e-06 1.87064598e-06 1.87190476e-06
 1.87323010e-06 1.87462206e-06 1.87608067e-06 1.87760600e-06
 1.87919810e-06 1.88085703e-06 1.88258284e-06 1.88437561e-06
 1.88623539e-06 1.88816226e-06 1.89015628e-06 1.89221752e-06
 1.89434606e-06 1.89654199e-06 1.89880536e-06 1.90113628e-06
 1.90353482e-06 1.90600107e-06 1.90853512e-06 1.91113706e-06
 1.91380699e-06 1.91654500e-06 1.91935120e-06 1.92222568e-06
 1.92516854e-06 1.92817990e-06 1.93125987e-06 1.93440855e-06
 1.93762606e-06 1.94091251e-06 1.94426804e-06 1.94769275e-06
 1.95118677e-06 1.95475023e-06 1.95838326e-06 1.96208598e-06
 1.96585854e-06 1.96970107e-06 1.97361371e-06 1.97759661e-06
 1.98164989e-06 1.98577372e-06 1.98996825e-06 1.99423361e-06
 1.99856998e-06 2.00297750e-06 2.00745634e-06 2.01200666e-06
 2.01662862e-06 2.02132240e-06 2.02608815e-06 2.03092606e-06
 2.03583630e-06 2.04081904e-06 2.04587448e-06 2.05100278e-06
 2.05620415e-06 2.06147876e-06 2.06682681e-06 2.07224849e-06
 2.07774399e-06 2.08331353e-06 2.08895729e-06 2.09467549e-06
 2.10046833e-06 2.10633602e-06 2.11227877e-06 2.11829681e-06
 2.12439034e-06 2.13055959e-06 2.13680478e-06 2.14312615e-06
 2.14952391e-06 2.15599830e-06 2.16254955e-06 2.16917791e-06
 2.17588361e-06 2.18266690e-06 2.18952801e-06 2.19646721e-06
 2.20348474e-06 2.21058086e-06 2.21775582e-06 2.22500989e-06
 2.23234332e-06 2.23975639e-06 2.24724936e-06 2.25482250e-06
 2.26247609e-06 2.27021041e-06 2.27802573e-06 2.28592234e-06
 2.29390053e-06 2.30196058e-06 2.31010279e-06 2.31832746e-06
 2.32663487e-06 2.33502534e-06 2.34349916e-06 2.35205665e-06
 2.36069811e-06 2.36942386e-06 2.37823421e-06 2.38712948e-06
 2.39611001e-06 2.40517610e-06 2.41432809e-06 2.42356632e-06
 2.43289111e-06 2.44230280e-06 2.45180175e-06 2.46138828e-06
 2.47106275e-06 2.48082552e-06 2.49067692e-06 2.50061733e-06
 2.51064709e-06 2.52076658e-06 2.53097617e-06 2.54127621e-06
 2.55166709e-06 2.56214918e-06 2.57272287e-06 2.58338852e-06
 2.59414655e-06 2.60499732e-06 2.61594124e-06 2.62697870e-06
 2.63811011e-06 2.64933586e-06 2.66065636e-06 2.67207203e-06
 2.68358328e-06 2.69519052e-06 2.70689418e-06 2.71869468e-06
 2.73059244e-06 2.74258791e-06 2.75468151e-06 2.76687369e-06
 2.77916488e-06 2.79155553e-06 2.80404609e-06 2.81663702e-06
 2.82932877e-06 2.84212179e-06 2.85501656e-06 2.86801354e-06
 2.88111321e-06 2.89431603e-06 2.90762249e-06 2.92103307e-06
 2.93454825e-06 2.94816853e-06 2.96189440e-06 2.97572635e-06
 2.98966490e-06 3.00371053e-06 3.01786377e-06 3.03212513e-06
 3.04649512e-06 3.06097427e-06 3.07556309e-06 3.09026213e-06
 3.10507190e-06 3.11999296e-06 3.13502583e-06 3.15017107e-06
 3.16542923e-06 3.18080085e-06 3.19628649e-06 3.21188672e-06
 3.22760211e-06 3.24343321e-06 3.25938061e-06 3.27544489e-06
 3.29162662e-06 3.30792639e-06 3.32434480e-06 3.34088244e-06
 3.35753991e-06 3.37431781e-06 3.39121675e-06 3.40823735e-06
 3.42538022e-06 3.44264598e-06 3.46003526e-06 3.47754869e-06
 3.49518691e-06 3.51295055e-06 3.53084026e-06 3.54885668e-06
 3.56700048e-06 3.58527230e-06 3.60367282e-06 3.62220269e-06
 3.64086260e-06 3.65965321e-06 3.67857521e-06 3.69762928e-06
 3.71681612e-06 3.73613642e-06 3.75559088e-06 3.77518021e-06
 3.79490511e-06 3.81476631e-06 3.83476452e-06 3.85490047e-06
 3.87517488e-06 3.89558850e-06 3.91614206e-06 3.93683631e-06
 3.95767200e-06 3.97864988e-06 3.99977072e-06 4.02103528e-06
 4.04244433e-06 4.06399865e-06 4.08569902e-06 4.10754622e-06
 4.12954106e-06 4.15168432e-06 4.17397681e-06 4.19641934e-06
 4.21901272e-06 4.24175777e-06 4.26465531e-06 4.28770618e-06
 4.31091122e-06 4.33427125e-06 4.35778714e-06 4.38145973e-06
 4.40528988e-06 4.42927845e-06 4.45342632e-06 4.47773436e-06
 4.50220345e-06 4.52683448e-06 4.55162835e-06 4.57658594e-06
 4.60170818e-06 4.62699596e-06 4.65245020e-06 4.67807183e-06
 4.70386178e-06 4.72982098e-06 4.75595037e-06 4.78225090e-06
 4.80872353e-06 4.83536921e-06 4.86218891e-06 4.88918360e-06
 4.91635427e-06 4.94370189e-06 4.97122746e-06 4.99893197e-06
 5.02681644e-06 5.05488187e-06 5.08312928e-06 5.11155969e-06
 5.14017414e-06 5.16897365e-06 5.19795929e-06 5.22713209e-06
 5.25649312e-06 5.28604344e-06 5.31578412e-06 5.34571625e-06
 5.37584089e-06 5.40615916e-06 5.43667214e-06 5.46738095e-06
 5.49828669e-06 5.52939049e-06 5.56069347e-06 5.59219678e-06
 5.62390155e-06 5.65580893e-06 5.68792008e-06 5.72023617e-06
 5.75275836e-06 5.78548784e-06 5.81842579e-06 5.85157340e-06
 5.88493188e-06 5.91850244e-06 5.95228630e-06 5.98628467e-06
 6.02049880e-06 6.05492992e-06 6.08957928e-06 6.12444815e-06
 6.15953777e-06 6.19484943e-06 6.23038440e-06 6.26614398e-06
 6.30212946e-06 6.33834215e-06 6.37478335e-06 6.41145439e-06
 6.44835660e-06 6.48549132e-06 6.52285990e-06 6.56046368e-06
 6.59830404e-06 6.63638234e-06 6.67469997e-06 6.71325831e-06
 6.75205876e-06 6.79110274e-06 6.83039165e-06 6.86992692e-06
 6.90970999e-06 6.94974229e-06 6.99002528e-06 7.03056042e-06
 7.07134918e-06 7.11239303e-06 7.15369348e-06 7.19525200e-06
 7.23707012e-06 7.27914934e-06 7.32149119e-06 7.36409722e-06
 7.40696895e-06 7.45010796e-06 7.49351579e-06 7.53719403e-06
 7.58114426e-06 7.62536808e-06 7.66986708e-06 7.71464288e-06
 7.75969710e-06 7.80503138e-06 7.85064737e-06 7.89654670e-06
 7.94273106e-06 7.98920212e-06 8.03596155e-06 8.08301105e-06
 8.13035234e-06 8.17798713e-06 8.22591714e-06 8.27414411e-06
 8.32266980e-06 8.37149595e-06 8.42062435e-06 8.47005677e-06
 8.51979501e-06 8.56984086e-06 8.62019615e-06 8.67086270e-06
 8.72184235e-06 8.77313694e-06 8.82474833e-06 8.87667841e-06
 8.92892904e-06 8.98150212e-06 9.03439957e-06 9.08762330e-06
 9.14117523e-06 9.19505732e-06 9.24927151e-06 9.30381977e-06
 9.35870408e-06 9.41392642e-06 9.46948881e-06 9.52539325e-06
 9.58164178e-06 9.63823643e-06 9.69517925e-06 9.75247231e-06
 9.81011768e-06 9.86811747e-06 9.92647376e-06 9.98518868e-06
 1.00442644e-05 1.01037029e-05 1.01635065e-05 1.02236774e-05
 1.02842176e-05 1.03451295e-05 1.04064151e-05 1.04680768e-05
 1.05301168e-05 1.05925372e-05 1.06553404e-05 1.07185287e-05
 1.07821044e-05 1.08460697e-05 1.09104269e-05 1.09751785e-05
 1.10403267e-05 1.11058739e-05 1.11718225e-05 1.12381750e-05
 1.13049335e-05 1.13721007e-05 1.14396790e-05 1.15076707e-05
 1.15760784e-05 1.16449046e-05 1.17141517e-05 1.17838222e-05
 1.18539187e-05 1.19244437e-05 1.19953998e-05 1.20667895e-05
 1.21386155e-05 1.22108803e-05 1.22835866e-05 1.23567370e-05
 1.24303341e-05 1.25043806e-05 1.25788792e-05 1.26538327e-05
 1.27292436e-05 1.28051149e-05 1.28814491e-05 1.29582491e-05
 1.30355176e-05 1.31132575e-05 1.31914716e-05 1.32701628e-05
 1.33493337e-05 1.34289875e-05 1.35091268e-05 1.35897547e-05
 1.36708740e-05 1.37524878e-05 1.38345989e-05 1.39172103e-05
 1.40003251e-05 1.40839462e-05 1.41680767e-05 1.42527196e-05
 1.43378780e-05 1.44235550e-05 1.45097537e-05 1.45964772e-05
 1.46837287e-05 1.47715113e-05 1.48598282e-05 1.49486826e-05
 1.50380778e-05 1.51280169e-05 1.52185033e-05 1.53095402e-05
 1.54011309e-05 1.54932787e-05 1.55859870e-05 1.56792592e-05
 1.57730986e-05 1.58675086e-05 1.59624927e-05 1.60580542e-05
 1.61541967e-05 1.62509237e-05 1.63482386e-05 1.64461450e-05
 1.65446465e-05 1.66437465e-05 1.67434487e-05 1.68437568e-05
 1.69446743e-05 1.70462049e-05 1.71483523e-05 1.72511202e-05
 1.73545123e-05 1.74585324e-05 1.75631842e-05 1.76684715e-05
 1.77743982e-05 1.78809681e-05 1.79881851e-05 1.80960530e-05
 1.82045758e-05 1.83137574e-05 1.84236017e-05 1.85341127e-05]