[1.70644462e-05 1.66292834e-05 1.62057461e-05 1.57935239e-05
 1.53923143e-05 1.50018233e-05 1.46217644e-05 1.42518590e-05
 1.38918358e-05 1.35414308e-05 1.32003870e-05 1.28684544e-05
 1.25453895e-05 1.22309554e-05 1.19249216e-05 1.16270636e-05
 1.13371631e-05 1.10550074e-05 1.07803896e-05 1.05131083e-05
 1.02529676e-05 9.99977671e-06 9.75334991e-06 9.51350653e-06
 9.28007067e-06 9.05287117e-06 8.83174141e-06 8.61651923e-06
 8.40704682e-06 8.20317057e-06 8.00474097e-06 7.81161251e-06
 7.62364357e-06 7.44069631e-06 7.26263658e-06 7.08933379e-06
 6.92066088e-06 6.75649414e-06 6.59671319e-06 6.44120087e-06
 6.28984314e-06 6.14252900e-06 5.99915042e-06 5.85960228e-06
 5.72378223e-06 5.59159068e-06 5.46293069e-06 5.33770791e-06
 5.21583052e-06 5.09720915e-06 4.98175680e-06 4.86938881e-06
 4.76002279e-06 4.65357853e-06 4.54997799e-06 4.44914518e-06
 4.35100617e-06 4.25548899e-06 4.16252360e-06 4.07204182e-06
 3.98397731e-06 3.89826548e-06 3.81484349e-06 3.73365015e-06
 3.65462594e-06 3.57771289e-06 3.50285461e-06 3.42999621e-06
 3.35908425e-06 3.29006674e-06 3.22289307e-06 3.15751397e-06
 3.09388151e-06 3.03194902e-06 2.97167109e-06 2.91300351e-06
 2.85590326e-06 2.80032847e-06 2.74623839e-06 2.69359335e-06
 2.64235475e-06 2.59248502e-06 2.54394758e-06 2.49670683e-06
 2.45072815e-06 2.40597781e-06 2.36242300e-06 2.32003177e-06
 2.27877305e-06 2.23861657e-06 2.19953290e-06 2.16149336e-06
 2.12447007e-06 2.08843587e-06 2.05336434e-06 2.01922977e-06
 1.98600711e-06 1.95367202e-06 1.92220077e-06 1.89157030e-06
 1.86175813e-06 1.83274240e-06 1.80450185e-06 1.77701576e-06
 1.75026397e-06 1.72422687e-06 1.69888536e-06 1.67422086e-06
 1.65021528e-06 1.62685103e-06 1.60411096e-06 1.58197841e-06
 1.56043714e-06 1.53947135e-06 1.51906567e-06 1.49920514e-06
 1.47987520e-06 1.46106166e-06 1.44275074e-06 1.42492900e-06
 1.40758337e-06 1.39070115e-06 1.37426994e-06 1.35827770e-06
 1.34271270e-06 1.32756352e-06 1.31281906e-06 1.29846851e-06
 1.28450134e-06 1.27090731e-06 1.25767645e-06 1.24479906e-06
 1.23226570e-06 1.22006717e-06 1.20819453e-06 1.19663907e-06
 1.18539232e-06 1.17444604e-06 1.16379219e-06 1.15342296e-06
 1.14333075e-06 1.13350816e-06 1.12394799e-06 1.11464322e-06
 1.10558703e-06 1.09677278e-06 1.08819401e-06 1.07984442e-06
 1.07171790e-06 1.06380848e-06 1.05611037e-06 1.04861791e-06
 1.04132562e-06 1.03422815e-06 1.02732028e-06 1.02059697e-06
 1.01405327e-06 1.00768439e-06 1.00148566e-06 9.95452527e-07
 9.89580575e-07 9.83865494e-07 9.78303095e-07 9.72889298e-07
 9.67620133e-07 9.62491737e-07 9.57500348e-07 9.52642306e-07
 9.47914049e-07 9.43312110e-07 9.38833114e-07 9.34473776e-07
 9.30230901e-07 9.26101375e-07 9.22082172e-07 9.18170344e-07
 9.14363023e-07 9.10657415e-07 9.07050805e-07 9.03540547e-07
 9.00124068e-07 8.96798861e-07 8.93562489e-07 8.90412578e-07
 8.87346818e-07 8.84362962e-07 8.81458821e-07 8.78632265e-07
 8.75881222e-07 8.73203675e-07 8.70597659e-07 8.68061265e-07
 8.65592631e-07 8.63189948e-07 8.60851455e-07 8.58575435e-07
 8.56360220e-07 8.54204185e-07 8.52105750e-07 8.50063376e-07
 8.48075565e-07 8.46140859e-07 8.44257840e-07 8.42425126e-07
 8.40641375e-07 8.38905277e-07 8.37215560e-07 8.35570984e-07
 8.33970344e-07 8.32412466e-07 8.30896208e-07 8.29420457e-07
 8.27984131e-07 8.26586178e-07 8.25225572e-07 8.23901314e-07
 8.22612435e-07 8.21357990e-07 8.20137057e-07 8.18948742e-07
 8.17792173e-07 8.16666503e-07 8.15570906e-07 8.14504578e-07
 8.13466737e-07 8.12456623e-07 8.11473495e-07 8.10516631e-07
 8.09585331e-07 8.08678910e-07 8.07796705e-07 8.06938069e-07
 8.06102372e-07 8.05289000e-07 8.04497359e-07 8.03726866e-07
 8.02976958e-07 8.02247083e-07 8.01536708e-07 8.00845311e-07
 8.00172384e-07 7.99517436e-07 7.98879984e-07 7.98259563e-07
 7.97655716e-07 7.97068002e-07 7.96495988e-07 7.95939256e-07
 7.95397398e-07 7.94870016e-07 7.94356722e-07 7.93857142e-07
 7.93370909e-07 7.92897665e-07 7.92437064e-07 7.91988769e-07
 7.75656646e-07 7.75656646e-07 7.75656646e-07 7.75656646e-07
 7.75656646e-07 7.75656646e-07 7.75656646e-07 7.75656646e-07
 7.75656646e-07 7.75656646e-07 7.75656646e-07 7.75656646e-07
 7.75656646e-07 7.75656646e-07 7.75656646e-07 7.75656646e-07
 7.75656646e-07 7.75656646e-07 7.75656646e-07 7.75656646e-07
 7.75656646e-07 7.75656646e-07 7.75656646e-07 7.75656646e-07
 7.75656646e-07 7.75656646e-07 7.75656646e-07 7.75656646e-07
 7.75656646e-07 7.75656646e-07 7.75656646e-07 7.75656646e-07
 7.75656646e-07 7.75656646e-07 7.75656646e-07 7.75656646e-07
 7.75656646e-07 7.75656646e-07 7.75656646e-07 7.75656646e-07
 7.75656646e-07 7.75656646e-07 7.75656646e-07 7.75656646e-07
 7.75656646e-07 7.75656646e-07 7.75656646e-07 7.75656646e-07
 7.75656646e-07 7.75656646e-07 7.75656646e-07 7.75656646e-07
 7.75656646e-07 7.75656646e-07 7.75656646e-07 7.75656646e-07
 7.75656646e-07 7.75656646e-07 7.75656646e-07 7.75656646e-07
 7.75656646e-07 7.75656646e-07 7.75656646e-07 7.75656646e-07
 7.75656646e-07 7.75656646e-07 7.75656646e-07 7.75656646e-07
 7.75656646e-07 7.75656646e-07 7.75656646e-07 7.75656646e-07
 7.75656646e-07 7.75656646e-07 7.75656646e-07 7.75656646e-07
 7.75656646e-07 7.75656646e-07 7.75656646e-07 7.75656646e-07
 7.75656646e-07 7.75656646e-07 7.75656646e-07 7.75656646e-07
 7.75656646e-07 7.75656646e-07 7.75656646e-07 7.75656646e-07
 7.75656646e-07 7.75656646e-07 7.75656646e-07 7.75656646e-07
 7.75656646e-07 7.75656646e-07 7.75656646e-07 7.75656646e-07
 7.75656646e-07 7.75656646e-07 7.75656646e-07 7.75656646e-07
 7.75656646e-07 7.75656646e-07 7.75656646e-07 7.75656646e-07
 7.75656646e-07 7.75656646e-07 7.75656646e-07 7.75656646e-07
 7.75656646e-07 7.75656646e-07 7.75656646e-07 7.75656646e-07
 7.75656646e-07 7.75656646e-07 7.75656646e-07 7.75656646e-07
 7.75656646e-07 7.75656646e-07 7.75656646e-07 7.75656646e-07
 7.75656646e-07 7.75656646e-07 7.75656646e-07 7.75656646e-07
 7.75656646e-07 7.75656646e-07 7.75656646e-07 7.75656646e-07
 7.75656646e-07 7.75656646e-07 7.75656646e-07 7.75656646e-07
 7.75656646e-07 7.75656646e-07 7.75656646e-07 7.75656646e-07
 7.75656646e-07 7.75656646e-07 7.75656646e-07 7.75656646e-07
 7.75656646e-07 7.75656646e-07 7.75656646e-07 7.75656646e-07
 7.75656646e-07 7.75656646e-07 7.75656646e-07 7.75656646e-07
 7.75656646e-07 7.75656646e-07 7.75656646e-07 7.75656646e-07
 7.75656646e-07 7.75656646e-07 7.75656646e-07 7.75656646e-07
 7.75656646e-07 7.75656646e-07 7.75656646e-07 7.75656646e-07
 7.75656646e-07 7.75656646e-07 7.75656646e-07 7.75656646e-07
 7.75656646e-07 7.75656646e-07 7.75656646e-07 7.75656646e-07
 7.75656646e-07 7.75656646e-07 7.75656646e-07 7.75656646e-07
 7.75656646e-07 7.75656646e-07 7.75656646e-07 7.75656646e-07
 7.75656646e-07 7.75656646e-07 7.75656646e-07 7.75656646e-07
 7.75656646e-07 7.75656646e-07 7.75656646e-07 7.75656646e-07
 7.75656646e-07 7.75656646e-07 7.75656646e-07 7.75656646e-07
 7.75656646e-07 7.75656646e-07 7.75656646e-07 7.75656646e-07
 7.75656646e-07 7.75656646e-07 7.75656646e-07 7.75656646e-07
 7.75656646e-07 7.75656646e-07 7.75656646e-07 7.75656646e-07
 7.75656646e-07 7.75656646e-07 7.75656646e-07 7.75656646e-07
 7.75656646e-07 7.75656646e-07 7.75656646e-07 7.75656646e-07
 7.75656646e-07 7.75656646e-07 7.75656646e-07 7.75656646e-07
 7.75656646e-07 7.75656646e-07 7.75656646e-07 7.75656646e-07
 7.75656646e-07 7.75656646e-07 7.75656646e-07 7.75656646e-07
 7.75656646e-07 7.75656646e-07 7.75656646e-07 7.75656646e-07
 7.75656646e-07 7.75656646e-07 7.75656646e-07 7.75656646e-07
 7.75656646e-07 7.75656646e-07 7.75656646e-07 7.75656646e-07
 7.75656646e-07 7.75656646e-07 7.75656646e-07 7.75656646e-07
 7.75656646e-07 7.75656646e-07 7.75656646e-07 7.75656646e-07
 7.75656646e-07 7.75656646e-07 7.75656646e-07 7.75656646e-07
 7.75656646e-07 7.75656646e-07 7.75656646e-07 7.75656646e-07
 7.75656646e-07 7.75656646e-07 7.75656646e-07 7.75656646e-07
 7.75656646e-07 7.75656646e-07 7.75656646e-07 7.75656646e-07
 7.75656646e-07 7.75656646e-07 7.75656646e-07 7.75656646e-07
 7.75656646e-07 7.75656646e-07 7.75656646e-07 7.75656646e-07
 7.75656646e-07 7.75656646e-07 7.75656646e-07 7.75656646e-07
 7.75656646e-07 7.75656646e-07 7.75656646e-07 7.75656646e-07
 7.75656646e-07 7.75656646e-07 7.75656646e-07 7.75656646e-07
 7.75656646e-07 7.75656646e-07 7.75656646e-07 7.75656646e-07
 7.75656646e-07 7.75656646e-07 7.75656646e-07 7.75656646e-07
 7.75656646e-07 7.75656646e-07 7.75656646e-07 7.75656646e-07
 7.75656646e-07 7.75656646e-07 7.75656646e-07 7.75656646e-07
 7.75656646e-07 7.75656646e-07 7.75656646e-07 7.75656646e-07
 7.75656646e-07 7.75656646e-07 7.75656646e-07 7.75656646e-07
 7.75656646e-07 7.75656646e-07 7.75656646e-07 7.75656646e-07
 7.75656646e-07 7.75656646e-07 7.75656646e-07 7.75656646e-07
 7.75656646e-07 7.75656646e-07 7.75656646e-07 7.75656646e-07
 7.75656646e-07 7.75656646e-07 7.75656646e-07 7.75656646e-07
 7.75656646e-07 7.75656646e-07 7.75656646e-07 7.75656646e-07
 7.75656646e-07 7.75656646e-07 7.75656646e-07 7.75656646e-07
 7.75656646e-07 7.75656646e-07 7.75656646e-07 7.75656646e-07
 7.75656646e-07 7.75656646e-07 7.75656646e-07 7.75656646e-07
 7.75656646e-07 7.75656646e-07 7.75656646e-07 7.75656646e-07
 7.75656646e-07 7.75656646e-07 7.75656646e-07 7.75656646e-07
 7.75656646e-07 7.75656646e-07 7.75656646e-07 7.75656646e-07
 7.75656646e-07 7.75656646e-07 7.75656646e-07 7.75656646e-07
 7.75656646e-07 7.75656646e-07 7.75656646e-07 7.75656646e-07
 7.75656646e-07 7.75656646e-07 7.75656646e-07 7.75656646e-07
 7.75656646e-07 7.75656646e-07 7.75656646e-07 7.75656646e-07
 7.75656646e-07 7.75656646e-07 7.75656646e-07 7.75656646e-07
 7.75656646e-07 7.75656646e-07 7.75656646e-07 7.75656646e-07
 7.75656646e-07 7.75656646e-07 7.75656646e-07 7.75656646e-07
 7.75656646e-07 7.75656646e-07 7.75656646e-07 7.75656646e-07
 7.75656646e-07 7.75656646e-07 7.75656646e-07 7.75656646e-07
 7.75656646e-07 7.75656646e-07 7.75656646e-07 7.75656646e-07
 7.75656646e-07 7.75656646e-07 7.75656646e-07 7.75656646e-07
 7.75656646e-07 7.75656646e-07 7.75656646e-07 7.75656646e-07
 7.75656646e-07 7.75656646e-07 7.75656646e-07 7.75656646e-07
 7.75656646e-07 7.75656646e-07 7.75656646e-07 7.75656646e-07
 7.75656646e-07 7.75656646e-07 7.75656646e-07 7.75656646e-07
 7.75656646e-07 7.75656646e-07 7.75656646e-07 7.75656646e-07
 7.75656646e-07 7.75656646e-07 7.75656646e-07 7.75656646e-07
 7.75656646e-07 7.75656646e-07 7.75656646e-07 7.75656646e-07
 7.75656646e-07 7.75656646e-07 7.75656646e-07 7.75656646e-07
 7.75656646e-07 7.75656646e-07 7.75656646e-07 7.75656646e-07
 7.75656646e-07 7.75656646e-07 7.75656646e-07 7.75656646e-07
 7.75656646e-07 7.75656646e-07 7.75656646e-07 7.75656646e-07
 7.75656646e-07 7.75656646e-07 7.75656646e-07 7.75656646e-07
 7.75656646e-07 7.75656646e-07 7.75656646e-07 7.75656646e-07
 7.75656646e-07 7.75656646e-07 7.75656646e-07 7.75656646e-07
 7.75656646e-07 7.75656646e-07 7.75656646e-07 7.75656646e-07
 7.75656646e-07 7.75656646e-07 7.75656646e-07 7.75656646e-07
 7.75656646e-07 7.75656646e-07 7.75656646e-07 7.75656646e-07
 7.75656646e-07 7.75656646e-07 7.75656646e-07 7.75656646e-07
 7.75656646e-07 7.75656646e-07 7.75656646e-07 7.75656646e-07
 7.75656646e-07 7.75656646e-07 7.75656646e-07 7.75656646e-07
 7.75656646e-07 7.75656646e-07 7.75656646e-07 7.75656646e-07
 7.75656646e-07 7.75656646e-07 7.75656646e-07 7.75656646e-07
 7.75656646e-07 7.75656646e-07 7.75656646e-07 7.75656646e-07
 7.75656646e-07 7.75656646e-07 7.75656646e-07 7.75656646e-07
 7.75656646e-07 7.75656646e-07 7.75656646e-07 7.75656646e-07
 7.75656646e-07 7.75656646e-07 7.75656646e-07 7.75656646e-07
 7.75656646e-07 7.75656646e-07 7.75656646e-07 7.75656646e-07
 7.75656646e-07 7.75656646e-07 7.75656646e-07 7.75656646e-07
 7.75656646e-07 7.75656646e-07 7.75656646e-07 7.75656646e-07
 7.75656646e-07 7.75656646e-07 7.75656646e-07 7.75656646e-07
 7.75656646e-07 7.75656646e-07 7.75656646e-07 7.75656646e-07
 7.75656646e-07 7.75656646e-07 7.75656646e-07 7.75656646e-07
 7.75656646e-07 7.75656646e-07 7.75656646e-07 7.75656646e-07
 7.75656646e-07 7.75656646e-07 7.75656646e-07 7.75656646e-07
 7.75656646e-07 7.75656646e-07 7.75656646e-07 7.75656646e-07
 7.75656646e-07 7.75656646e-07 7.75656646e-07 7.75656646e-07
 7.75656646e-07 7.75656646e-07 7.75656646e-07 7.75656646e-07
 7.75656646e-07 7.75656646e-07 7.75656646e-07 7.75656646e-07
 7.75656646e-07 7.75656646e-07 7.75656646e-07 7.75656646e-07
 7.75656646e-07 7.75656646e-07 7.75656646e-07 7.75656646e-07
 7.75656646e-07 7.75656646e-07 7.75656646e-07 7.75656646e-07
 7.75656646e-07 7.75656646e-07 7.75656646e-07 7.75656646e-07
 7.75656646e-07 7.75656646e-07 7.75656646e-07 7.75656646e-07
 7.75656646e-07 7.75656646e-07 7.75656646e-07 7.75656646e-07
 7.75656646e-07 7.75656646e-07 7.75656646e-07 7.75656646e-07
 7.75656646e-07 7.75656646e-07 7.75656646e-07 7.75656646e-07
 7.75656646e-07 7.75656646e-07 7.75656646e-07 7.75656646e-07
 7.75656646e-07 7.75656646e-07 7.75656646e-07 7.75656646e-07
 7.75656646e-07 7.75656646e-07 7.75656646e-07 7.75656646e-07
 7.75656646e-07 7.75656646e-07 7.75656646e-07 7.75656646e-07
 7.75656646e-07 7.75656646e-07 7.75656646e-07 7.75656646e-07
 7.75656646e-07 7.75656646e-07 7.75656646e-07 7.75656646e-07
 7.75656646e-07 7.75656646e-07 7.75656646e-07 7.75656646e-07
 7.75656646e-07 7.75656646e-07 7.75656646e-07 7.75656646e-07
 7.75656646e-07 7.75656646e-07 7.75656646e-07 7.75656646e-07
 7.75656646e-07 7.75656646e-07 7.75656646e-07 7.75656646e-07
 7.75656646e-07 7.75656646e-07 7.75656646e-07 7.75656646e-07
 7.75656646e-07 7.75656646e-07 7.75656646e-07 7.75656646e-07
 7.75656646e-07 7.75656646e-07 7.75656646e-07 7.75656646e-07
 7.75656646e-07 7.75656646e-07 7.75656646e-07 7.75656646e-07
 7.75656646e-07 7.75656646e-07 7.75656646e-07 7.75656646e-07
 7.75656646e-07 7.75656646e-07 7.75656646e-07 7.75656646e-07
 7.75656646e-07 7.75656646e-07 7.75656646e-07 7.75656646e-07
 7.75656646e-07 7.75656646e-07 7.75656646e-07 7.75656646e-07
 7.75656646e-07 7.75656646e-07 7.75656646e-07 7.75656646e-07
 7.75656646e-07 7.75656646e-07 7.75656646e-07 7.75656646e-07
 7.75656646e-07 7.75656646e-07 7.75656646e-07 7.75656646e-07
 7.75656646e-07 7.75656646e-07 7.75656646e-07 7.75656646e-07
 7.75656646e-07 7.75656646e-07 7.75656646e-07 7.75656646e-07
 7.75656646e-07 7.75656646e-07 7.75656646e-07 7.75656646e-07
 7.75656646e-07 7.75656646e-07 7.75656646e-07 7.75656646e-07
 7.75656646e-07 7.75656646e-07 7.75656646e-07 7.75656646e-07
 7.75656646e-07 7.75656646e-07 7.75656646e-07 7.75656646e-07
 7.75656646e-07 7.75656646e-07 7.75656646e-07 7.75656646e-07
 7.75656646e-07 7.75656646e-07 7.75656646e-07 7.75656646e-07
 7.75656646e-07 7.75656646e-07 7.75656646e-07 7.75656646e-07
 7.75656646e-07 7.75656646e-07 7.75656646e-07 7.75656646e-07
 7.75656646e-07 7.75656646e-07 7.75656646e-07 7.75656646e-07
 7.75656646e-07 7.75656646e-07 7.75656646e-07 7.75656646e-07
 7.75656646e-07 7.75656646e-07 7.75656646e-07 7.75656646e-07
 7.75656646e-07 7.75656646e-07 7.75656646e-07 7.75656646e-07
 7.75656646e-07 7.75656646e-07 7.75656646e-07 7.75656646e-07
 7.75656646e-07 7.75656646e-07 7.75656646e-07 7.75656646e-07
 7.75656646e-07 7.75656646e-07 7.75656646e-07 7.75656646e-07
 7.75656646e-07 7.75656646e-07 7.75656646e-07 7.75656646e-07
 7.75656646e-07 7.75656646e-07 7.75656646e-07 7.75656646e-07
 7.75656646e-07 7.75656646e-07 7.75656646e-07 7.75656646e-07
 7.75656646e-07 7.75656646e-07 7.75656646e-07 7.75656646e-07
 7.75656646e-07 7.75656646e-07 7.75656646e-07 7.75656646e-07]