[1.85341127e-05 1.83776086e-05 1.82224322e-05 1.80685723e-05
 1.79160179e-05 1.77647578e-05 1.76147810e-05 1.74660767e-05
 1.73186341e-05 1.71724424e-05 1.70274912e-05 1.68837698e-05
 1.67412678e-05 1.65999750e-05 1.64598810e-05 1.63209757e-05
 1.61832491e-05 1.60466910e-05 1.59112917e-05 1.57770413e-05
 1.56439301e-05 1.55119484e-05 1.53810866e-05 1.52513352e-05
 1.51226849e-05 1.49951263e-05 1.48686501e-05 1.47432472e-05
 1.46189085e-05 1.44956250e-05 1.43733876e-05 1.42521876e-05
 1.41320162e-05 1.40128646e-05 1.38947242e-05 1.37775864e-05
 1.36614428e-05 1.35462849e-05 1.34321043e-05 1.33188928e-05
 1.32066421e-05 1.30953442e-05 1.29849909e-05 1.28755743e-05
 1.27670863e-05 1.26595192e-05 1.25528651e-05 1.24471163e-05
 1.23422651e-05 1.22383040e-05 1.21352253e-05 1.20330216e-05
 1.19316856e-05 1.18312097e-05 1.17315868e-05 1.16328096e-05
 1.15348710e-05 1.14377638e-05 1.13414810e-05 1.12460157e-05
 1.11513608e-05 1.10575096e-05 1.09644552e-05 1.08721909e-05
 1.07807100e-05 1.06900058e-05 1.06000718e-05 1.05109014e-05
 1.04224882e-05 1.03348258e-05 1.02479077e-05 1.01617278e-05
 1.00762797e-05 9.99155730e-06 9.90755437e-06 9.82426486e-06
 9.74168271e-06 9.65980194e-06 9.57861662e-06 9.49812084e-06
 9.41830878e-06 9.33917464e-06 9.26071268e-06 9.18291721e-06
 9.10578259e-06 9.02930323e-06 8.95347357e-06 8.87828812e-06
 8.80374141e-06 8.72982806e-06 8.65654268e-06 8.58387997e-06
 8.51183466e-06 8.44040151e-06 8.36957536e-06 8.29935106e-06
 8.22972351e-06 8.16068767e-06 8.09223853e-06 8.02437113e-06
 7.95708053e-06 7.89036186e-06 7.82421029e-06 7.75862101e-06
 7.69358926e-06 7.62911033e-06 7.56517953e-06 7.50179225e-06
 7.43894386e-06 7.37662982e-06 7.31484561e-06 7.25358674e-06
 7.19284878e-06 7.13262731e-06 7.07291796e-06 7.01371641e-06
 6.95501836e-06 6.89681956e-06 6.83911578e-06 6.78190283e-06
 6.72517657e-06 6.66893288e-06 6.61316768e-06 6.55787693e-06
 6.50305662e-06 6.44870277e-06 6.39481143e-06 6.34137870e-06
 6.28840070e-06 6.23587360e-06 6.18379357e-06 6.13215684e-06
 6.08095967e-06 6.03019834e-06 5.97986917e-06 5.92996851e-06
 5.88049274e-06 5.83143827e-06 5.78280154e-06 5.73457903e-06
 5.68676723e-06 5.63936269e-06 5.59236195e-06 5.54576161e-06
 5.49955830e-06 5.45374865e-06 5.40832935e-06 5.36329710e-06
 5.31864864e-06 5.27438072e-06 5.23049014e-06 5.18697371e-06
 5.14382827e-06 5.10105070e-06 5.05863789e-06 5.01658677e-06
 4.97489429e-06 4.93355741e-06 4.89257315e-06 4.85193853e-06
 4.81165061e-06 4.77170645e-06 4.73210316e-06 4.69283788e-06
 4.65390775e-06 4.61530995e-06 4.57704167e-06 4.53910015e-06
 4.50148263e-06 4.46418638e-06 4.42720869e-06 4.39054689e-06
 4.35419832e-06 4.31816033e-06 4.28243032e-06 4.24700569e-06
 4.21188387e-06 4.17706232e-06 4.14253851e-06 4.10830993e-06
 4.07437411e-06 4.04072857e-06 4.00737089e-06 3.97429863e-06
 3.94150941e-06 3.90900084e-06 3.87677057e-06 3.84481625e-06
 3.81313557e-06 3.78172624e-06 3.75058596e-06 3.71971250e-06
 3.68910359e-06 3.65875703e-06 3.62867061e-06 3.59884216e-06
 3.56926950e-06 3.53995049e-06 3.51088301e-06 3.48206494e-06
 3.45349420e-06 3.42516872e-06 3.39708643e-06 3.36924531e-06
 3.34164333e-06 3.31427849e-06 3.28714881e-06 3.26025231e-06
 3.23358705e-06 3.20715110e-06 3.18094253e-06 3.15495944e-06
 3.12919995e-06 3.10366219e-06 3.07834431e-06 3.05324448e-06
 3.02836086e-06 3.00369166e-06 2.97923509e-06 2.95498937e-06
 2.93095274e-06 2.90712347e-06 2.88349981e-06 2.86008007e-06
 2.83686253e-06 2.81384552e-06 2.79102737e-06 2.76840641e-06
 2.74598102e-06 2.72374956e-06 2.70171042e-06 2.67986200e-06
 2.65820272e-06 2.63673101e-06 2.61544530e-06 2.59434406e-06
 2.57342575e-06 2.55268886e-06 2.53213188e-06 2.51175332e-06
 2.49155171e-06 2.47152557e-06 2.45167346e-06 2.43199394e-06
 2.41248557e-06 2.39314694e-06 2.37397665e-06 2.35497332e-06
 2.33613555e-06 2.31746199e-06 2.29895128e-06 2.28060207e-06
 2.26241304e-06 2.24438287e-06 2.22651025e-06 2.20879388e-06
 2.19123247e-06 2.17382476e-06 2.15656948e-06 2.13946538e-06
 2.12251122e-06 2.10570577e-06 2.08904781e-06 2.07253612e-06
 2.05616953e-06 2.03994682e-06 2.02386684e-06 2.00792841e-06
 1.99213038e-06 1.97647160e-06 1.96095094e-06 1.94556726e-06
 1.93031946e-06 1.91520643e-06 1.90022707e-06 1.88538029e-06
 1.87066502e-06 1.85608019e-06 1.84162475e-06 1.82729763e-06
 1.81309782e-06 1.79902426e-06 1.78507596e-06 1.77125188e-06
 1.75755103e-06 1.74397242e-06 1.73051506e-06 1.71717798e-06
 1.70396020e-06 1.69086077e-06 1.67787873e-06 1.66501316e-06
 1.65226311e-06 1.63962765e-06 1.62710588e-06 1.61469688e-06
 1.60239976e-06 1.59021361e-06 1.57813757e-06 1.56617074e-06
 1.55431227e-06 1.54256129e-06 1.53091695e-06 1.51937841e-06
 1.50794483e-06 1.49661538e-06 1.48538924e-06 1.47426559e-06
 1.46324363e-06 1.45232255e-06 1.44150157e-06 1.43077990e-06
 1.42015677e-06 1.40963139e-06 1.39920302e-06 1.38887088e-06
 1.37863424e-06 1.36849235e-06 1.35844447e-06 1.34848988e-06
 1.33862786e-06 1.32885768e-06 1.31917864e-06 1.30959004e-06
 1.30009118e-06 1.29068137e-06 1.28135994e-06 1.27212619e-06
 1.26297948e-06 1.25391912e-06 1.24494447e-06 1.23605487e-06
 1.22724968e-06 1.21852825e-06 1.20988997e-06 1.20133419e-06
 1.19286030e-06 1.18446769e-06 1.17615575e-06 1.16792386e-06
 1.15977145e-06 1.15169790e-06 1.14370265e-06 1.13578511e-06
 1.12794470e-06 1.12018085e-06 1.11249301e-06 1.10488062e-06
 1.09734311e-06 1.08987996e-06 1.08249060e-06 1.07517452e-06
 1.06793118e-06 1.06076004e-06 1.05366061e-06 1.04663234e-06
 1.03967475e-06 1.03278732e-06 1.02596955e-06 1.01922095e-06
 1.01254104e-06 1.00592931e-06 9.99385303e-07 9.92908535e-07
 9.86498539e-07 9.80154848e-07 9.73877003e-07 9.67664548e-07
 9.61517033e-07 9.55434012e-07 9.49415043e-07 9.43459691e-07
 9.37567522e-07 9.31738110e-07 9.25971032e-07 9.20265869e-07
 9.14622208e-07 9.09039639e-07 9.03517757e-07 8.98056162e-07
 8.92654458e-07 8.87312253e-07 8.82029158e-07 8.76804792e-07
 8.71638775e-07 8.66530732e-07 8.61480293e-07 8.56487092e-07
 8.51550765e-07 8.46670956e-07 8.41847310e-07 8.37079478e-07
 8.32367113e-07 8.27709874e-07 8.23107423e-07 8.18559426e-07
 8.14065552e-07 8.09625478e-07 8.05238879e-07 8.00905438e-07
 7.96624840e-07 7.92396776e-07 7.88220938e-07 7.84097024e-07
 7.80024734e-07 7.76003772e-07 7.72033849e-07 7.68114674e-07
 7.64245965e-07 7.60427440e-07 7.56658822e-07 7.52939838e-07
 7.49270219e-07 7.45649698e-07 7.42078012e-07 7.38554903e-07
 7.35080114e-07 7.31653395e-07 7.28274495e-07 7.24943171e-07
 7.21659181e-07 7.18422285e-07 7.15232250e-07 7.12088844e-07
 7.08991840e-07 7.05941012e-07 7.02936139e-07 6.99977003e-07
 6.97063389e-07 6.94195087e-07 6.91371888e-07 6.88593587e-07
 6.85859984e-07 6.83170878e-07 6.80526076e-07 6.77925386e-07
 6.75368619e-07 6.72855589e-07 6.70386115e-07 6.67960017e-07
 6.65577119e-07 6.63237248e-07 6.60940234e-07 6.58685912e-07
 6.56474117e-07 6.54304689e-07 6.52177470e-07 6.50092307e-07
 6.48049048e-07 6.46047545e-07 6.44087653e-07 6.42169229e-07
 6.40292134e-07 6.38456233e-07 6.36661391e-07 6.34907479e-07
 6.33194370e-07 6.31521940e-07 6.29890066e-07 6.28298631e-07
 6.26747519e-07 6.25236618e-07 6.23765818e-07 6.22335013e-07
 6.20944098e-07 6.19592973e-07 6.18281539e-07 6.17009703e-07
 6.15777370e-07 6.14584453e-07 6.13430864e-07 6.12316519e-07
 6.11241339e-07 6.10205244e-07 6.09208161e-07 6.08250016e-07
 6.07330739e-07 6.06450265e-07 6.05608530e-07 6.04805472e-07
 6.04041033e-07 6.03315157e-07 6.02627793e-07 6.01978889e-07
 6.01368400e-07 6.00796281e-07 6.00262489e-07 5.99766988e-07
 5.99309740e-07 5.98890712e-07 5.98509875e-07 5.98167200e-07
 5.97862662e-07 5.97596240e-07 5.97367914e-07 5.97177668e-07
 5.97025488e-07 5.96911362e-07 5.96835283e-07 5.96797245e-07
 5.96797245e-07 5.96835283e-07 5.96911362e-07 5.97025488e-07
 5.97177668e-07 5.97367914e-07 5.97596240e-07 5.97862662e-07
 5.98167200e-07 5.98509875e-07 5.98890712e-07 5.99309740e-07
 5.99766988e-07 6.00262489e-07 6.00796281e-07 6.01368400e-07
 6.01978889e-07 6.02627793e-07 6.03315157e-07 6.04041033e-07
 6.04805472e-07 6.05608530e-07 6.06450265e-07 6.07330739e-07
 6.08250016e-07 6.09208161e-07 6.10205244e-07 6.11241339e-07
 6.12316519e-07 6.13430864e-07 6.14584453e-07 6.15777370e-07
 6.17009703e-07 6.18281539e-07 6.19592973e-07 6.20944098e-07
 6.22335013e-07 6.23765818e-07 6.25236618e-07 6.26747519e-07
 6.28298631e-07 6.29890066e-07 6.31521940e-07 6.33194370e-07
 6.34907479e-07 6.36661391e-07 6.38456233e-07 6.40292134e-07
 6.42169229e-07 6.44087653e-07 6.46047545e-07 6.48049048e-07
 6.50092307e-07 6.52177470e-07 6.54304689e-07 6.56474117e-07
 6.58685912e-07 6.60940234e-07 6.63237248e-07 6.65577119e-07
 6.67960017e-07 6.70386115e-07 6.72855589e-07 6.75368619e-07
 6.77925386e-07 6.80526076e-07 6.83170878e-07 6.85859984e-07
 6.88593587e-07 6.91371888e-07 6.94195087e-07 6.97063389e-07
 6.99977003e-07 7.02936139e-07 7.05941012e-07 7.08991840e-07
 7.12088844e-07 7.15232250e-07 7.18422285e-07 7.21659181e-07
 7.24943171e-07 7.28274495e-07 7.31653395e-07 7.35080114e-07
 7.38554903e-07 7.42078012e-07 7.45649698e-07 7.49270219e-07
 7.52939838e-07 7.56658822e-07 7.60427440e-07 7.64245965e-07
 7.68114674e-07 7.72033849e-07 7.76003772e-07 7.80024734e-07
 7.84097024e-07 7.88220938e-07 7.92396776e-07 7.96624840e-07
 8.00905438e-07 8.05238879e-07 8.09625478e-07 8.14065552e-07
 8.18559426e-07 8.23107423e-07 8.27709874e-07 8.32367113e-07
 8.37079478e-07 8.41847310e-07 8.46670956e-07 8.51550765e-07
 8.56487092e-07 8.61480293e-07 8.66530732e-07 8.71638775e-07
 8.76804792e-07 8.82029158e-07 8.87312253e-07 8.92654458e-07
 8.98056162e-07 9.03517757e-07 9.09039639e-07 9.14622208e-07
 9.20265869e-07 9.25971032e-07 9.31738110e-07 9.37567522e-07
 9.43459691e-07 9.49415043e-07 9.55434012e-07 9.61517033e-07
 9.67664548e-07 9.73877003e-07 9.80154848e-07 9.86498539e-07
 9.92908535e-07 9.99385303e-07 1.00592931e-06 1.01254104e-06
 1.01922095e-06 1.02596955e-06 1.03278732e-06 1.03967475e-06
 1.04663234e-06 1.05366061e-06 1.06076004e-06 1.06793118e-06
 1.07517452e-06 1.08249060e-06 1.08987996e-06 1.09734311e-06
 1.10488062e-06 1.11249301e-06 1.12018085e-06 1.12794470e-06
 1.13578511e-06 1.14370265e-06 1.15169790e-06 1.15977145e-06
 1.16792386e-06 1.17615575e-06 1.18446769e-06 1.19286030e-06
 1.20133419e-06 1.20988997e-06 1.21852825e-06 1.22724968e-06
 1.23605487e-06 1.24494447e-06 1.25391912e-06 1.26297948e-06
 1.27212619e-06 1.28135994e-06 1.29068137e-06 1.30009118e-06
 1.30959004e-06 1.31917864e-06 1.32885768e-06 1.33862786e-06
 1.34848988e-06 1.35844447e-06 1.36849235e-06 1.37863424e-06
 1.38887088e-06 1.39920302e-06 1.40963139e-06 1.42015677e-06
 1.43077990e-06 1.44150157e-06 1.45232255e-06 1.46324363e-06
 1.47426559e-06 1.48538924e-06 1.49661538e-06 1.50794483e-06
 1.51937841e-06 1.53091695e-06 1.54256129e-06 1.55431227e-06
 1.56617074e-06 1.57813757e-06 1.59021361e-06 1.60239976e-06
 1.61469688e-06 1.62710588e-06 1.63962765e-06 1.65226311e-06
 1.66501316e-06 1.67787873e-06 1.69086077e-06 1.70396020e-06
 1.71717798e-06 1.73051506e-06 1.74397242e-06 1.75755103e-06
 1.77125188e-06 1.78507596e-06 1.79902426e-06 1.81309782e-06
 1.82729763e-06 1.84162475e-06 1.85608019e-06 1.87066502e-06
 1.88538029e-06 1.90022707e-06 1.91520643e-06 1.93031946e-06
 1.94556726e-06 1.96095094e-06 1.97647160e-06 1.99213038e-06
 2.00792841e-06 2.02386684e-06 2.03994682e-06 2.05616953e-06
 2.07253612e-06 2.08904781e-06 2.10570577e-06 2.12251122e-06
 2.13946538e-06 2.15656948e-06 2.17382476e-06 2.19123247e-06
 2.20879388e-06 2.22651025e-06 2.24438287e-06 2.26241304e-06
 2.28060207e-06 2.29895128e-06 2.31746199e-06 2.33613555e-06
 2.35497332e-06 2.37397665e-06 2.39314694e-06 2.41248557e-06
 2.43199394e-06 2.45167346e-06 2.47152557e-06 2.49155171e-06
 2.51175332e-06 2.53213188e-06 2.55268886e-06 2.57342575e-06
 2.59434406e-06 2.61544530e-06 2.63673101e-06 2.65820272e-06
 2.67986200e-06 2.70171042e-06 2.72374956e-06 2.74598102e-06
 2.76840641e-06 2.79102737e-06 2.81384552e-06 2.83686253e-06
 2.86008007e-06 2.88349981e-06 2.90712347e-06 2.93095274e-06
 2.95498937e-06 2.97923509e-06 3.00369166e-06 3.02836086e-06
 3.05324448e-06 3.07834431e-06 3.10366219e-06 3.12919995e-06
 3.15495944e-06 3.18094253e-06 3.20715110e-06 3.23358705e-06
 3.26025231e-06 3.28714881e-06 3.31427849e-06 3.34164333e-06
 3.36924531e-06 3.39708643e-06 3.42516872e-06 3.45349420e-06
 3.48206494e-06 3.51088301e-06 3.53995049e-06 3.56926950e-06
 3.59884216e-06 3.62867061e-06 3.65875703e-06 3.68910359e-06
 3.71971250e-06 3.75058596e-06 3.78172624e-06 3.81313557e-06
 3.84481625e-06 3.87677057e-06 3.90900084e-06 3.94150941e-06
 3.97429863e-06 4.00737089e-06 4.04072857e-06 4.07437411e-06
 4.10830993e-06 4.14253851e-06 4.17706232e-06 4.21188387e-06
 4.24700569e-06 4.28243032e-06 4.31816033e-06 4.35419832e-06
 4.39054689e-06 4.42720869e-06 4.46418638e-06 4.50148263e-06
 4.53910015e-06 4.57704167e-06 4.61530995e-06 4.65390775e-06
 4.69283788e-06 4.73210316e-06 4.77170645e-06 4.81165061e-06
 4.85193853e-06 4.89257315e-06 4.93355741e-06 4.97489429e-06
 5.01658677e-06 5.05863789e-06 5.10105070e-06 5.14382827e-06
 5.18697371e-06 5.23049014e-06 5.27438072e-06 5.31864864e-06
 5.36329710e-06 5.40832935e-06 5.45374865e-06 5.49955830e-06
 5.54576161e-06 5.59236195e-06 5.63936269e-06 5.68676723e-06
 5.73457903e-06 5.78280154e-06 5.83143827e-06 5.88049274e-06
 5.92996851e-06 5.97986917e-06 6.03019834e-06 6.08095967e-06
 6.13215684e-06 6.18379357e-06 6.23587360e-06 6.28840070e-06
 6.34137870e-06 6.39481143e-06 6.44870277e-06 6.50305662e-06
 6.55787693e-06 6.61316768e-06 6.66893288e-06 6.72517657e-06
 6.78190283e-06 6.83911578e-06 6.89681956e-06 6.95501836e-06
 7.01371641e-06 7.07291796e-06 7.13262731e-06 7.19284878e-06
 7.25358674e-06 7.31484561e-06 7.37662982e-06 7.43894386e-06
 7.50179225e-06 7.56517953e-06 7.62911033e-06 7.69358926e-06
 7.75862101e-06 7.82421029e-06 7.89036186e-06 7.95708053e-06
 8.02437113e-06 8.09223853e-06 8.16068767e-06 8.22972351e-06
 8.29935106e-06 8.36957536e-06 8.44040151e-06 8.51183466e-06
 8.58387997e-06 8.65654268e-06 8.72982806e-06 8.80374141e-06
 8.87828812e-06 8.95347357e-06 9.02930323e-06 9.10578259e-06
 9.18291721e-06 9.26071268e-06 9.33917464e-06 9.41830878e-06
 9.49812084e-06 9.57861662e-06 9.65980194e-06 9.74168271e-06
 9.82426486e-06 9.90755437e-06 9.99155730e-06 1.00762797e-05
 1.01617278e-05 1.02479077e-05 1.03348258e-05 1.04224882e-05
 1.05109014e-05 1.06000718e-05 1.06900058e-05 1.07807100e-05
 1.08721909e-05 1.09644552e-05 1.10575096e-05 1.11513608e-05
 1.12460157e-05 1.13414810e-05 1.14377638e-05 1.15348710e-05
 1.16328096e-05 1.17315868e-05 1.18312097e-05 1.19316856e-05
 1.20330216e-05 1.21352253e-05 1.22383040e-05 1.23422651e-05
 1.24471163e-05 1.25528651e-05 1.26595192e-05 1.27670863e-05
 1.28755743e-05 1.29849909e-05 1.30953442e-05 1.32066421e-05
 1.33188928e-05 1.34321043e-05 1.35462849e-05 1.36614428e-05
 1.37775864e-05 1.38947242e-05 1.40128646e-05 1.41320162e-05
 1.42521876e-05 1.43733876e-05 1.44956250e-05 1.46189085e-05
 1.47432472e-05 1.48686501e-05 1.49951263e-05 1.51226849e-05
 1.52513352e-05 1.53810866e-05 1.55119484e-05 1.56439301e-05
 1.57770413e-05 1.59112917e-05 1.60466910e-05 1.61832491e-05
 1.63209757e-05 1.64598810e-05 1.65999750e-05 1.67412678e-05
 1.68837698e-05 1.70274912e-05 1.71724424e-05 1.73186341e-05
 1.74660767e-05 1.76147810e-05 1.77647578e-05 1.79160179e-05
 1.80685723e-05 1.82224322e-05 1.83776086e-05 1.85341127e-05]