[4.95008308e-05 4.94915128e-05 4.94822141e-05 4.94729347e-05
 4.94636745e-05 4.94544335e-05 4.94452119e-05 4.94360094e-05
 4.94268263e-05 4.94176623e-05 4.94085177e-05 4.93993922e-05
 4.93902860e-05 4.93811990e-05 4.93721313e-05 4.93630828e-05
 4.93540535e-05 4.93450434e-05 4.93360525e-05 4.93270808e-05
 4.93181284e-05 4.93091951e-05 4.93002811e-05 4.92913862e-05
 4.92825106e-05 4.92736541e-05 4.92648168e-05 4.92559987e-05
 4.92471998e-05 4.92384200e-05 4.92296595e-05 4.92209181e-05
 4.92121958e-05 4.92034928e-05 4.91948088e-05 4.91861441e-05
 4.91774985e-05 4.91688720e-05 4.91602647e-05 4.91516765e-05
 4.91431075e-05 4.91345576e-05 4.91260268e-05 4.91175152e-05
 4.91090227e-05 4.91005493e-05 4.90920950e-05 4.90836599e-05
 4.90752438e-05 4.90668469e-05 4.90584691e-05 4.90501103e-05
 4.90417707e-05 4.90334502e-05 4.90251488e-05 4.90168664e-05
 4.90086032e-05 4.90003590e-05 4.89921339e-05 4.89839279e-05
 4.89757409e-05 4.89675730e-05 4.89594242e-05 4.89512945e-05
 4.89431838e-05 4.89350922e-05 4.89270196e-05 4.89189661e-05
 4.89109316e-05 4.89029162e-05 4.88949198e-05 4.88869424e-05
 4.88789841e-05 4.88710449e-05 4.88631246e-05 4.88552234e-05
 4.88473412e-05 4.88394780e-05 4.88316339e-05 4.88238087e-05
 4.88160026e-05 4.88082154e-05 4.88004473e-05 4.87926982e-05
 4.87849681e-05 4.87772570e-05 4.87695648e-05 4.87618917e-05
 4.87542375e-05 4.87466024e-05 4.87389862e-05 4.87313890e-05
 4.87238107e-05 4.87162515e-05 4.87087112e-05 4.87011898e-05
 4.86936875e-05 4.86862041e-05 4.86787396e-05 4.86712941e-05
 4.86638676e-05 4.86564600e-05 4.86490714e-05 4.86417017e-05
 4.86343509e-05 4.86270191e-05 4.86197062e-05 4.86124122e-05
 4.86051372e-05 4.85978811e-05 4.85906439e-05 4.85834257e-05
 4.85762263e-05 4.85690459e-05 4.85618844e-05 4.85547418e-05
 4.85476181e-05 4.85405133e-05 4.85334274e-05 4.85263604e-05
 4.85193123e-05 4.85122831e-05 4.85052728e-05 4.84982813e-05
 4.84913088e-05 4.84843551e-05 4.84774203e-05 4.84705044e-05
 4.84636074e-05 4.84567292e-05 4.84498699e-05 4.84430295e-05
 4.84362079e-05 4.84294052e-05 4.84226213e-05 4.84158564e-05
 4.84091102e-05 4.84023829e-05 4.83956745e-05 4.83889849e-05
 4.83823141e-05 4.83756622e-05 4.83690291e-05 4.83624148e-05
 4.83558194e-05 4.83492428e-05 4.83426851e-05 4.83361461e-05
 4.83296260e-05 4.83231247e-05 4.83166422e-05 4.83101786e-05
 4.83037337e-05 4.82973077e-05 4.82909004e-05 4.82845120e-05
 4.82781423e-05 4.82717915e-05 4.82654594e-05 4.82591462e-05
 4.82528517e-05 4.82465761e-05 4.82403192e-05 4.82340811e-05
 4.82278618e-05 4.82216612e-05 4.82154795e-05 4.82093165e-05
 4.82031723e-05 4.81970468e-05 4.81909401e-05 4.81848522e-05
 4.81787831e-05 4.81727327e-05 4.81667010e-05 4.81606882e-05
 4.81546940e-05 4.81487187e-05 4.81427620e-05 4.81368241e-05
 4.81309050e-05 4.81250046e-05 4.81191230e-05 4.81132600e-05
 4.81074158e-05 4.81015904e-05 4.80957837e-05 4.80899957e-05
 4.80842264e-05 4.80784759e-05 4.80727440e-05 4.80670309e-05
 4.80613365e-05 4.80556608e-05 4.80500039e-05 4.80443656e-05
 4.80387461e-05 4.80331452e-05 4.80275631e-05 4.80219997e-05
 4.80164549e-05 4.80109289e-05 4.80054215e-05 4.79999329e-05
 4.79944629e-05 4.79890116e-05 4.79835790e-05 4.79781651e-05
 4.79727699e-05 4.79673934e-05 4.79620355e-05 4.79566963e-05
 4.79513758e-05 4.79460739e-05 4.79407908e-05 4.79355263e-05
 4.79302804e-05 4.79250532e-05 4.79198447e-05 4.79146549e-05
 4.79094837e-05 4.79043311e-05 4.78991972e-05 4.78940820e-05
 4.78889854e-05 4.78839074e-05 4.78788481e-05 4.78738075e-05
 4.78687854e-05 4.78637821e-05 4.78587973e-05 4.78538312e-05
 4.78488837e-05 4.78439549e-05 4.78390447e-05 4.78341531e-05
 4.78292802e-05 4.78244258e-05 4.78195901e-05 4.78147730e-05
 4.78099745e-05 4.78051947e-05 4.78004334e-05 4.77956908e-05
 4.77909668e-05 4.77862614e-05 4.77815746e-05 4.77769064e-05
 4.77722568e-05 4.77676258e-05 4.77630134e-05 4.77584196e-05
 4.77538444e-05 4.77492878e-05 4.77447498e-05 4.77402304e-05
 4.77357295e-05 4.77312473e-05 4.77267836e-05 4.77223386e-05
 4.77179121e-05 4.77135042e-05 4.77091148e-05 4.77047441e-05
 4.77003919e-05 4.76960583e-05 4.76917433e-05 4.76874468e-05
 4.76831689e-05 4.76789096e-05 4.76746688e-05 4.76704466e-05
 4.76662430e-05 4.76620579e-05 4.76578914e-05 4.76537434e-05
 4.76496140e-05 4.76455032e-05 4.76414109e-05 4.76373371e-05
 4.76332819e-05 4.76292453e-05 4.76252272e-05 4.76212276e-05
 4.76172466e-05 4.76132841e-05 4.76093402e-05 4.76054148e-05
 4.76015079e-05 4.75976196e-05 4.75937498e-05 4.75898986e-05
 4.75860658e-05 4.75822516e-05 4.75784559e-05 4.75746788e-05
 4.75709202e-05 4.75671801e-05 4.75634585e-05 4.75597555e-05
 4.75560709e-05 4.75524049e-05 4.75487574e-05 4.75451284e-05
 4.75415179e-05 4.75379260e-05 4.75343525e-05 4.75307976e-05
 4.75272611e-05 4.75237432e-05 4.75202438e-05 4.75167629e-05
 4.75133004e-05 4.75098565e-05 4.75064311e-05 4.75030242e-05
 4.74996358e-05 4.74962658e-05 4.74929144e-05 4.74895815e-05
 4.74862670e-05 4.74829710e-05 4.74796936e-05 4.74764346e-05
 4.74731941e-05 4.74699721e-05 4.74667686e-05 4.74635835e-05
 4.74604170e-05 4.74572689e-05 4.74541393e-05 4.74510281e-05
 4.74479355e-05 4.74448613e-05 4.74418056e-05 4.74387684e-05
 4.74357496e-05 4.74327494e-05 4.74297675e-05 4.74268042e-05
 4.74238593e-05 4.74209329e-05 4.74180250e-05 4.74151355e-05
 4.74122645e-05 4.74094119e-05 4.74065778e-05 4.74037622e-05
 4.74009650e-05 4.73981863e-05 4.73954260e-05 4.73926842e-05
 4.73899608e-05 4.73872559e-05 4.73845695e-05 4.73819014e-05
 4.73792519e-05 4.73766208e-05 4.73740081e-05 4.73714139e-05
 4.73688382e-05 4.73662808e-05 4.73637420e-05 4.73612215e-05
 4.73587195e-05 4.73562360e-05 4.73537709e-05 4.73513242e-05
 4.73488960e-05 4.73464862e-05 4.73440948e-05 4.73417219e-05
 4.73393674e-05 4.73370313e-05 4.73347137e-05 4.73324145e-05
 4.73301337e-05 4.73278714e-05 4.73256275e-05 4.73234020e-05
 4.73211949e-05 4.73190063e-05 4.73168361e-05 4.73146843e-05
 4.73125510e-05 4.73104360e-05 4.73083395e-05 4.73062614e-05
 4.73042018e-05 4.73021605e-05 4.73001377e-05 4.72981333e-05
 4.72961473e-05 4.72941797e-05 4.72922305e-05 4.72902998e-05
 4.72883874e-05 4.72864935e-05 4.72846180e-05 4.72827609e-05
 4.72809222e-05 4.72791019e-05 4.72773001e-05 4.72755166e-05
 4.72737516e-05 4.72720049e-05 4.72702767e-05 4.72685669e-05
 4.72668754e-05 4.72652024e-05 4.72635478e-05 4.72619116e-05
 4.72602938e-05 4.72586944e-05 4.72571134e-05 4.72555508e-05
 4.72540066e-05 4.72524808e-05 4.72509734e-05 4.72494844e-05
 4.72480137e-05 4.72465615e-05 4.72451277e-05 4.72437123e-05
 4.72423153e-05 4.72409367e-05 4.72395764e-05 4.72382346e-05
 4.72369112e-05 4.72356061e-05 4.72343195e-05 4.72330512e-05
 4.72318013e-05 4.72305698e-05 4.72293568e-05 4.72281621e-05
 4.72269857e-05 4.72258278e-05 4.72246883e-05 4.72235672e-05
 4.72224644e-05 4.72213800e-05 4.72203141e-05 4.72192665e-05
 4.72182373e-05 4.72172264e-05 4.72162340e-05 4.72152600e-05
 4.72143043e-05 4.72133670e-05 4.72124481e-05 4.72115476e-05
 4.72106655e-05 4.72098017e-05 4.72089564e-05 4.72081294e-05
 4.72073208e-05 4.72065306e-05 4.72057587e-05 4.72050053e-05
 4.72042702e-05 4.72035535e-05 4.72028552e-05 4.72021753e-05
 4.72015137e-05 4.72008705e-05 4.72002457e-05 4.71996393e-05
 4.71990513e-05 4.71984816e-05 4.71979303e-05 4.71973974e-05
 4.71968829e-05 4.71963868e-05 4.71959090e-05 4.71954496e-05
 4.71950086e-05 4.71945860e-05 4.71941817e-05 4.71937958e-05
 4.71934283e-05 4.71930792e-05 4.71927484e-05 4.71924360e-05
 4.71921420e-05 4.71918664e-05 4.71916091e-05 4.71913703e-05
 4.71911498e-05 4.71909476e-05 4.71907639e-05 4.71905985e-05
 4.71904515e-05 4.71903229e-05 4.71902126e-05 4.71901208e-05
 4.71900473e-05 4.71899921e-05 4.71899554e-05 4.71899370e-05
 4.71899370e-05 4.71899554e-05 4.71899921e-05 4.71900473e-05
 4.71901208e-05 4.71902126e-05 4.71903229e-05 4.71904515e-05
 4.71905985e-05 4.71907639e-05 4.71909476e-05 4.71911498e-05
 4.71913703e-05 4.71916091e-05 4.71918664e-05 4.71921420e-05
 4.71924360e-05 4.71927484e-05 4.71930792e-05 4.71934283e-05
 4.71937958e-05 4.71941817e-05 4.71945860e-05 4.71950086e-05
 4.71954496e-05 4.71959090e-05 4.71963868e-05 4.71968829e-05
 4.71973974e-05 4.71979303e-05 4.71984816e-05 4.71990513e-05
 4.71996393e-05 4.72002457e-05 4.72008705e-05 4.72015137e-05
 4.72021753e-05 4.72028552e-05 4.72035535e-05 4.72042702e-05
 4.72050053e-05 4.72057587e-05 4.72065306e-05 4.72073208e-05
 4.72081294e-05 4.72089564e-05 4.72098017e-05 4.72106655e-05
 4.72115476e-05 4.72124481e-05 4.72133670e-05 4.72143043e-05
 4.72152600e-05 4.72162340e-05 4.72172264e-05 4.72182373e-05
 4.72192665e-05 4.72203141e-05 4.72213800e-05 4.72224644e-05
 4.72235672e-05 4.72246883e-05 4.72258278e-05 4.72269857e-05
 4.72281621e-05 4.72293568e-05 4.72305698e-05 4.72318013e-05
 4.72330512e-05 4.72343195e-05 4.72356061e-05 4.72369112e-05
 4.72382346e-05 4.72395764e-05 4.72409367e-05 4.72423153e-05
 4.72437123e-05 4.72451277e-05 4.72465615e-05 4.72480137e-05
 4.72494844e-05 4.72509734e-05 4.72524808e-05 4.72540066e-05
 4.72555508e-05 4.72571134e-05 4.72586944e-05 4.72602938e-05
 4.72619116e-05 4.72635478e-05 4.72652024e-05 4.72668754e-05
 4.72685669e-05 4.72702767e-05 4.72720049e-05 4.72737516e-05
 4.72755166e-05 4.72773001e-05 4.72791019e-05 4.72809222e-05
 4.72827609e-05 4.72846180e-05 4.72864935e-05 4.72883874e-05
 4.72902998e-05 4.72922305e-05 4.72941797e-05 4.72961473e-05
 4.72981333e-05 4.73001377e-05 4.73021605e-05 4.73042018e-05
 4.73062614e-05 4.73083395e-05 4.73104360e-05 4.73125510e-05
 4.73146843e-05 4.73168361e-05 4.73190063e-05 4.73211949e-05
 4.73234020e-05 4.73256275e-05 4.73278714e-05 4.73301337e-05
 4.73324145e-05 4.73347137e-05 4.73370313e-05 4.73393674e-05
 4.73417219e-05 4.73440948e-05 4.73464862e-05 4.73488960e-05
 4.73513242e-05 4.73537709e-05 4.73562360e-05 4.73587195e-05
 4.73612215e-05 4.73637420e-05 4.73662808e-05 4.73688382e-05
 4.73714139e-05 4.73740081e-05 4.73766208e-05 4.73792519e-05
 4.73819014e-05 4.73845695e-05 4.73872559e-05 4.73899608e-05
 4.73926842e-05 4.73954260e-05 4.73981863e-05 4.74009650e-05
 4.74037622e-05 4.74065778e-05 4.74094119e-05 4.74122645e-05
 4.74151355e-05 4.74180250e-05 4.74209329e-05 4.74238593e-05
 4.74268042e-05 4.74297675e-05 4.74327494e-05 4.74357496e-05
 4.74387684e-05 4.74418056e-05 4.74448613e-05 4.74479355e-05
 4.74510281e-05 4.74541393e-05 4.74572689e-05 4.74604170e-05
 4.74635835e-05 4.74667686e-05 4.74699721e-05 4.74731941e-05
 4.74764346e-05 4.74796936e-05 4.74829710e-05 4.74862670e-05
 4.74895815e-05 4.74929144e-05 4.74962658e-05 4.74996358e-05
 4.75030242e-05 4.75064311e-05 4.75098565e-05 4.75133004e-05
 4.75167629e-05 4.75202438e-05 4.75237432e-05 4.75272611e-05
 4.75307976e-05 4.75343525e-05 4.75379260e-05 4.75415179e-05
 4.75451284e-05 4.75487574e-05 4.75524049e-05 4.75560709e-05
 4.75597555e-05 4.75634585e-05 4.75671801e-05 4.75709202e-05
 4.75746788e-05 4.75784559e-05 4.75822516e-05 4.75860658e-05
 4.75898986e-05 4.75937498e-05 4.75976196e-05 4.76015079e-05
 4.76054148e-05 4.76093402e-05 4.76132841e-05 4.76172466e-05
 4.76212276e-05 4.76252272e-05 4.76292453e-05 4.76332819e-05
 4.76373371e-05 4.76414109e-05 4.76455032e-05 4.76496140e-05
 4.76537434e-05 4.76578914e-05 4.76620579e-05 4.76662430e-05
 4.76704466e-05 4.76746688e-05 4.76789096e-05 4.76831689e-05
 4.76874468e-05 4.76917433e-05 4.76960583e-05 4.77003919e-05
 4.77047441e-05 4.77091148e-05 4.77135042e-05 4.77179121e-05
 4.77223386e-05 4.77267836e-05 4.77312473e-05 4.77357295e-05
 4.77402304e-05 4.77447498e-05 4.77492878e-05 4.77538444e-05
 4.77584196e-05 4.77630134e-05 4.77676258e-05 4.77722568e-05
 4.77769064e-05 4.77815746e-05 4.77862614e-05 4.77909668e-05
 4.77956908e-05 4.78004334e-05 4.78051947e-05 4.78099745e-05
 4.78147730e-05 4.78195901e-05 4.78244258e-05 4.78292802e-05
 4.78341531e-05 4.78390447e-05 4.78439549e-05 4.78488837e-05
 4.78538312e-05 4.78587973e-05 4.78637821e-05 4.78687854e-05
 4.78738075e-05 4.78788481e-05 4.78839074e-05 4.78889854e-05
 4.78940820e-05 4.78991972e-05 4.79043311e-05 4.79094837e-05
 4.79146549e-05 4.79198447e-05 4.79250532e-05 4.79302804e-05
 4.79355263e-05 4.79407908e-05 4.79460739e-05 4.79513758e-05
 4.79566963e-05 4.79620355e-05 4.79673934e-05 4.79727699e-05
 4.79781651e-05 4.79835790e-05 4.79890116e-05 4.79944629e-05
 4.79999329e-05 4.80054215e-05 4.80109289e-05 4.80164549e-05
 4.80219997e-05 4.80275631e-05 4.80331452e-05 4.80387461e-05
 4.80443656e-05 4.80500039e-05 4.80556608e-05 4.80613365e-05
 4.80670309e-05 4.80727440e-05 4.80784759e-05 4.80842264e-05
 4.80899957e-05 4.80957837e-05 4.81015904e-05 4.81074158e-05
 4.81132600e-05 4.81191230e-05 4.81250046e-05 4.81309050e-05
 4.81368241e-05 4.81427620e-05 4.81487187e-05 4.81546940e-05
 4.81606882e-05 4.81667010e-05 4.81727327e-05 4.81787831e-05
 4.81848522e-05 4.81909401e-05 4.81970468e-05 4.82031723e-05
 4.82093165e-05 4.82154795e-05 4.82216612e-05 4.82278618e-05
 4.82340811e-05 4.82403192e-05 4.82465761e-05 4.82528517e-05
 4.82591462e-05 4.82654594e-05 4.82717915e-05 4.82781423e-05
 4.82845120e-05 4.82909004e-05 4.82973077e-05 4.83037337e-05
 4.83101786e-05 4.83166422e-05 4.83231247e-05 4.83296260e-05
 4.83361461e-05 4.83426851e-05 4.83492428e-05 4.83558194e-05
 4.83624148e-05 4.83690291e-05 4.83756622e-05 4.83823141e-05
 4.83889849e-05 4.83956745e-05 4.84023829e-05 4.84091102e-05
 4.84158564e-05 4.84226213e-05 4.84294052e-05 4.84362079e-05
 4.84430295e-05 4.84498699e-05 4.84567292e-05 4.84636074e-05
 4.84705044e-05 4.84774203e-05 4.84843551e-05 4.84913088e-05
 4.84982813e-05 4.85052728e-05 4.85122831e-05 4.85193123e-05
 4.85263604e-05 4.85334274e-05 4.85405133e-05 4.85476181e-05
 4.85547418e-05 4.85618844e-05 4.85690459e-05 4.85762263e-05
 4.85834257e-05 4.85906439e-05 4.85978811e-05 4.86051372e-05
 4.86124122e-05 4.86197062e-05 4.86270191e-05 4.86343509e-05
 4.86417017e-05 4.86490714e-05 4.86564600e-05 4.86638676e-05
 4.86712941e-05 4.86787396e-05 4.86862041e-05 4.86936875e-05
 4.87011898e-05 4.87087112e-05 4.87162515e-05 4.87238107e-05
 4.87313890e-05 4.87389862e-05 4.87466024e-05 4.87542375e-05
 4.87618917e-05 4.87695648e-05 4.87772570e-05 4.87849681e-05
 4.87926982e-05 4.88004473e-05 4.88082154e-05 4.88160026e-05
 4.88238087e-05 4.88316339e-05 4.88394780e-05 4.88473412e-05
 4.88552234e-05 4.88631246e-05 4.88710449e-05 4.88789841e-05
 4.88869424e-05 4.88949198e-05 4.89029162e-05 4.89109316e-05
 4.89189661e-05 4.89270196e-05 4.89350922e-05 4.89431838e-05
 4.89512945e-05 4.89594242e-05 4.89675730e-05 4.89757409e-05
 4.89839279e-05 4.89921339e-05 4.90003590e-05 4.90086032e-05
 4.90168664e-05 4.90251488e-05 4.90334502e-05 4.90417707e-05
 4.90501103e-05 4.90584691e-05 4.90668469e-05 4.90752438e-05
 4.90836599e-05 4.90920950e-05 4.91005493e-05 4.91090227e-05
 4.91175152e-05 4.91260268e-05 4.91345576e-05 4.91431075e-05
 4.91516765e-05 4.91602647e-05 4.91688720e-05 4.91774985e-05
 4.91861441e-05 4.91948088e-05 4.92034928e-05 4.92121958e-05
 4.92209181e-05 4.92296595e-05 4.92384200e-05 4.92471998e-05
 4.92559987e-05 4.92648168e-05 4.92736541e-05 4.92825106e-05
 4.92913862e-05 4.93002811e-05 4.93091951e-05 4.93181284e-05
 4.93270808e-05 4.93360525e-05 4.93450434e-05 4.93540535e-05
 4.93630828e-05 4.93721313e-05 4.93811990e-05 4.93902860e-05
 4.93993922e-05 4.94085177e-05 4.94176623e-05 4.94268263e-05
 4.94360094e-05 4.94452119e-05 4.94544335e-05 4.94636745e-05
 4.94729347e-05 4.94822141e-05 4.94915128e-05 4.95008308e-05]