[1.68327391e-05 1.67323935e-05 1.66326533e-05 1.65335148e-05
 1.64349746e-05 1.63370290e-05 1.62396744e-05 1.61429074e-05
 1.60467244e-05 1.59511219e-05 1.58560965e-05 1.57616447e-05
 1.56677631e-05 1.55744484e-05 1.54816970e-05 1.53895057e-05
 1.52978711e-05 1.52067899e-05 1.51162587e-05 1.50262744e-05
 1.49368336e-05 1.48479330e-05 1.47595696e-05 1.46717400e-05
 1.45844411e-05 1.44976697e-05 1.44114227e-05 1.43256970e-05
 1.42404893e-05 1.41557967e-05 1.40716161e-05 1.39879444e-05
 1.39047786e-05 1.38221156e-05 1.37399526e-05 1.36582864e-05
 1.35771142e-05 1.34964329e-05 1.34162397e-05 1.33365317e-05
 1.32573059e-05 1.31785596e-05 1.31002897e-05 1.30224936e-05
 1.29451683e-05 1.28683112e-05 1.27919193e-05 1.27159899e-05
 1.26405203e-05 1.25655077e-05 1.24909495e-05 1.24168428e-05
 1.23431851e-05 1.22699736e-05 1.21972057e-05 1.21248787e-05
 1.20529901e-05 1.19815373e-05 1.19105175e-05 1.18399283e-05
 1.17697671e-05 1.17000314e-05 1.16307186e-05 1.15618262e-05
 1.14933517e-05 1.14252927e-05 1.13576466e-05 1.12904110e-05
 1.12235835e-05 1.11571617e-05 1.10911431e-05 1.10255254e-05
 1.09603061e-05 1.08954829e-05 1.08310535e-05 1.07670155e-05
 1.07033666e-05 1.06401045e-05 1.05772269e-05 1.05147315e-05
 1.04526160e-05 1.03908783e-05 1.03295160e-05 1.02685269e-05
 1.02079089e-05 1.01476596e-05 1.00877771e-05 1.00282590e-05
 9.96910315e-06 9.91030751e-06 9.85186990e-06 9.79378821e-06
 9.73606032e-06 9.67868415e-06 9.62165761e-06 9.56497864e-06
 9.50864518e-06 9.45265519e-06 9.39700663e-06 9.34169750e-06
 9.28672578e-06 9.23208948e-06 9.17778663e-06 9.12381524e-06
 9.07017337e-06 9.01685907e-06 8.96387041e-06 8.91120546e-06
 8.85886231e-06 8.80683907e-06 8.75513386e-06 8.70374479e-06
 8.65267000e-06 8.60190765e-06 8.55145588e-06 8.50131288e-06
 8.45147682e-06 8.40194589e-06 8.35271831e-06 8.30379227e-06
 8.25516602e-06 8.20683779e-06 8.15880582e-06 8.11106838e-06
 8.06362373e-06 8.01647015e-06 7.96960593e-06 7.92302938e-06
 7.87673880e-06 7.83073252e-06 7.78500886e-06 7.73956618e-06
 7.69440281e-06 7.64951713e-06 7.60490751e-06 7.56057233e-06
 7.51650998e-06 7.47271886e-06 7.42919739e-06 7.38594399e-06
 7.34295708e-06 7.30023512e-06 7.25777655e-06 7.21557983e-06
 7.17364344e-06 7.13196585e-06 7.09054554e-06 7.04938103e-06
 7.00847081e-06 6.96781341e-06 6.92740734e-06 6.88725115e-06
 6.84734337e-06 6.80768257e-06 6.76826729e-06 6.72909612e-06
 6.69016764e-06 6.65148042e-06 6.61303307e-06 6.57482420e-06
 6.53685241e-06 6.49911634e-06 6.46161461e-06 6.42434587e-06
 6.38730875e-06 6.35050193e-06 6.31392406e-06 6.27757382e-06
 6.24144989e-06 6.20555097e-06 6.16987574e-06 6.13442291e-06
 6.09919121e-06 6.06417935e-06 6.02938606e-06 5.99481008e-06
 5.96045016e-06 5.92630505e-06 5.89237352e-06 5.85865433e-06
 5.82514626e-06 5.79184810e-06 5.75875863e-06 5.72587666e-06
 5.69320100e-06 5.66073046e-06 5.62846387e-06 5.59640004e-06
 5.56453783e-06 5.53287608e-06 5.50141363e-06 5.47014935e-06
 5.43908211e-06 5.40821077e-06 5.37753422e-06 5.34705134e-06
 5.31676104e-06 5.28666221e-06 5.25675375e-06 5.22703460e-06
 5.19750366e-06 5.16815987e-06 5.13900216e-06 5.11002948e-06
 5.08124077e-06 5.05263500e-06 5.02421112e-06 4.99596810e-06
 4.96790493e-06 4.94002058e-06 4.91231403e-06 4.88478430e-06
 4.85743037e-06 4.83025126e-06 4.80324598e-06 4.77641356e-06
 4.74975301e-06 4.72326337e-06 4.69694369e-06 4.67079300e-06
 4.64481036e-06 4.61899483e-06 4.59334547e-06 4.56786135e-06
 4.54254155e-06 4.51738515e-06 4.49239123e-06 4.46755890e-06
 4.44288724e-06 4.41837537e-06 4.39402239e-06 4.36982743e-06
 4.34578961e-06 4.32190805e-06 4.29818189e-06 4.27461026e-06
 4.25119232e-06 4.22792722e-06 4.20481411e-06 4.18185214e-06
 4.15904050e-06 4.13637836e-06 4.11386488e-06 4.09149926e-06
 4.06928068e-06 4.04720834e-06 4.02528144e-06 4.00349918e-06
 3.98186078e-06 3.96036544e-06 3.93901240e-06 3.91780087e-06
 3.89673008e-06 3.87579928e-06 3.85500770e-06 3.83435459e-06
 3.81383919e-06 3.79346078e-06 3.77321860e-06 3.75311192e-06
 3.73314002e-06 3.71330217e-06 3.69359765e-06 3.67402575e-06
 3.65458575e-06 3.63527696e-06 3.61609867e-06 3.59705018e-06
 3.57813081e-06 3.55933986e-06 3.54067667e-06 3.52214055e-06
 3.50373082e-06 3.48544683e-06 3.46728791e-06 3.44925340e-06
 3.43134264e-06 3.41355499e-06 3.39588980e-06 3.37834644e-06
 3.36092426e-06 3.34362263e-06 3.32644093e-06 3.30937854e-06
 3.29243482e-06 3.27560918e-06 3.25890100e-06 3.24230967e-06
 3.22583460e-06 3.20947518e-06 3.19323082e-06 3.17710094e-06
 3.16108494e-06 3.14518225e-06 3.12939229e-06 3.11371449e-06
 3.09814828e-06 3.08269310e-06 3.06734838e-06 3.05211357e-06
 3.03698812e-06 3.02197147e-06 3.00706309e-06 2.99226243e-06
 2.97756895e-06 2.96298213e-06 2.94850144e-06 2.93412634e-06
 2.91985632e-06 2.90569086e-06 2.89162945e-06 2.87767158e-06
 2.86381673e-06 2.85006442e-06 2.83641414e-06 2.82286539e-06
 2.80941768e-06 2.79607053e-06 2.78282345e-06 2.76967597e-06
 2.75662760e-06 2.74367787e-06 2.73082631e-06 2.71807246e-06
 2.70541586e-06 2.69285604e-06 2.68039255e-06 2.66802493e-06
 2.65575275e-06 2.64357555e-06 2.63149290e-06 2.61950434e-06
 2.60760946e-06 2.59580782e-06 2.58409899e-06 2.57248254e-06
 2.56095806e-06 2.54952512e-06 2.53818332e-06 2.52693224e-06
 2.51577147e-06 2.50470062e-06 2.49371926e-06 2.48282702e-06
 2.47202349e-06 2.46130829e-06 2.45068102e-06 2.44014129e-06
 2.42968873e-06 2.41932296e-06 2.40904361e-06 2.39885029e-06
 2.38874264e-06 2.37872029e-06 2.36878288e-06 2.35893005e-06
 2.34916144e-06 2.33947670e-06 2.32987547e-06 2.32035742e-06
 2.31092218e-06 2.30156943e-06 2.29229882e-06 2.28311001e-06
 2.27400268e-06 2.26497649e-06 2.25603111e-06 2.24716623e-06
 2.23838151e-06 2.22967664e-06 2.22105131e-06 2.21250520e-06
 2.20403800e-06 2.19564941e-06 2.18733912e-06 2.17910683e-06
 2.17095224e-06 2.16287506e-06 2.15487499e-06 2.14695174e-06
 2.13910502e-06 2.13133456e-06 2.12364007e-06 2.11602127e-06
 2.10847788e-06 2.10100963e-06 2.09361625e-06 2.08629747e-06
 2.07905303e-06 2.07188266e-06 2.06478610e-06 2.05776310e-06
 2.05081340e-06 2.04393675e-06 2.03713290e-06 2.03040161e-06
 2.02374262e-06 2.01715570e-06 2.01064061e-06 2.00419712e-06
 1.99782498e-06 1.99152397e-06 1.98529386e-06 1.97913442e-06
 1.97304544e-06 1.96702668e-06 1.96107793e-06 1.95519898e-06
 1.94938962e-06 1.94364962e-06 1.93797879e-06 1.93237691e-06
 1.92684379e-06 1.92137923e-06 1.91598302e-06 1.91065497e-06
 1.90539489e-06 1.90020259e-06 1.89507787e-06 1.89002056e-06
 1.88503046e-06 1.88010740e-06 1.87525121e-06 1.87046169e-06
 1.86573869e-06 1.86108202e-06 1.85649153e-06 1.85196704e-06
 1.84750838e-06 1.84311541e-06 1.83878795e-06 1.83452586e-06
 1.83032897e-06 1.82619713e-06 1.82213021e-06 1.81812803e-06
 1.81419047e-06 1.81031738e-06 1.80650862e-06 1.80276405e-06
 1.79908354e-06 1.79546695e-06 1.79191414e-06 1.78842500e-06
 1.78499940e-06 1.78163720e-06 1.77833830e-06 1.77510256e-06
 1.77192988e-06 1.76882013e-06 1.76577321e-06 1.76278900e-06
 1.75986740e-06 1.75700829e-06 1.75421159e-06 1.75147717e-06
 1.74880496e-06 1.74619484e-06 1.74364673e-06 1.74116052e-06
 1.73873614e-06 1.73637349e-06 1.73407250e-06 1.73183306e-06
 1.72965511e-06 1.72753856e-06 1.72548334e-06 1.72348937e-06
 1.72155659e-06 1.71968491e-06 1.71787428e-06 1.71612462e-06
 1.71443588e-06 1.71280799e-06 1.71124089e-06 1.70973453e-06
 1.70828885e-06 1.70690381e-06 1.70557934e-06 1.70431540e-06
 1.70311194e-06 1.70196893e-06 1.70088632e-06 1.69986407e-06
 1.69890215e-06 1.69800051e-06 1.69715913e-06 1.69637798e-06
 1.69565702e-06 1.69499624e-06 1.69439560e-06 1.69385509e-06
 1.69337469e-06 1.69295437e-06 1.69259413e-06 1.69229394e-06
 1.69205381e-06 1.69187372e-06 1.69175366e-06 1.69169363e-06
 1.69169363e-06 1.69175366e-06 1.69187372e-06 1.69205381e-06
 1.69229394e-06 1.69259413e-06 1.69295437e-06 1.69337469e-06
 1.69385509e-06 1.69439560e-06 1.69499624e-06 1.69565702e-06
 1.69637798e-06 1.69715913e-06 1.69800051e-06 1.69890215e-06
 1.69986407e-06 1.70088632e-06 1.70196893e-06 1.70311194e-06
 1.70431540e-06 1.70557934e-06 1.70690381e-06 1.70828885e-06
 1.70973453e-06 1.71124089e-06 1.71280799e-06 1.71443588e-06
 1.71612462e-06 1.71787428e-06 1.71968491e-06 1.72155659e-06
 1.72348937e-06 1.72548334e-06 1.72753856e-06 1.72965511e-06
 1.73183306e-06 1.73407250e-06 1.73637349e-06 1.73873614e-06
 1.74116052e-06 1.74364673e-06 1.74619484e-06 1.74880496e-06
 1.75147717e-06 1.75421159e-06 1.75700829e-06 1.75986740e-06
 1.76278900e-06 1.76577321e-06 1.76882013e-06 1.77192988e-06
 1.77510256e-06 1.77833830e-06 1.78163720e-06 1.78499940e-06
 1.78842500e-06 1.79191414e-06 1.79546695e-06 1.79908354e-06
 1.80276405e-06 1.80650862e-06 1.81031738e-06 1.81419047e-06
 1.81812803e-06 1.82213021e-06 1.82619713e-06 1.83032897e-06
 1.83452586e-06 1.83878795e-06 1.84311541e-06 1.84750838e-06
 1.85196704e-06 1.85649153e-06 1.86108202e-06 1.86573869e-06
 1.87046169e-06 1.87525121e-06 1.88010740e-06 1.88503046e-06
 1.89002056e-06 1.89507787e-06 1.90020259e-06 1.90539489e-06
 1.91065497e-06 1.91598302e-06 1.92137923e-06 1.92684379e-06
 1.93237691e-06 1.93797879e-06 1.94364962e-06 1.94938962e-06
 1.95519898e-06 1.96107793e-06 1.96702668e-06 1.97304544e-06
 1.97913442e-06 1.98529386e-06 1.99152397e-06 1.99782498e-06
 2.00419712e-06 2.01064061e-06 2.01715570e-06 2.02374262e-06
 2.03040161e-06 2.03713290e-06 2.04393675e-06 2.05081340e-06
 2.05776310e-06 2.06478610e-06 2.07188266e-06 2.07905303e-06
 2.08629747e-06 2.09361625e-06 2.10100963e-06 2.10847788e-06
 2.11602127e-06 2.12364007e-06 2.13133456e-06 2.13910502e-06
 2.14695174e-06 2.15487499e-06 2.16287506e-06 2.17095224e-06
 2.17910683e-06 2.18733912e-06 2.19564941e-06 2.20403800e-06
 2.21250520e-06 2.22105131e-06 2.22967664e-06 2.23838151e-06
 2.24716623e-06 2.25603111e-06 2.26497649e-06 2.27400268e-06
 2.28311001e-06 2.29229882e-06 2.30156943e-06 2.31092218e-06
 2.32035742e-06 2.32987547e-06 2.33947670e-06 2.34916144e-06
 2.35893005e-06 2.36878288e-06 2.37872029e-06 2.38874264e-06
 2.39885029e-06 2.40904361e-06 2.41932296e-06 2.42968873e-06
 2.44014129e-06 2.45068102e-06 2.46130829e-06 2.47202349e-06
 2.48282702e-06 2.49371926e-06 2.50470062e-06 2.51577147e-06
 2.52693224e-06 2.53818332e-06 2.54952512e-06 2.56095806e-06
 2.57248254e-06 2.58409899e-06 2.59580782e-06 2.60760946e-06
 2.61950434e-06 2.63149290e-06 2.64357555e-06 2.65575275e-06
 2.66802493e-06 2.68039255e-06 2.69285604e-06 2.70541586e-06
 2.71807246e-06 2.73082631e-06 2.74367787e-06 2.75662760e-06
 2.76967597e-06 2.78282345e-06 2.79607053e-06 2.80941768e-06
 2.82286539e-06 2.83641414e-06 2.85006442e-06 2.86381673e-06
 2.87767158e-06 2.89162945e-06 2.90569086e-06 2.91985632e-06
 2.93412634e-06 2.94850144e-06 2.96298213e-06 2.97756895e-06
 2.99226243e-06 3.00706309e-06 3.02197147e-06 3.03698812e-06
 3.05211357e-06 3.06734838e-06 3.08269310e-06 3.09814828e-06
 3.11371449e-06 3.12939229e-06 3.14518225e-06 3.16108494e-06
 3.17710094e-06 3.19323082e-06 3.20947518e-06 3.22583460e-06
 3.24230967e-06 3.25890100e-06 3.27560918e-06 3.29243482e-06
 3.30937854e-06 3.32644093e-06 3.34362263e-06 3.36092426e-06
 3.37834644e-06 3.39588980e-06 3.41355499e-06 3.43134264e-06
 3.44925340e-06 3.46728791e-06 3.48544683e-06 3.50373082e-06
 3.52214055e-06 3.54067667e-06 3.55933986e-06 3.57813081e-06
 3.59705018e-06 3.61609867e-06 3.63527696e-06 3.65458575e-06
 3.67402575e-06 3.69359765e-06 3.71330217e-06 3.73314002e-06
 3.75311192e-06 3.77321860e-06 3.79346078e-06 3.81383919e-06
 3.83435459e-06 3.85500770e-06 3.87579928e-06 3.89673008e-06
 3.91780087e-06 3.93901240e-06 3.96036544e-06 3.98186078e-06
 4.00349918e-06 4.02528144e-06 4.04720834e-06 4.06928068e-06
 4.09149926e-06 4.11386488e-06 4.13637836e-06 4.15904050e-06
 4.18185214e-06 4.20481411e-06 4.22792722e-06 4.25119232e-06
 4.27461026e-06 4.29818189e-06 4.32190805e-06 4.34578961e-06
 4.36982743e-06 4.39402239e-06 4.41837537e-06 4.44288724e-06
 4.46755890e-06 4.49239123e-06 4.51738515e-06 4.54254155e-06
 4.56786135e-06 4.59334547e-06 4.61899483e-06 4.64481036e-06
 4.67079300e-06 4.69694369e-06 4.72326337e-06 4.74975301e-06
 4.77641356e-06 4.80324598e-06 4.83025126e-06 4.85743037e-06
 4.88478430e-06 4.91231403e-06 4.94002058e-06 4.96790493e-06
 4.99596810e-06 5.02421112e-06 5.05263500e-06 5.08124077e-06
 5.11002948e-06 5.13900216e-06 5.16815987e-06 5.19750366e-06
 5.22703460e-06 5.25675375e-06 5.28666221e-06 5.31676104e-06
 5.34705134e-06 5.37753422e-06 5.40821077e-06 5.43908211e-06
 5.47014935e-06 5.50141363e-06 5.53287608e-06 5.56453783e-06
 5.59640004e-06 5.62846387e-06 5.66073046e-06 5.69320100e-06
 5.72587666e-06 5.75875863e-06 5.79184810e-06 5.82514626e-06
 5.85865433e-06 5.89237352e-06 5.92630505e-06 5.96045016e-06
 5.99481008e-06 6.02938606e-06 6.06417935e-06 6.09919121e-06
 6.13442291e-06 6.16987574e-06 6.20555097e-06 6.24144989e-06
 6.27757382e-06 6.31392406e-06 6.35050193e-06 6.38730875e-06
 6.42434587e-06 6.46161461e-06 6.49911634e-06 6.53685241e-06
 6.57482420e-06 6.61303307e-06 6.65148042e-06 6.69016764e-06
 6.72909612e-06 6.76826729e-06 6.80768257e-06 6.84734337e-06
 6.88725115e-06 6.92740734e-06 6.96781341e-06 7.00847081e-06
 7.04938103e-06 7.09054554e-06 7.13196585e-06 7.17364344e-06
 7.21557983e-06 7.25777655e-06 7.30023512e-06 7.34295708e-06
 7.38594399e-06 7.42919739e-06 7.47271886e-06 7.51650998e-06
 7.56057233e-06 7.60490751e-06 7.64951713e-06 7.69440281e-06
 7.73956618e-06 7.78500886e-06 7.83073252e-06 7.87673880e-06
 7.92302938e-06 7.96960593e-06 8.01647015e-06 8.06362373e-06
 8.11106838e-06 8.15880582e-06 8.20683779e-06 8.25516602e-06
 8.30379227e-06 8.35271831e-06 8.40194589e-06 8.45147682e-06
 8.50131288e-06 8.55145588e-06 8.60190765e-06 8.65267000e-06
 8.70374479e-06 8.75513386e-06 8.80683907e-06 8.85886231e-06
 8.91120546e-06 8.96387041e-06 9.01685907e-06 9.07017337e-06
 9.12381524e-06 9.17778663e-06 9.23208948e-06 9.28672578e-06
 9.34169750e-06 9.39700663e-06 9.45265519e-06 9.50864518e-06
 9.56497864e-06 9.62165761e-06 9.67868415e-06 9.73606032e-06
 9.79378821e-06 9.85186990e-06 9.91030751e-06 9.96910315e-06
 1.00282590e-05 1.00877771e-05 1.01476596e-05 1.02079089e-05
 1.02685269e-05 1.03295160e-05 1.03908783e-05 1.04526160e-05
 1.05147315e-05 1.05772269e-05 1.06401045e-05 1.07033666e-05
 1.07670155e-05 1.08310535e-05 1.08954829e-05 1.09603061e-05
 1.10255254e-05 1.10911431e-05 1.11571617e-05 1.12235835e-05
 1.12904110e-05 1.13576466e-05 1.14252927e-05 1.14933517e-05
 1.15618262e-05 1.16307186e-05 1.17000314e-05 1.17697671e-05
 1.18399283e-05 1.19105175e-05 1.19815373e-05 1.20529901e-05
 1.21248787e-05 1.21972057e-05 1.22699736e-05 1.23431851e-05
 1.24168428e-05 1.24909495e-05 1.25655077e-05 1.26405203e-05
 1.27159899e-05 1.27919193e-05 1.28683112e-05 1.29451683e-05
 1.30224936e-05 1.31002897e-05 1.31785596e-05 1.32573059e-05
 1.33365317e-05 1.34162397e-05 1.34964329e-05 1.35771142e-05
 1.36582864e-05 1.37399526e-05 1.38221156e-05 1.39047786e-05
 1.39879444e-05 1.40716161e-05 1.41557967e-05 1.42404893e-05
 1.43256970e-05 1.44114227e-05 1.44976697e-05 1.45844411e-05
 1.46717400e-05 1.47595696e-05 1.48479330e-05 1.49368336e-05
 1.50262744e-05 1.51162587e-05 1.52067899e-05 1.52978711e-05
 1.53895057e-05 1.54816970e-05 1.55744484e-05 1.56677631e-05
 1.57616447e-05 1.58560965e-05 1.59511219e-05 1.60467244e-05
 1.61429074e-05 1.62396744e-05 1.63370290e-05 1.64349746e-05
 1.65335148e-05 1.66326533e-05 1.67323935e-05 1.68327391e-05]