[4.95007948e-05 4.95007646e-05 4.95006741e-05 4.95005232e-05
 4.95003118e-05 4.95000399e-05 4.94997074e-05 4.94993142e-05
 4.94988601e-05 4.94983450e-05 4.94977688e-05 4.94971312e-05
 4.94964320e-05 4.94956710e-05 4.94948479e-05 4.94939625e-05
 4.94930144e-05 4.94920033e-05 4.94909290e-05 4.94897909e-05
 4.94885888e-05 4.94873223e-05 4.94859908e-05 4.94845940e-05
 4.94831314e-05 4.94816024e-05 4.94800067e-05 4.94783435e-05
 4.94766124e-05 4.94748127e-05 4.94729438e-05 4.94710052e-05
 4.94689961e-05 4.94669158e-05 4.94647637e-05 4.94625389e-05
 4.94602407e-05 4.94578683e-05 4.94554209e-05 4.94528976e-05
 4.94502976e-05 4.94476200e-05 4.94448637e-05 4.94420278e-05
 4.94391114e-05 4.94361135e-05 4.94330328e-05 4.94298684e-05
 4.94266191e-05 4.94232839e-05 4.94198614e-05 4.94163504e-05
 4.94127498e-05 4.94090581e-05 4.94052741e-05 4.94013965e-05
 4.93974237e-05 4.93933544e-05 4.93891870e-05 4.93849201e-05
 4.93805521e-05 4.93760813e-05 4.93715062e-05 4.93668250e-05
 4.93620360e-05 4.93571375e-05 4.93521275e-05 4.93470043e-05
 4.93417658e-05 4.93364102e-05 4.93309353e-05 4.93253393e-05
 4.93196198e-05 4.93137747e-05 4.93078018e-05 4.93016988e-05
 4.92954634e-05 4.92890931e-05 4.92825855e-05 4.92759381e-05
 4.92691481e-05 4.92622131e-05 4.92551303e-05 4.92478969e-05
 4.92405100e-05 4.92329667e-05 4.92252640e-05 4.92173989e-05
 4.92093681e-05 4.92011685e-05 4.91927967e-05 4.91842494e-05
 4.91755231e-05 4.91666142e-05 4.91575191e-05 4.91482341e-05
 4.91387553e-05 4.91290789e-05 4.91192008e-05 4.91091169e-05
 4.90988230e-05 4.90883147e-05 4.90775878e-05 4.90666376e-05
 4.90554595e-05 4.90440488e-05 4.90324005e-05 4.90205098e-05
 4.90083716e-05 4.89959804e-05 4.89833312e-05 4.89704182e-05
 4.89572360e-05 4.89437788e-05 4.89300406e-05 4.89160154e-05
 4.89016971e-05 4.88870793e-05 4.88721554e-05 4.88569189e-05
 4.88413629e-05 4.88254805e-05 4.88092644e-05 4.87927073e-05
 4.87758018e-05 4.87585401e-05 4.87409144e-05 4.87229165e-05
 4.87045382e-05 4.86857711e-05 4.86666063e-05 4.86470351e-05
 4.86270483e-05 4.86066365e-05 4.85857902e-05 4.85644996e-05
 4.85427546e-05 4.85205449e-05 4.84978600e-05 4.84746889e-05
 4.84510208e-05 4.84268441e-05 4.84021473e-05 4.83769185e-05
 4.83511453e-05 4.83248154e-05 4.82979158e-05 4.82704334e-05
 4.82423548e-05 4.82136660e-05 4.81843531e-05 4.81544014e-05
 4.81237961e-05 4.80925220e-05 4.80605634e-05 4.80279045e-05
 4.79945286e-05 4.79604192e-05 4.79255589e-05 4.78899300e-05
 4.78535146e-05 4.78162941e-05 4.77782494e-05 4.77393611e-05
 4.76996093e-05 4.76589735e-05 4.76174326e-05 4.75749653e-05
 4.75315495e-05 4.74871627e-05 4.74417816e-05 4.73953827e-05
 4.73479415e-05 4.72994333e-05 4.72498324e-05 4.71991127e-05
 4.71472474e-05 4.70942089e-05 4.70399692e-05 4.69844993e-05
 4.69277697e-05 4.68697500e-05 4.68104091e-05 4.67497151e-05
 4.66876355e-05 4.66241366e-05 4.65591843e-05 4.64927433e-05
 4.64247777e-05 4.63552504e-05 4.62841236e-05 4.62113584e-05
 4.61369153e-05 4.60607533e-05 4.59828306e-05 4.59031046e-05
 4.58215312e-05 4.57380656e-05 4.56526617e-05 4.55652721e-05
 4.54758485e-05 4.53843413e-05 4.52906997e-05 4.51948715e-05
 4.50968034e-05 4.49964406e-05 4.48937271e-05 4.47886053e-05
 4.46810165e-05 4.45709003e-05 4.44581948e-05 4.43428367e-05
 4.42247611e-05 4.41039014e-05 4.39801896e-05 4.38535557e-05
 4.37239282e-05 4.35912338e-05 4.34553973e-05 4.33163419e-05
 4.31739886e-05 4.30282567e-05 4.28790634e-05 4.27263240e-05
 4.25699516e-05 4.24098572e-05 4.22459496e-05 4.20781356e-05
 4.19063195e-05 4.17304033e-05 4.15502867e-05 4.13658669e-05
 4.11770387e-05 4.09836943e-05 4.07857233e-05 4.05830125e-05
 4.03754463e-05 4.01629060e-05 3.99452703e-05 3.97224147e-05
 3.94942120e-05 3.92605318e-05 3.90212406e-05 3.87762018e-05
 3.85252754e-05 3.82683183e-05 3.80051837e-05 3.77357216e-05
 3.74597784e-05 3.71771966e-05 3.68878154e-05 3.65914699e-05
 3.62879915e-05 3.59772075e-05 3.56589414e-05 3.53330124e-05
 3.49992355e-05 3.46574213e-05 3.43073764e-05 3.39489024e-05
 3.35817966e-05 3.32058518e-05 3.28208555e-05 3.24265910e-05
 3.20228360e-05 3.16093635e-05 3.11859413e-05 3.07523318e-05
 3.03082921e-05 2.98535737e-05 2.93879227e-05 2.89110793e-05
 2.84227779e-05 2.79227471e-05 2.74107091e-05 2.68863804e-05
 2.63494708e-05 2.57996839e-05 2.52367166e-05 2.46602593e-05
 2.40699956e-05 2.34656020e-05 2.28467482e-05 2.22130965e-05
 2.15643020e-05 2.09000124e-05 2.02198677e-05 1.95235004e-05
 1.88105348e-05 1.80805876e-05 1.73332670e-05 1.65681732e-05
 1.57848980e-05 1.49830244e-05 1.41621268e-05 1.33217708e-05
 1.24615131e-05 1.15809010e-05 1.06794726e-05 9.75675658e-06
 8.81227207e-06 7.84552830e-06 6.85602467e-06 5.84325051e-06
 4.80668493e-06 3.74579665e-06 2.66004384e-06 1.54887400e-06
 9.99811618e-07 9.94917069e-07 9.90022323e-07 9.87257426e-07
 9.87257426e-07 9.87257426e-07 9.87257426e-07 9.87257426e-07
 9.87257426e-07 9.87257426e-07 9.87257426e-07 9.87257426e-07
 9.87257426e-07 9.87257426e-07 9.87257426e-07 9.87257426e-07
 9.87257426e-07 9.87257426e-07 9.87257426e-07 9.87257426e-07
 9.87257426e-07 9.87257426e-07 9.87257426e-07 9.87257426e-07
 9.87257426e-07 9.87257426e-07 9.87257426e-07 9.87257426e-07
 9.87257426e-07 9.87257426e-07 9.87257426e-07 9.87257426e-07
 9.87257426e-07 9.87257426e-07 9.87257426e-07 9.87257426e-07
 9.87257426e-07 9.87257426e-07 9.87257426e-07 9.87257426e-07
 9.87257426e-07 9.87257426e-07 9.87257426e-07 9.87257426e-07
 9.87257426e-07 9.87257426e-07 9.87257426e-07 9.87257426e-07
 9.87257426e-07 9.87257426e-07 9.87257426e-07 9.87257426e-07
 9.87257426e-07 9.87257426e-07 9.87257426e-07 9.87257426e-07
 9.87257426e-07 9.87257426e-07 9.87257426e-07 9.87257426e-07
 9.87257426e-07 9.87257426e-07 9.87257426e-07 9.87257426e-07
 9.87257426e-07 9.87257426e-07 9.87257426e-07 9.87257426e-07
 9.87257426e-07 9.87257426e-07 9.87257426e-07 9.87257426e-07
 9.87257426e-07 9.87257426e-07 9.87257426e-07 9.87257426e-07
 9.87257426e-07 9.87257426e-07 9.87257426e-07 9.87257426e-07
 9.87257426e-07 9.87257426e-07 9.87257426e-07 9.87257426e-07
 9.87257426e-07 9.87257426e-07 9.87257426e-07 9.87257426e-07
 9.87257426e-07 9.87257426e-07 9.87257426e-07 9.87257426e-07
 9.87257426e-07 9.87257426e-07 9.87257426e-07 9.87257426e-07
 9.87257426e-07 9.87257426e-07 9.87257426e-07 9.87257426e-07
 9.87257426e-07 9.87257426e-07 9.87257426e-07 9.87257426e-07
 9.87257426e-07 9.87257426e-07 9.87257426e-07 9.87257426e-07
 9.87257426e-07 9.87257426e-07 9.87257426e-07 9.87257426e-07
 9.87257426e-07 9.87257426e-07 9.87257426e-07 9.87257426e-07
 9.87257426e-07 9.87257426e-07 9.87257426e-07 9.87257426e-07
 9.87257426e-07 9.87257426e-07 9.87257426e-07 9.87257426e-07
 9.87257426e-07 9.87257426e-07 9.87257426e-07 9.87257426e-07
 9.87257426e-07 9.87257426e-07 9.87257426e-07 9.87257426e-07
 9.87257426e-07 9.87257426e-07 9.87257426e-07 9.87257426e-07
 9.87257426e-07 9.87257426e-07 9.87257426e-07 9.87257426e-07
 9.87257426e-07 9.87257426e-07 9.87257426e-07 9.87257426e-07
 9.87257426e-07 9.87257426e-07 9.87257426e-07 9.87257426e-07
 9.87257426e-07 9.87257426e-07 9.87257426e-07 9.87257426e-07
 9.87257426e-07 9.87257426e-07 9.87257426e-07 9.87257426e-07
 9.87257426e-07 9.87257426e-07 9.87257426e-07 9.87257426e-07
 9.87257426e-07 9.87257426e-07 9.87257426e-07 9.87257426e-07
 9.87257426e-07 9.87257426e-07 9.87257426e-07 9.87257426e-07
 9.87257426e-07 9.87257426e-07 9.87257426e-07 9.87257426e-07
 9.87257426e-07 9.87257426e-07 9.87257426e-07 9.87257426e-07
 9.87257426e-07 9.87257426e-07 9.87257426e-07 9.87257426e-07
 9.87257426e-07 9.87257426e-07 9.87257426e-07 9.87257426e-07
 9.87257426e-07 9.87257426e-07 9.87257426e-07 9.87257426e-07
 9.87257426e-07 9.87257426e-07 9.87257426e-07 9.87257426e-07
 9.87257426e-07 9.87257426e-07 9.87257426e-07 9.87257426e-07
 9.87257426e-07 9.87257426e-07 9.87257426e-07 9.87257426e-07
 9.87257426e-07 9.87257426e-07 9.87257426e-07 9.87257426e-07
 9.87257426e-07 9.87257426e-07 9.87257426e-07 9.87257426e-07
 9.87257426e-07 9.87257426e-07 9.87257426e-07 9.87257426e-07
 9.87257426e-07 9.87257426e-07 9.87257426e-07 9.87257426e-07
 9.87257426e-07 9.87257426e-07 9.87257426e-07 9.87257426e-07
 9.87257426e-07 9.87257426e-07 9.87257426e-07 9.87257426e-07
 9.87257426e-07 9.87257426e-07 9.87257426e-07 9.87257426e-07
 9.87257426e-07 9.87257426e-07 9.87257426e-07 9.87257426e-07
 9.87257426e-07 9.87257426e-07 9.87257426e-07 9.87257426e-07
 9.87257426e-07 9.87257426e-07 9.87257426e-07 9.87257426e-07
 9.87257426e-07 9.87257426e-07 9.87257426e-07 9.87257426e-07
 9.87257426e-07 9.87257426e-07 9.87257426e-07 9.87257426e-07
 9.87257426e-07 9.87257426e-07 9.87257426e-07 9.87257426e-07
 9.87257426e-07 9.87257426e-07 9.87257426e-07 9.87257426e-07
 9.87257426e-07 9.87257426e-07 9.87257426e-07 9.87257426e-07
 9.87257426e-07 9.87257426e-07 9.87257426e-07 9.87257426e-07
 9.87257426e-07 9.87257426e-07 9.87257426e-07 9.87257426e-07
 9.87257426e-07 9.87257426e-07 9.87257426e-07 9.87257426e-07
 9.87257426e-07 9.87257426e-07 9.87257426e-07 9.87257426e-07
 9.87257426e-07 9.87257426e-07 9.87257426e-07 9.87257426e-07
 9.87257426e-07 9.87257426e-07 9.87257426e-07 9.87257426e-07
 9.87257426e-07 9.87257426e-07 9.87257426e-07 9.87257426e-07
 9.87257426e-07 9.87257426e-07 9.87257426e-07 9.87257426e-07
 9.87257426e-07 9.87257426e-07 9.87257426e-07 9.87257426e-07
 9.87257426e-07 9.87257426e-07 9.87257426e-07 9.87257426e-07
 9.87257426e-07 9.87257426e-07 9.87257426e-07 9.87257426e-07
 9.87257426e-07 9.87257426e-07 9.87257426e-07 9.87257426e-07
 9.87257426e-07 9.87257426e-07 9.87257426e-07 9.87257426e-07
 9.87257426e-07 9.87257426e-07 9.87257426e-07 9.87257426e-07
 9.87257426e-07 9.87257426e-07 9.87257426e-07 9.87257426e-07
 9.87257426e-07 9.87257426e-07 9.87257426e-07 9.87257426e-07
 9.87257426e-07 9.87257426e-07 9.87257426e-07 9.87257426e-07
 9.87257426e-07 9.87257426e-07 9.87257426e-07 9.87257426e-07
 9.87257426e-07 9.87257426e-07 9.87257426e-07 9.87257426e-07
 9.87257426e-07 9.87257426e-07 9.87257426e-07 9.87257426e-07
 9.87257426e-07 9.87257426e-07 9.87257426e-07 9.87257426e-07
 9.87257426e-07 9.87257426e-07 9.87257426e-07 9.87257426e-07
 9.87257426e-07 9.87257426e-07 9.87257426e-07 9.87257426e-07
 9.87257426e-07 9.87257426e-07 9.87257426e-07 9.87257426e-07
 9.87257426e-07 9.87257426e-07 9.87257426e-07 9.87257426e-07
 9.87257426e-07 9.87257426e-07 9.87257426e-07 9.87257426e-07
 9.87257426e-07 9.87257426e-07 9.87257426e-07 9.87257426e-07
 9.87257426e-07 9.87257426e-07 9.87257426e-07 9.87257426e-07
 9.87257426e-07 9.87257426e-07 9.87257426e-07 9.87257426e-07
 9.87257426e-07 9.87257426e-07 9.87257426e-07 9.87257426e-07
 9.87257426e-07 9.87257426e-07 9.87257426e-07 9.87257426e-07
 9.87257426e-07 9.87257426e-07 9.87257426e-07 9.87257426e-07
 9.87257426e-07 9.87257426e-07 9.87257426e-07 9.87257426e-07
 9.87257426e-07 9.87257426e-07 9.87257426e-07 9.87257426e-07
 9.87257426e-07 9.87257426e-07 9.87257426e-07 9.87257426e-07
 9.87257426e-07 9.87257426e-07 9.87257426e-07 9.87257426e-07
 9.87257426e-07 9.87257426e-07 9.87257426e-07 9.87257426e-07
 9.87257426e-07 9.87257426e-07 9.87257426e-07 9.87257426e-07
 9.87257426e-07 9.87257426e-07 9.87257426e-07 9.87257426e-07
 9.87257426e-07 9.87257426e-07 9.87257426e-07 9.87257426e-07
 9.87257426e-07 9.87257426e-07 9.87257426e-07 9.87257426e-07
 9.87257426e-07 9.87257426e-07 9.87257426e-07 9.87257426e-07
 9.87257426e-07 9.87257426e-07 9.87257426e-07 9.87257426e-07
 9.87257426e-07 9.87257426e-07 9.87257426e-07 9.87257426e-07
 9.87257426e-07 9.87257426e-07 9.87257426e-07 9.87257426e-07
 9.87257426e-07 9.87257426e-07 9.87257426e-07 9.87257426e-07
 9.87257426e-07 9.87257426e-07 9.87257426e-07 9.87257426e-07
 9.87257426e-07 9.87257426e-07 9.87257426e-07 9.87257426e-07
 9.87257426e-07 9.87257426e-07 9.87257426e-07 9.87257426e-07
 9.87257426e-07 9.87257426e-07 9.87257426e-07 9.87257426e-07
 9.87257426e-07 9.87257426e-07 9.87257426e-07 9.87257426e-07
 9.87257426e-07 9.87257426e-07 9.87257426e-07 9.87257426e-07
 9.87257426e-07 9.87257426e-07 9.87257426e-07 9.87257426e-07
 9.87257426e-07 9.87257426e-07 9.87257426e-07 9.87257426e-07
 9.87257426e-07 9.87257426e-07 9.87257426e-07 9.87257426e-07
 9.87257426e-07 9.87257426e-07 9.87257426e-07 9.87257426e-07
 9.87257426e-07 9.87257426e-07 9.87257426e-07 9.87257426e-07
 9.87257426e-07 9.87257426e-07 9.87257426e-07 9.87257426e-07
 9.87257426e-07 9.87257426e-07 9.87257426e-07 9.87257426e-07
 9.87257426e-07 9.87257426e-07 9.87257426e-07 9.87257426e-07
 9.87257426e-07 9.87257426e-07 9.87257426e-07 9.87257426e-07
 9.87257426e-07 9.87257426e-07 9.87257426e-07 9.87257426e-07
 9.87257426e-07 9.87257426e-07 9.87257426e-07 9.87257426e-07
 9.87257426e-07 9.87257426e-07 9.87257426e-07 9.87257426e-07
 9.87257426e-07 9.87257426e-07 9.87257426e-07 9.87257426e-07
 9.87257426e-07 9.87257426e-07 9.87257426e-07 9.87257426e-07
 9.87257426e-07 9.87257426e-07 9.87257426e-07 9.87257426e-07
 9.87257426e-07 9.87257426e-07 9.87257426e-07 9.87257426e-07
 9.87257426e-07 9.87257426e-07 9.87257426e-07 9.87257426e-07
 9.87257426e-07 9.87257426e-07 9.87257426e-07 9.87257426e-07
 9.87257426e-07 9.87257426e-07 9.87257426e-07 9.87257426e-07
 9.87257426e-07 9.87257426e-07 9.87257426e-07 9.87257426e-07
 9.87257426e-07 9.87257426e-07 9.87257426e-07 9.87257426e-07
 9.87257426e-07 9.87257426e-07 9.87257426e-07 9.87257426e-07
 9.87257426e-07 9.87257426e-07 9.87257426e-07 9.87257426e-07
 9.87257426e-07 9.87257426e-07 9.87257426e-07 9.87257426e-07
 9.87257426e-07 9.87257426e-07 9.87257426e-07 9.87257426e-07
 9.87257426e-07 9.87257426e-07 9.87257426e-07 9.87257426e-07
 9.87257426e-07 9.87257426e-07 9.87257426e-07 9.87257426e-07
 9.87257426e-07 9.87257426e-07 9.87257426e-07 9.87257426e-07
 9.87257426e-07 9.87257426e-07 9.87257426e-07 9.87257426e-07
 9.87257426e-07 9.87257426e-07 9.87257426e-07 9.87257426e-07
 9.87257426e-07 9.87257426e-07 9.87257426e-07 9.87257426e-07
 9.87257426e-07 9.87257426e-07 9.87257426e-07 9.87257426e-07
 9.87257426e-07 9.87257426e-07 9.87257426e-07 9.87257426e-07
 9.87257426e-07 9.87257426e-07 9.87257426e-07 9.87257426e-07
 9.87257426e-07 9.87257426e-07 9.87257426e-07 9.87257426e-07
 9.87257426e-07 9.87257426e-07 9.87257426e-07 9.87257426e-07
 9.87257426e-07 9.87257426e-07 9.87257426e-07 9.87257426e-07
 9.87257426e-07 9.87257426e-07 9.87257426e-07 9.87257426e-07
 9.87257426e-07 9.87257426e-07 9.87257426e-07 9.87257426e-07
 9.87257426e-07 9.87257426e-07 9.87257426e-07 9.87257426e-07
 9.87257426e-07 9.87257426e-07 9.87257426e-07 9.87257426e-07
 9.87257426e-07 9.87257426e-07 9.87257426e-07 9.87257426e-07
 9.87257426e-07 9.87257426e-07 9.87257426e-07 9.87257426e-07
 9.87257426e-07 9.87257426e-07 9.87257426e-07 9.87257426e-07
 9.87257426e-07 9.87257426e-07 9.87257426e-07 9.87257426e-07
 9.87257426e-07 9.87257426e-07 9.87257426e-07 9.87257426e-07
 9.87257426e-07 9.87257426e-07 9.87257426e-07 9.87257426e-07
 9.87257426e-07 9.87257426e-07 9.87257426e-07 9.87257426e-07
 9.87257426e-07 9.87257426e-07 9.87257426e-07 9.87257426e-07
 9.87257426e-07 9.87257426e-07 9.87257426e-07 9.87257426e-07
 9.87257426e-07 9.87257426e-07 9.87257426e-07 9.87257426e-07
 9.87257426e-07 9.87257426e-07 9.87257426e-07 9.87257426e-07
 9.87257426e-07 9.87257426e-07 9.87257426e-07 9.87257426e-07
 9.87257426e-07 9.87257426e-07 9.87257426e-07 9.87257426e-07
 9.87257426e-07 9.87257426e-07 9.87257426e-07 9.87257426e-07
 9.87257426e-07 9.87257426e-07 9.87257426e-07 9.87257426e-07]