[1.51675649e-05 1.50771683e-05 1.49873170e-05 1.48980078e-05
 1.48092376e-05 1.47210029e-05 1.46333007e-05 1.45461278e-05
 1.44594811e-05 1.43733573e-05 1.42877533e-05 1.42026661e-05
 1.41180925e-05 1.40340296e-05 1.39504742e-05 1.38674233e-05
 1.37848739e-05 1.37028231e-05 1.36212677e-05 1.35402050e-05
 1.34596319e-05 1.33795455e-05 1.32999429e-05 1.32208213e-05
 1.31421777e-05 1.30640094e-05 1.29863134e-05 1.29090869e-05
 1.28323273e-05 1.27560316e-05 1.26801971e-05 1.26048211e-05
 1.25299008e-05 1.24554335e-05 1.23814165e-05 1.23078471e-05
 1.22347227e-05 1.21620406e-05 1.20897982e-05 1.20179928e-05
 1.19466219e-05 1.18756828e-05 1.18051731e-05 1.17350900e-05
 1.16654312e-05 1.15961940e-05 1.15273759e-05 1.14589746e-05
 1.13909874e-05 1.13234119e-05 1.12562457e-05 1.11894863e-05
 1.11231313e-05 1.10571783e-05 1.09916249e-05 1.09264688e-05
 1.08617075e-05 1.07973388e-05 1.07333602e-05 1.06697695e-05
 1.06065644e-05 1.05437425e-05 1.04813017e-05 1.04192395e-05
 1.03575539e-05 1.02962425e-05 1.02353031e-05 1.01747335e-05
 1.01145315e-05 1.00546950e-05 9.99522168e-06 9.93610951e-06
 9.87735629e-06 9.81895991e-06 9.76091824e-06 9.70322917e-06
 9.64589063e-06 9.58890052e-06 9.53225679e-06 9.47595737e-06
 9.42000023e-06 9.36438333e-06 9.30910467e-06 9.25416223e-06
 9.19955403e-06 9.14527808e-06 9.09133242e-06 9.03771509e-06
 8.98442414e-06 8.93145765e-06 8.87881369e-06 8.82649036e-06
 8.77448575e-06 8.72279798e-06 8.67142519e-06 8.62036549e-06
 8.56961706e-06 8.51917803e-06 8.46904659e-06 8.41922091e-06
 8.36969920e-06 8.32047965e-06 8.27156048e-06 8.22293992e-06
 8.17461620e-06 8.12658757e-06 8.07885229e-06 8.03140863e-06
 7.98425486e-06 7.93738929e-06 7.89081021e-06 7.84451592e-06
 7.79850476e-06 7.75277505e-06 7.70732514e-06 7.66215337e-06
 7.61725812e-06 7.57263774e-06 7.52829063e-06 7.48421518e-06
 7.44040978e-06 7.39687285e-06 7.35360282e-06 7.31059810e-06
 7.26785715e-06 7.22537841e-06 7.18316035e-06 7.14120142e-06
 7.09950012e-06 7.05805492e-06 7.01686433e-06 6.97592685e-06
 6.93524100e-06 6.89480530e-06 6.85461829e-06 6.81467851e-06
 6.77498451e-06 6.73553485e-06 6.69632810e-06 6.65736284e-06
 6.61863766e-06 6.58015115e-06 6.54190192e-06 6.50388858e-06
 6.46610975e-06 6.42856406e-06 6.39125016e-06 6.35416668e-06
 6.31731229e-06 6.28068564e-06 6.24428541e-06 6.20811028e-06
 6.17215894e-06 6.13643008e-06 6.10092241e-06 6.06563464e-06
 6.03056549e-06 5.99571369e-06 5.96107798e-06 5.92665710e-06
 5.89244980e-06 5.85845485e-06 5.82467100e-06 5.79109703e-06
 5.75773174e-06 5.72457390e-06 5.69162231e-06 5.65887579e-06
 5.62633314e-06 5.59399318e-06 5.56185474e-06 5.52991666e-06
 5.49817777e-06 5.46663693e-06 5.43529299e-06 5.40414482e-06
 5.37319128e-06 5.34243126e-06 5.31186364e-06 5.28148730e-06
 5.25130116e-06 5.22130411e-06 5.19149507e-06 5.16187295e-06
 5.13243668e-06 5.10318520e-06 5.07411745e-06 5.04523236e-06
 5.01652890e-06 4.98800602e-06 4.95966268e-06 4.93149787e-06
 4.90351055e-06 4.87569972e-06 4.84806436e-06 4.82060348e-06
 4.79331608e-06 4.76620116e-06 4.73925775e-06 4.71248487e-06
 4.68588154e-06 4.65944681e-06 4.63317971e-06 4.60707930e-06
 4.58114462e-06 4.55537473e-06 4.52976871e-06 4.50432561e-06
 4.47904453e-06 4.45392454e-06 4.42896474e-06 4.40416421e-06
 4.37952206e-06 4.35503739e-06 4.33070932e-06 4.30653697e-06
 4.28251945e-06 4.25865590e-06 4.23494546e-06 4.21138725e-06
 4.18798044e-06 4.16472416e-06 4.14161758e-06 4.11865986e-06
 4.09585016e-06 4.07318767e-06 4.05067155e-06 4.02830099e-06
 4.00607518e-06 3.98399331e-06 3.96205459e-06 3.94025822e-06
 3.91860340e-06 3.89708935e-06 3.87571530e-06 3.85448047e-06
 3.83338408e-06 3.81242537e-06 3.79160359e-06 3.77091797e-06
 3.75036777e-06 3.72995224e-06 3.70967065e-06 3.68952225e-06
 3.66950632e-06 3.64962212e-06 3.62986895e-06 3.61024608e-06
 3.59075280e-06 3.57138840e-06 3.55215219e-06 3.53304346e-06
 3.51406153e-06 3.49520570e-06 3.47647529e-06 3.45786961e-06
 3.43938801e-06 3.42102980e-06 3.40279433e-06 3.38468092e-06
 3.36668892e-06 3.34881769e-06 3.33106657e-06 3.31343491e-06
 3.29592209e-06 3.27852746e-06 3.26125039e-06 3.24409027e-06
 3.22704645e-06 3.21011833e-06 3.19330530e-06 3.17660674e-06
 3.16002205e-06 3.14355062e-06 3.12719187e-06 3.11094519e-06
 3.09481000e-06 3.07878571e-06 3.06287174e-06 3.04706751e-06
 3.03137246e-06 3.01578601e-06 3.00030759e-06 2.98493665e-06
 2.96967263e-06 2.95451498e-06 2.93946314e-06 2.92451657e-06
 2.90967472e-06 2.89493707e-06 2.88030307e-06 2.86577220e-06
 2.85134392e-06 2.83701772e-06 2.82279307e-06 2.80866946e-06
 2.79464638e-06 2.78072332e-06 2.76689977e-06 2.75317523e-06
 2.73954921e-06 2.72602121e-06 2.71259074e-06 2.69925731e-06
 2.68602044e-06 2.67287965e-06 2.65983447e-06 2.64688442e-06
 2.63402902e-06 2.62126783e-06 2.60860036e-06 2.59602617e-06
 2.58354479e-06 2.57115578e-06 2.55885868e-06 2.54665305e-06
 2.53453845e-06 2.52251444e-06 2.51058058e-06 2.49873643e-06
 2.48698158e-06 2.47531558e-06 2.46373803e-06 2.45224850e-06
 2.44084657e-06 2.42953184e-06 2.41830388e-06 2.40716229e-06
 2.39610668e-06 2.38513663e-06 2.37425175e-06 2.36345165e-06
 2.35273593e-06 2.34210420e-06 2.33155609e-06 2.32109120e-06
 2.31070916e-06 2.30040960e-06 2.29019213e-06 2.28005639e-06
 2.27000201e-06 2.26002862e-06 2.25013587e-06 2.24032339e-06
 2.23059083e-06 2.22093784e-06 2.21136407e-06 2.20186916e-06
 2.19245278e-06 2.18311459e-06 2.17385423e-06 2.16467139e-06
 2.15556573e-06 2.14653691e-06 2.13758461e-06 2.12870850e-06
 2.11990827e-06 2.11118358e-06 2.10253414e-06 2.09395962e-06
 2.08545971e-06 2.07703411e-06 2.06868250e-06 2.06040459e-06
 2.05220008e-06 2.04406866e-06 2.03601005e-06 2.02802395e-06
 2.02011007e-06 2.01226812e-06 2.00449783e-06 1.99679890e-06
 1.98917106e-06 1.98161404e-06 1.97412755e-06 1.96671134e-06
 1.95936512e-06 1.95208863e-06 1.94488161e-06 1.93774380e-06
 1.93067493e-06 1.92367476e-06 1.91674303e-06 1.90987948e-06
 1.90308387e-06 1.89635595e-06 1.88969548e-06 1.88310222e-06
 1.87657592e-06 1.87011635e-06 1.86372328e-06 1.85739647e-06
 1.85113570e-06 1.84494074e-06 1.83881135e-06 1.83274733e-06
 1.82674845e-06 1.82081450e-06 1.81494525e-06 1.80914050e-06
 1.80340003e-06 1.79772364e-06 1.79211112e-06 1.78656227e-06
 1.78107689e-06 1.77565477e-06 1.77029572e-06 1.76499955e-06
 1.75976607e-06 1.75459508e-06 1.74948640e-06 1.74443984e-06
 1.73945521e-06 1.73453235e-06 1.72967107e-06 1.72487119e-06
 1.72013254e-06 1.71545495e-06 1.71083824e-06 1.70628226e-06
 1.70178683e-06 1.69735179e-06 1.69297699e-06 1.68866226e-06
 1.68440745e-06 1.68021240e-06 1.67607696e-06 1.67200097e-06
 1.66798431e-06 1.66402681e-06 1.66012833e-06 1.65628873e-06
 1.65250788e-06 1.64878563e-06 1.64512186e-06 1.64151642e-06
 1.63796919e-06 1.63448003e-06 1.63104883e-06 1.62767546e-06
 1.62435979e-06 1.62110171e-06 1.61790110e-06 1.61475783e-06
 1.61167181e-06 1.60864290e-06 1.60567102e-06 1.60275604e-06
 1.59989786e-06 1.59709638e-06 1.59435150e-06 1.59166311e-06
 1.58903113e-06 1.58645544e-06 1.58393597e-06 1.58147262e-06
 1.57906530e-06 1.57671392e-06 1.57441840e-06 1.57217865e-06
 1.56999460e-06 1.56786616e-06 1.56579326e-06 1.56377581e-06
 1.56181376e-06 1.55990702e-06 1.55805554e-06 1.55625923e-06
 1.55451804e-06 1.55283190e-06 1.55120075e-06 1.54962454e-06
 1.54810320e-06 1.54663668e-06 1.54522493e-06 1.54386790e-06
 1.54256553e-06 1.54131778e-06 1.54012460e-06 1.53898596e-06
 1.53790180e-06 1.53687209e-06 1.53589680e-06 1.53497589e-06
 1.53410932e-06 1.53329706e-06 1.53253909e-06 1.53183537e-06
 1.53118588e-06 1.53059060e-06 1.53004950e-06 1.52956257e-06
 1.52912979e-06 1.52875114e-06 1.52842660e-06 1.52815618e-06
 1.52793985e-06 1.52777761e-06 1.52766945e-06 1.52761538e-06
 1.52761538e-06 1.52766945e-06 1.52777761e-06 1.52793985e-06
 1.52815618e-06 1.52842660e-06 1.52875114e-06 1.52912979e-06
 1.52956257e-06 1.53004950e-06 1.53059060e-06 1.53118588e-06
 1.53183537e-06 1.53253909e-06 1.53329706e-06 1.53410932e-06
 1.53497589e-06 1.53589680e-06 1.53687209e-06 1.53790180e-06
 1.53898596e-06 1.54012460e-06 1.54131778e-06 1.54256553e-06
 1.54386790e-06 1.54522493e-06 1.54663668e-06 1.54810320e-06
 1.54962454e-06 1.55120075e-06 1.55283190e-06 1.55451804e-06
 1.55625923e-06 1.55805554e-06 1.55990702e-06 1.56181376e-06
 1.56377581e-06 1.56579326e-06 1.56786616e-06 1.56999460e-06
 1.57217865e-06 1.57441840e-06 1.57671392e-06 1.57906530e-06
 1.58147262e-06 1.58393597e-06 1.58645544e-06 1.58903113e-06
 1.59166311e-06 1.59435150e-06 1.59709638e-06 1.59989786e-06
 1.60275604e-06 1.60567102e-06 1.60864290e-06 1.61167181e-06
 1.61475783e-06 1.61790110e-06 1.62110171e-06 1.62435979e-06
 1.62767546e-06 1.63104883e-06 1.63448003e-06 1.63796919e-06
 1.64151642e-06 1.64512186e-06 1.64878563e-06 1.65250788e-06
 1.65628873e-06 1.66012833e-06 1.66402681e-06 1.66798431e-06
 1.67200097e-06 1.67607696e-06 1.68021240e-06 1.68440745e-06
 1.68866226e-06 1.69297699e-06 1.69735179e-06 1.70178683e-06
 1.70628226e-06 1.71083824e-06 1.71545495e-06 1.72013254e-06
 1.72487119e-06 1.72967107e-06 1.73453235e-06 1.73945521e-06
 1.74443984e-06 1.74948640e-06 1.75459508e-06 1.75976607e-06
 1.76499955e-06 1.77029572e-06 1.77565477e-06 1.78107689e-06
 1.78656227e-06 1.79211112e-06 1.79772364e-06 1.80340003e-06
 1.80914050e-06 1.81494525e-06 1.82081450e-06 1.82674845e-06
 1.83274733e-06 1.83881135e-06 1.84494074e-06 1.85113570e-06
 1.85739647e-06 1.86372328e-06 1.87011635e-06 1.87657592e-06
 1.88310222e-06 1.88969548e-06 1.89635595e-06 1.90308387e-06
 1.90987948e-06 1.91674303e-06 1.92367476e-06 1.93067493e-06
 1.93774380e-06 1.94488161e-06 1.95208863e-06 1.95936512e-06
 1.96671134e-06 1.97412755e-06 1.98161404e-06 1.98917106e-06
 1.99679890e-06 2.00449783e-06 2.01226812e-06 2.02011007e-06
 2.02802395e-06 2.03601005e-06 2.04406866e-06 2.05220008e-06
 2.06040459e-06 2.06868250e-06 2.07703411e-06 2.08545971e-06
 2.09395962e-06 2.10253414e-06 2.11118358e-06 2.11990827e-06
 2.12870850e-06 2.13758461e-06 2.14653691e-06 2.15556573e-06
 2.16467139e-06 2.17385423e-06 2.18311459e-06 2.19245278e-06
 2.20186916e-06 2.21136407e-06 2.22093784e-06 2.23059083e-06
 2.24032339e-06 2.25013587e-06 2.26002862e-06 2.27000201e-06
 2.28005639e-06 2.29019213e-06 2.30040960e-06 2.31070916e-06
 2.32109120e-06 2.33155609e-06 2.34210420e-06 2.35273593e-06
 2.36345165e-06 2.37425175e-06 2.38513663e-06 2.39610668e-06
 2.40716229e-06 2.41830388e-06 2.42953184e-06 2.44084657e-06
 2.45224850e-06 2.46373803e-06 2.47531558e-06 2.48698158e-06
 2.49873643e-06 2.51058058e-06 2.52251444e-06 2.53453845e-06
 2.54665305e-06 2.55885868e-06 2.57115578e-06 2.58354479e-06
 2.59602617e-06 2.60860036e-06 2.62126783e-06 2.63402902e-06
 2.64688442e-06 2.65983447e-06 2.67287965e-06 2.68602044e-06
 2.69925731e-06 2.71259074e-06 2.72602121e-06 2.73954921e-06
 2.75317523e-06 2.76689977e-06 2.78072332e-06 2.79464638e-06
 2.80866946e-06 2.82279307e-06 2.83701772e-06 2.85134392e-06
 2.86577220e-06 2.88030307e-06 2.89493707e-06 2.90967472e-06
 2.92451657e-06 2.93946314e-06 2.95451498e-06 2.96967263e-06
 2.98493665e-06 3.00030759e-06 3.01578601e-06 3.03137246e-06
 3.04706751e-06 3.06287174e-06 3.07878571e-06 3.09481000e-06
 3.11094519e-06 3.12719187e-06 3.14355062e-06 3.16002205e-06
 3.17660674e-06 3.19330530e-06 3.21011833e-06 3.22704645e-06
 3.24409027e-06 3.26125039e-06 3.27852746e-06 3.29592209e-06
 3.31343491e-06 3.33106657e-06 3.34881769e-06 3.36668892e-06
 3.38468092e-06 3.40279433e-06 3.42102980e-06 3.43938801e-06
 3.45786961e-06 3.47647529e-06 3.49520570e-06 3.51406153e-06
 3.53304346e-06 3.55215219e-06 3.57138840e-06 3.59075280e-06
 3.61024608e-06 3.62986895e-06 3.64962212e-06 3.66950632e-06
 3.68952225e-06 3.70967065e-06 3.72995224e-06 3.75036777e-06
 3.77091797e-06 3.79160359e-06 3.81242537e-06 3.83338408e-06
 3.85448047e-06 3.87571530e-06 3.89708935e-06 3.91860340e-06
 3.94025822e-06 3.96205459e-06 3.98399331e-06 4.00607518e-06
 4.02830099e-06 4.05067155e-06 4.07318767e-06 4.09585016e-06
 4.11865986e-06 4.14161758e-06 4.16472416e-06 4.18798044e-06
 4.21138725e-06 4.23494546e-06 4.25865590e-06 4.28251945e-06
 4.30653697e-06 4.33070932e-06 4.35503739e-06 4.37952206e-06
 4.40416421e-06 4.42896474e-06 4.45392454e-06 4.47904453e-06
 4.50432561e-06 4.52976871e-06 4.55537473e-06 4.58114462e-06
 4.60707930e-06 4.63317971e-06 4.65944681e-06 4.68588154e-06
 4.71248487e-06 4.73925775e-06 4.76620116e-06 4.79331608e-06
 4.82060348e-06 4.84806436e-06 4.87569972e-06 4.90351055e-06
 4.93149787e-06 4.95966268e-06 4.98800602e-06 5.01652890e-06
 5.04523236e-06 5.07411745e-06 5.10318520e-06 5.13243668e-06
 5.16187295e-06 5.19149507e-06 5.22130411e-06 5.25130116e-06
 5.28148730e-06 5.31186364e-06 5.34243126e-06 5.37319128e-06
 5.40414482e-06 5.43529299e-06 5.46663693e-06 5.49817777e-06
 5.52991666e-06 5.56185474e-06 5.59399318e-06 5.62633314e-06
 5.65887579e-06 5.69162231e-06 5.72457390e-06 5.75773174e-06
 5.79109703e-06 5.82467100e-06 5.85845485e-06 5.89244980e-06
 5.92665710e-06 5.96107798e-06 5.99571369e-06 6.03056549e-06
 6.06563464e-06 6.10092241e-06 6.13643008e-06 6.17215894e-06
 6.20811028e-06 6.24428541e-06 6.28068564e-06 6.31731229e-06
 6.35416668e-06 6.39125016e-06 6.42856406e-06 6.46610975e-06
 6.50388858e-06 6.54190192e-06 6.58015115e-06 6.61863766e-06
 6.65736284e-06 6.69632810e-06 6.73553485e-06 6.77498451e-06
 6.81467851e-06 6.85461829e-06 6.89480530e-06 6.93524100e-06
 6.97592685e-06 7.01686433e-06 7.05805492e-06 7.09950012e-06
 7.14120142e-06 7.18316035e-06 7.22537841e-06 7.26785715e-06
 7.31059810e-06 7.35360282e-06 7.39687285e-06 7.44040978e-06
 7.48421518e-06 7.52829063e-06 7.57263774e-06 7.61725812e-06
 7.66215337e-06 7.70732514e-06 7.75277505e-06 7.79850476e-06
 7.84451592e-06 7.89081021e-06 7.93738929e-06 7.98425486e-06
 8.03140863e-06 8.07885229e-06 8.12658757e-06 8.17461620e-06
 8.22293992e-06 8.27156048e-06 8.32047965e-06 8.36969920e-06
 8.41922091e-06 8.46904659e-06 8.51917803e-06 8.56961706e-06
 8.62036549e-06 8.67142519e-06 8.72279798e-06 8.77448575e-06
 8.82649036e-06 8.87881369e-06 8.93145765e-06 8.98442414e-06
 9.03771509e-06 9.09133242e-06 9.14527808e-06 9.19955403e-06
 9.25416223e-06 9.30910467e-06 9.36438333e-06 9.42000023e-06
 9.47595737e-06 9.53225679e-06 9.58890052e-06 9.64589063e-06
 9.70322917e-06 9.76091824e-06 9.81895991e-06 9.87735629e-06
 9.93610951e-06 9.99522168e-06 1.00546950e-05 1.01145315e-05
 1.01747335e-05 1.02353031e-05 1.02962425e-05 1.03575539e-05
 1.04192395e-05 1.04813017e-05 1.05437425e-05 1.06065644e-05
 1.06697695e-05 1.07333602e-05 1.07973388e-05 1.08617075e-05
 1.09264688e-05 1.09916249e-05 1.10571783e-05 1.11231313e-05
 1.11894863e-05 1.12562457e-05 1.13234119e-05 1.13909874e-05
 1.14589746e-05 1.15273759e-05 1.15961940e-05 1.16654312e-05
 1.17350900e-05 1.18051731e-05 1.18756828e-05 1.19466219e-05
 1.20179928e-05 1.20897982e-05 1.21620406e-05 1.22347227e-05
 1.23078471e-05 1.23814165e-05 1.24554335e-05 1.25299008e-05
 1.26048211e-05 1.26801971e-05 1.27560316e-05 1.28323273e-05
 1.29090869e-05 1.29863134e-05 1.30640094e-05 1.31421777e-05
 1.32208213e-05 1.32999429e-05 1.33795455e-05 1.34596319e-05
 1.35402050e-05 1.36212677e-05 1.37028231e-05 1.37848739e-05
 1.38674233e-05 1.39504742e-05 1.40340296e-05 1.41180925e-05
 1.42026661e-05 1.42877533e-05 1.43733573e-05 1.44594811e-05
 1.45461278e-05 1.46333007e-05 1.47210029e-05 1.48092376e-05
 1.48980078e-05 1.49873170e-05 1.50771683e-05 1.51675649e-05]