[4.95004599e-05 4.94981275e-05 4.94957999e-05 4.94934769e-05
 4.94911587e-05 4.94888452e-05 4.94865364e-05 4.94842323e-05
 4.94819329e-05 4.94796382e-05 4.94773483e-05 4.94750630e-05
 4.94727825e-05 4.94705066e-05 4.94682355e-05 4.94659691e-05
 4.94637074e-05 4.94614504e-05 4.94591981e-05 4.94569505e-05
 4.94547076e-05 4.94524694e-05 4.94502359e-05 4.94480072e-05
 4.94457831e-05 4.94435637e-05 4.94413491e-05 4.94391392e-05
 4.94369339e-05 4.94347334e-05 4.94325376e-05 4.94303464e-05
 4.94281600e-05 4.94259783e-05 4.94238013e-05 4.94216290e-05
 4.94194614e-05 4.94172985e-05 4.94151403e-05 4.94129868e-05
 4.94108380e-05 4.94086939e-05 4.94065545e-05 4.94044198e-05
 4.94022898e-05 4.94001646e-05 4.93980440e-05 4.93959281e-05
 4.93938169e-05 4.93917104e-05 4.93896087e-05 4.93875116e-05
 4.93854192e-05 4.93833315e-05 4.93812486e-05 4.93791703e-05
 4.93770967e-05 4.93750278e-05 4.93729637e-05 4.93709042e-05
 4.93688494e-05 4.93667993e-05 4.93647539e-05 4.93627133e-05
 4.93606773e-05 4.93586460e-05 4.93566194e-05 4.93545975e-05
 4.93525803e-05 4.93505678e-05 4.93485600e-05 4.93465569e-05
 4.93445585e-05 4.93425647e-05 4.93405757e-05 4.93385914e-05
 4.93366118e-05 4.93346368e-05 4.93326666e-05 4.93307011e-05
 4.93287402e-05 4.93267841e-05 4.93248326e-05 4.93228858e-05
 4.93209438e-05 4.93190064e-05 4.93170737e-05 4.93151457e-05
 4.93132224e-05 4.93113038e-05 4.93093899e-05 4.93074807e-05
 4.93055762e-05 4.93036764e-05 4.93017812e-05 4.92998908e-05
 4.92980050e-05 4.92961240e-05 4.92942476e-05 4.92923759e-05
 4.92905089e-05 4.92886466e-05 4.92867890e-05 4.92849361e-05
 4.92830879e-05 4.92812443e-05 4.92794055e-05 4.92775713e-05
 4.92757419e-05 4.92739171e-05 4.92720970e-05 4.92702816e-05
 4.92684709e-05 4.92666649e-05 4.92648636e-05 4.92630669e-05
 4.92612750e-05 4.92594877e-05 4.92577051e-05 4.92559273e-05
 4.92541540e-05 4.92523855e-05 4.92506217e-05 4.92488626e-05
 4.92471081e-05 4.92453584e-05 4.92436133e-05 4.92418729e-05
 4.92401372e-05 4.92384062e-05 4.92366798e-05 4.92349582e-05
 4.92332412e-05 4.92315290e-05 4.92298214e-05 4.92281185e-05
 4.92264202e-05 4.92247267e-05 4.92230379e-05 4.92213537e-05
 4.92196742e-05 4.92179994e-05 4.92163293e-05 4.92146639e-05
 4.92130031e-05 4.92113471e-05 4.92096957e-05 4.92080490e-05
 4.92064070e-05 4.92047697e-05 4.92031370e-05 4.92015091e-05
 4.91998858e-05 4.91982672e-05 4.91966533e-05 4.91950440e-05
 4.91934395e-05 4.91918396e-05 4.91902444e-05 4.91886539e-05
 4.91870681e-05 4.91854870e-05 4.91839105e-05 4.91823387e-05
 4.91807716e-05 4.91792092e-05 4.91776515e-05 4.91760984e-05
 4.91745500e-05 4.91730063e-05 4.91714673e-05 4.91699330e-05
 4.91684033e-05 4.91668783e-05 4.91653580e-05 4.91638424e-05
 4.91623315e-05 4.91608252e-05 4.91593236e-05 4.91578267e-05
 4.91563345e-05 4.91548470e-05 4.91533641e-05 4.91518859e-05
 4.91504124e-05 4.91489435e-05 4.91474794e-05 4.91460199e-05
 4.91445651e-05 4.91431150e-05 4.91416695e-05 4.91402287e-05
 4.91387926e-05 4.91373612e-05 4.91359345e-05 4.91345124e-05
 4.91330950e-05 4.91316823e-05 4.91302743e-05 4.91288709e-05
 4.91274722e-05 4.91260782e-05 4.91246889e-05 4.91233042e-05
 4.91219242e-05 4.91205489e-05 4.91191783e-05 4.91178123e-05
 4.91164510e-05 4.91150944e-05 4.91137425e-05 4.91123952e-05
 4.91110526e-05 4.91097147e-05 4.91083814e-05 4.91070529e-05
 4.91057290e-05 4.91044097e-05 4.91030952e-05 4.91017853e-05
 4.91004801e-05 4.90991796e-05 4.90978837e-05 4.90965926e-05
 4.90953060e-05 4.90940242e-05 4.90927470e-05 4.90914745e-05
 4.90902067e-05 4.90889436e-05 4.90876851e-05 4.90864313e-05
 4.90851822e-05 4.90839377e-05 4.90826979e-05 4.90814628e-05
 4.90802323e-05 4.90790065e-05 4.90777854e-05 4.90765690e-05
 4.90753572e-05 4.90741501e-05 4.90729477e-05 4.90717500e-05
 4.90705569e-05 4.90693685e-05 4.90681847e-05 4.90670056e-05
 4.90658312e-05 4.90646615e-05 4.90634964e-05 4.90623360e-05
 4.90611803e-05 4.90600293e-05 4.90588829e-05 4.90577411e-05
 4.90566041e-05 4.90554717e-05 4.90543440e-05 4.90532210e-05
 4.90521026e-05 4.90509889e-05 4.90498798e-05 4.90487755e-05
 4.90476758e-05 4.90465807e-05 4.90454904e-05 4.90444047e-05
 4.90433236e-05 4.90422473e-05 4.90411756e-05 4.90401085e-05
 4.90390462e-05 4.90379885e-05 4.90369354e-05 4.90358871e-05
 4.90348434e-05 4.90338044e-05 4.90327700e-05 4.90317403e-05
 4.90307153e-05 4.90296949e-05 4.90286792e-05 4.90276682e-05
 4.90266618e-05 4.90256601e-05 4.90246631e-05 4.90236707e-05
 4.90226830e-05 4.90217000e-05 4.90207216e-05 4.90197479e-05
 4.90187789e-05 4.90178145e-05 4.90168548e-05 4.90158998e-05
 4.90149494e-05 4.90140037e-05 4.90130626e-05 4.90121262e-05
 4.90111945e-05 4.90102675e-05 4.90093451e-05 4.90084273e-05
 4.90075143e-05 4.90066059e-05 4.90057021e-05 4.90048031e-05
 4.90039087e-05 4.90030189e-05 4.90021338e-05 4.90012534e-05
 4.90003777e-05 4.89995066e-05 4.89986402e-05 4.89977784e-05
 4.89969213e-05 4.89960689e-05 4.89952211e-05 4.89943780e-05
 4.89935395e-05 4.89927058e-05 4.89918766e-05 4.89910522e-05
 4.89902324e-05 4.89894172e-05 4.89886068e-05 4.89878010e-05
 4.89869998e-05 4.89862033e-05 4.89854115e-05 4.89846243e-05
 4.89838418e-05 4.89830640e-05 4.89822908e-05 4.89815223e-05
 4.89807585e-05 4.89799993e-05 4.89792448e-05 4.89784949e-05
 4.89777497e-05 4.89770091e-05 4.89762733e-05 4.89755420e-05
 4.89748155e-05 4.89740936e-05 4.89733763e-05 4.89726638e-05
 4.89719558e-05 4.89712526e-05 4.89705540e-05 4.89698600e-05
 4.89691708e-05 4.89684862e-05 4.89678062e-05 4.89671309e-05
 4.89664603e-05 4.89657943e-05 4.89651330e-05 4.89644763e-05
 4.89638243e-05 4.89631770e-05 4.89625343e-05 4.89618963e-05
 4.89612630e-05 4.89606343e-05 4.89600102e-05 4.89593909e-05
 4.89587762e-05 4.89581661e-05 4.89575607e-05 4.89569600e-05
 4.89563639e-05 4.89557725e-05 4.89551857e-05 4.89546036e-05
 4.89540262e-05 4.89534534e-05 4.89528853e-05 4.89523218e-05
 4.89517630e-05 4.89512088e-05 4.89506594e-05 4.89501145e-05
 4.89495744e-05 4.89490388e-05 4.89485080e-05 4.89479818e-05
 4.89474603e-05 4.89469434e-05 4.89464312e-05 4.89459236e-05
 4.89454207e-05 4.89449225e-05 4.89444289e-05 4.89439399e-05
 4.89434557e-05 4.89429761e-05 4.89425011e-05 4.89420308e-05
 4.89415652e-05 4.89411042e-05 4.89406479e-05 4.89401962e-05
 4.89397492e-05 4.89393068e-05 4.89388692e-05 4.89384361e-05
 4.89380077e-05 4.89375840e-05 4.89371650e-05 4.89367506e-05
 4.89363408e-05 4.89359357e-05 4.89355353e-05 4.89351395e-05
 4.89347484e-05 4.89343619e-05 4.89339801e-05 4.89336030e-05
 4.89332305e-05 4.89328627e-05 4.89324995e-05 4.89321410e-05
 4.89317871e-05 4.89314379e-05 4.89310934e-05 4.89307535e-05
 4.89304182e-05 4.89300877e-05 4.89297617e-05 4.89294405e-05
 4.89291239e-05 4.89288119e-05 4.89285046e-05 4.89282020e-05
 4.89279040e-05 4.89276107e-05 4.89273220e-05 4.89270380e-05
 4.89267586e-05 4.89264839e-05 4.89262139e-05 4.89259485e-05
 4.89256878e-05 4.89254317e-05 4.89251803e-05 4.89249335e-05
 4.89246914e-05 4.89244540e-05 4.89242212e-05 4.89239931e-05
 4.89237696e-05 4.89235508e-05 4.89233366e-05 4.89231271e-05
 4.89229222e-05 4.89227220e-05 4.89225265e-05 4.89223356e-05
 4.89221494e-05 4.89219678e-05 4.89217909e-05 4.89216186e-05
 4.89214510e-05 4.89212881e-05 4.89211298e-05 4.89209761e-05
 4.89208271e-05 4.89206828e-05 4.89205431e-05 4.89204081e-05
 4.89202778e-05 4.89201521e-05 4.89200310e-05 4.89199146e-05
 4.89198029e-05 4.89196958e-05 4.89195934e-05 4.89194956e-05
 4.89194025e-05 4.89193140e-05 4.89192302e-05 4.89191511e-05
 4.89190766e-05 4.89190068e-05 4.89189416e-05 4.89188811e-05
 4.89188252e-05 4.89187740e-05 4.89187274e-05 4.89186855e-05
 4.89186483e-05 4.89186157e-05 4.89185878e-05 4.89185645e-05
 4.89185459e-05 4.89185319e-05 4.89185226e-05 4.89185179e-05
 4.89185179e-05 4.89185226e-05 4.89185319e-05 4.89185459e-05
 4.89185645e-05 4.89185878e-05 4.89186157e-05 4.89186483e-05
 4.89186855e-05 4.89187274e-05 4.89187740e-05 4.89188252e-05
 4.89188811e-05 4.89189416e-05 4.89190068e-05 4.89190766e-05
 4.89191511e-05 4.89192302e-05 4.89193140e-05 4.89194025e-05
 4.89194956e-05 4.89195934e-05 4.89196958e-05 4.89198029e-05
 4.89199146e-05 4.89200310e-05 4.89201521e-05 4.89202778e-05
 4.89204081e-05 4.89205431e-05 4.89206828e-05 4.89208271e-05
 4.89209761e-05 4.89211298e-05 4.89212881e-05 4.89214510e-05
 4.89216186e-05 4.89217909e-05 4.89219678e-05 4.89221494e-05
 4.89223356e-05 4.89225265e-05 4.89227220e-05 4.89229222e-05
 4.89231271e-05 4.89233366e-05 4.89235508e-05 4.89237696e-05
 4.89239931e-05 4.89242212e-05 4.89244540e-05 4.89246914e-05
 4.89249335e-05 4.89251803e-05 4.89254317e-05 4.89256878e-05
 4.89259485e-05 4.89262139e-05 4.89264839e-05 4.89267586e-05
 4.89270380e-05 4.89273220e-05 4.89276107e-05 4.89279040e-05
 4.89282020e-05 4.89285046e-05 4.89288119e-05 4.89291239e-05
 4.89294405e-05 4.89297617e-05 4.89300877e-05 4.89304182e-05
 4.89307535e-05 4.89310934e-05 4.89314379e-05 4.89317871e-05
 4.89321410e-05 4.89324995e-05 4.89328627e-05 4.89332305e-05
 4.89336030e-05 4.89339801e-05 4.89343619e-05 4.89347484e-05
 4.89351395e-05 4.89355353e-05 4.89359357e-05 4.89363408e-05
 4.89367506e-05 4.89371650e-05 4.89375840e-05 4.89380077e-05
 4.89384361e-05 4.89388692e-05 4.89393068e-05 4.89397492e-05
 4.89401962e-05 4.89406479e-05 4.89411042e-05 4.89415652e-05
 4.89420308e-05 4.89425011e-05 4.89429761e-05 4.89434557e-05
 4.89439399e-05 4.89444289e-05 4.89449225e-05 4.89454207e-05
 4.89459236e-05 4.89464312e-05 4.89469434e-05 4.89474603e-05
 4.89479818e-05 4.89485080e-05 4.89490388e-05 4.89495744e-05
 4.89501145e-05 4.89506594e-05 4.89512088e-05 4.89517630e-05
 4.89523218e-05 4.89528853e-05 4.89534534e-05 4.89540262e-05
 4.89546036e-05 4.89551857e-05 4.89557725e-05 4.89563639e-05
 4.89569600e-05 4.89575607e-05 4.89581661e-05 4.89587762e-05
 4.89593909e-05 4.89600102e-05 4.89606343e-05 4.89612630e-05
 4.89618963e-05 4.89625343e-05 4.89631770e-05 4.89638243e-05
 4.89644763e-05 4.89651330e-05 4.89657943e-05 4.89664603e-05
 4.89671309e-05 4.89678062e-05 4.89684862e-05 4.89691708e-05
 4.89698600e-05 4.89705540e-05 4.89712526e-05 4.89719558e-05
 4.89726638e-05 4.89733763e-05 4.89740936e-05 4.89748155e-05
 4.89755420e-05 4.89762733e-05 4.89770091e-05 4.89777497e-05
 4.89784949e-05 4.89792448e-05 4.89799993e-05 4.89807585e-05
 4.89815223e-05 4.89822908e-05 4.89830640e-05 4.89838418e-05
 4.89846243e-05 4.89854115e-05 4.89862033e-05 4.89869998e-05
 4.89878010e-05 4.89886068e-05 4.89894172e-05 4.89902324e-05
 4.89910522e-05 4.89918766e-05 4.89927058e-05 4.89935395e-05
 4.89943780e-05 4.89952211e-05 4.89960689e-05 4.89969213e-05
 4.89977784e-05 4.89986402e-05 4.89995066e-05 4.90003777e-05
 4.90012534e-05 4.90021338e-05 4.90030189e-05 4.90039087e-05
 4.90048031e-05 4.90057021e-05 4.90066059e-05 4.90075143e-05
 4.90084273e-05 4.90093451e-05 4.90102675e-05 4.90111945e-05
 4.90121262e-05 4.90130626e-05 4.90140037e-05 4.90149494e-05
 4.90158998e-05 4.90168548e-05 4.90178145e-05 4.90187789e-05
 4.90197479e-05 4.90207216e-05 4.90217000e-05 4.90226830e-05
 4.90236707e-05 4.90246631e-05 4.90256601e-05 4.90266618e-05
 4.90276682e-05 4.90286792e-05 4.90296949e-05 4.90307153e-05
 4.90317403e-05 4.90327700e-05 4.90338044e-05 4.90348434e-05
 4.90358871e-05 4.90369354e-05 4.90379885e-05 4.90390462e-05
 4.90401085e-05 4.90411756e-05 4.90422473e-05 4.90433236e-05
 4.90444047e-05 4.90454904e-05 4.90465807e-05 4.90476758e-05
 4.90487755e-05 4.90498798e-05 4.90509889e-05 4.90521026e-05
 4.90532210e-05 4.90543440e-05 4.90554717e-05 4.90566041e-05
 4.90577411e-05 4.90588829e-05 4.90600293e-05 4.90611803e-05
 4.90623360e-05 4.90634964e-05 4.90646615e-05 4.90658312e-05
 4.90670056e-05 4.90681847e-05 4.90693685e-05 4.90705569e-05
 4.90717500e-05 4.90729477e-05 4.90741501e-05 4.90753572e-05
 4.90765690e-05 4.90777854e-05 4.90790065e-05 4.90802323e-05
 4.90814628e-05 4.90826979e-05 4.90839377e-05 4.90851822e-05
 4.90864313e-05 4.90876851e-05 4.90889436e-05 4.90902067e-05
 4.90914745e-05 4.90927470e-05 4.90940242e-05 4.90953060e-05
 4.90965926e-05 4.90978837e-05 4.90991796e-05 4.91004801e-05
 4.91017853e-05 4.91030952e-05 4.91044097e-05 4.91057290e-05
 4.91070529e-05 4.91083814e-05 4.91097147e-05 4.91110526e-05
 4.91123952e-05 4.91137425e-05 4.91150944e-05 4.91164510e-05
 4.91178123e-05 4.91191783e-05 4.91205489e-05 4.91219242e-05
 4.91233042e-05 4.91246889e-05 4.91260782e-05 4.91274722e-05
 4.91288709e-05 4.91302743e-05 4.91316823e-05 4.91330950e-05
 4.91345124e-05 4.91359345e-05 4.91373612e-05 4.91387926e-05
 4.91402287e-05 4.91416695e-05 4.91431150e-05 4.91445651e-05
 4.91460199e-05 4.91474794e-05 4.91489435e-05 4.91504124e-05
 4.91518859e-05 4.91533641e-05 4.91548470e-05 4.91563345e-05
 4.91578267e-05 4.91593236e-05 4.91608252e-05 4.91623315e-05
 4.91638424e-05 4.91653580e-05 4.91668783e-05 4.91684033e-05
 4.91699330e-05 4.91714673e-05 4.91730063e-05 4.91745500e-05
 4.91760984e-05 4.91776515e-05 4.91792092e-05 4.91807716e-05
 4.91823387e-05 4.91839105e-05 4.91854870e-05 4.91870681e-05
 4.91886539e-05 4.91902444e-05 4.91918396e-05 4.91934395e-05
 4.91950440e-05 4.91966533e-05 4.91982672e-05 4.91998858e-05
 4.92015091e-05 4.92031370e-05 4.92047697e-05 4.92064070e-05
 4.92080490e-05 4.92096957e-05 4.92113471e-05 4.92130031e-05
 4.92146639e-05 4.92163293e-05 4.92179994e-05 4.92196742e-05
 4.92213537e-05 4.92230379e-05 4.92247267e-05 4.92264202e-05
 4.92281185e-05 4.92298214e-05 4.92315290e-05 4.92332412e-05
 4.92349582e-05 4.92366798e-05 4.92384062e-05 4.92401372e-05
 4.92418729e-05 4.92436133e-05 4.92453584e-05 4.92471081e-05
 4.92488626e-05 4.92506217e-05 4.92523855e-05 4.92541540e-05
 4.92559273e-05 4.92577051e-05 4.92594877e-05 4.92612750e-05
 4.92630669e-05 4.92648636e-05 4.92666649e-05 4.92684709e-05
 4.92702816e-05 4.92720970e-05 4.92739171e-05 4.92757419e-05
 4.92775713e-05 4.92794055e-05 4.92812443e-05 4.92830879e-05
 4.92849361e-05 4.92867890e-05 4.92886466e-05 4.92905089e-05
 4.92923759e-05 4.92942476e-05 4.92961240e-05 4.92980050e-05
 4.92998908e-05 4.93017812e-05 4.93036764e-05 4.93055762e-05
 4.93074807e-05 4.93093899e-05 4.93113038e-05 4.93132224e-05
 4.93151457e-05 4.93170737e-05 4.93190064e-05 4.93209438e-05
 4.93228858e-05 4.93248326e-05 4.93267841e-05 4.93287402e-05
 4.93307011e-05 4.93326666e-05 4.93346368e-05 4.93366118e-05
 4.93385914e-05 4.93405757e-05 4.93425647e-05 4.93445585e-05
 4.93465569e-05 4.93485600e-05 4.93505678e-05 4.93525803e-05
 4.93545975e-05 4.93566194e-05 4.93586460e-05 4.93606773e-05
 4.93627133e-05 4.93647539e-05 4.93667993e-05 4.93688494e-05
 4.93709042e-05 4.93729637e-05 4.93750278e-05 4.93770967e-05
 4.93791703e-05 4.93812486e-05 4.93833315e-05 4.93854192e-05
 4.93875116e-05 4.93896087e-05 4.93917104e-05 4.93938169e-05
 4.93959281e-05 4.93980440e-05 4.94001646e-05 4.94022898e-05
 4.94044198e-05 4.94065545e-05 4.94086939e-05 4.94108380e-05
 4.94129868e-05 4.94151403e-05 4.94172985e-05 4.94194614e-05
 4.94216290e-05 4.94238013e-05 4.94259783e-05 4.94281600e-05
 4.94303464e-05 4.94325376e-05 4.94347334e-05 4.94369339e-05
 4.94391392e-05 4.94413491e-05 4.94435637e-05 4.94457831e-05
 4.94480072e-05 4.94502359e-05 4.94524694e-05 4.94547076e-05
 4.94569505e-05 4.94591981e-05 4.94614504e-05 4.94637074e-05
 4.94659691e-05 4.94682355e-05 4.94705066e-05 4.94727825e-05
 4.94750630e-05 4.94773483e-05 4.94796382e-05 4.94819329e-05
 4.94842323e-05 4.94865364e-05 4.94888452e-05 4.94911587e-05
 4.94934769e-05 4.94957999e-05 4.94981275e-05 4.95004599e-05]