[4.97670380e-05 4.94697527e-05 4.91742720e-05 4.88805851e-05
 4.85886812e-05 4.82985497e-05 4.80101798e-05 4.77235609e-05
 4.74386826e-05 4.71555343e-05 4.68741058e-05 4.65943865e-05
 4.63163663e-05 4.60400350e-05 4.57653824e-05 4.54923984e-05
 4.52210729e-05 4.49513962e-05 4.46833581e-05 4.44169489e-05
 4.41521588e-05 4.38889781e-05 4.36273971e-05 4.33674062e-05
 4.31089959e-05 4.28521566e-05 4.25968789e-05 4.23431535e-05
 4.20909710e-05 4.18403222e-05 4.15911979e-05 4.13435889e-05
 4.10974862e-05 4.08528806e-05 4.06097632e-05 4.03681251e-05
 4.01279574e-05 3.98892513e-05 3.96519980e-05 3.94161889e-05
 3.91818151e-05 3.89488682e-05 3.87173396e-05 3.84872208e-05
 3.82585033e-05 3.80311787e-05 3.78052387e-05 3.75806750e-05
 3.73574793e-05 3.71356435e-05 3.69151593e-05 3.66960188e-05
 3.64782138e-05 3.62617364e-05 3.60465785e-05 3.58327324e-05
 3.56201900e-05 3.54089438e-05 3.51989858e-05 3.49903084e-05
 3.47829038e-05 3.45767646e-05 3.43718831e-05 3.41682518e-05
 3.39658632e-05 3.37647099e-05 3.35647845e-05 3.33660796e-05
 3.31685880e-05 3.29723024e-05 3.27772156e-05 3.25833204e-05
 3.23906098e-05 3.21990765e-05 3.20087137e-05 3.18195143e-05
 3.16314713e-05 3.14445779e-05 3.12588272e-05 3.10742123e-05
 3.08907265e-05 3.07083631e-05 3.05271154e-05 3.03469766e-05
 3.01679402e-05 2.99899996e-05 2.98131483e-05 2.96373798e-05
 2.94626876e-05 2.92890652e-05 2.91165065e-05 2.89450049e-05
 2.87745542e-05 2.86051481e-05 2.84367805e-05 2.82694451e-05
 2.81031357e-05 2.79378464e-05 2.77735709e-05 2.76103033e-05
 2.74480376e-05 2.72867679e-05 2.71264881e-05 2.69671924e-05
 2.68088750e-05 2.66515300e-05 2.64951517e-05 2.63397343e-05
 2.61852722e-05 2.60317595e-05 2.58791908e-05 2.57275604e-05
 2.55768627e-05 2.54270922e-05 2.52782435e-05 2.51303109e-05
 2.49832892e-05 2.48371728e-05 2.46919565e-05 2.45476349e-05
 2.44042027e-05 2.42616546e-05 2.41199854e-05 2.39791899e-05
 2.38392630e-05 2.37001994e-05 2.35619941e-05 2.34246420e-05
 2.32881381e-05 2.31524773e-05 2.30176547e-05 2.28836653e-05
 2.27505042e-05 2.26181665e-05 2.24866474e-05 2.23559419e-05
 2.22260454e-05 2.20969530e-05 2.19686600e-05 2.18411617e-05
 2.17144534e-05 2.15885304e-05 2.14633882e-05 2.13390221e-05
 2.12154276e-05 2.10926001e-05 2.09705351e-05 2.08492282e-05
 2.07286748e-05 2.06088706e-05 2.04898112e-05 2.03714921e-05
 2.02539091e-05 2.01370577e-05 2.00209338e-05 1.99055331e-05
 1.97908513e-05 1.96768841e-05 1.95636275e-05 1.94510773e-05
 1.93392293e-05 1.92280795e-05 1.91176236e-05 1.90078578e-05
 1.88987779e-05 1.87903800e-05 1.86826600e-05 1.85756140e-05
 1.84692382e-05 1.83635285e-05 1.82584811e-05 1.81540921e-05
 1.80503577e-05 1.79472741e-05 1.78448375e-05 1.77430442e-05
 1.76418904e-05 1.75413723e-05 1.74414864e-05 1.73422289e-05
 1.72435961e-05 1.71455846e-05 1.70481906e-05 1.69514106e-05
 1.68552410e-05 1.67596783e-05 1.66647190e-05 1.65703596e-05
 1.64765967e-05 1.63834267e-05 1.62908463e-05 1.61988521e-05
 1.61074407e-05 1.60166087e-05 1.59263528e-05 1.58366697e-05
 1.57475561e-05 1.56590088e-05 1.55710244e-05 1.54835997e-05
 1.53967316e-05 1.53104168e-05 1.52246521e-05 1.51394345e-05
 1.50547608e-05 1.49706278e-05 1.48870326e-05 1.48039719e-05
 1.47214428e-05 1.46394423e-05 1.45579673e-05 1.44770148e-05
 1.43965819e-05 1.43166656e-05 1.42372629e-05 1.41583710e-05
 1.40799870e-05 1.40021080e-05 1.39247310e-05 1.38478534e-05
 1.37714722e-05 1.36955847e-05 1.36201880e-05 1.35452794e-05
 1.34708562e-05 1.33969155e-05 1.33234548e-05 1.32504712e-05
 1.31779622e-05 1.31059250e-05 1.30343571e-05 1.29632557e-05
 1.28926183e-05 1.28224422e-05 1.27527250e-05 1.26834640e-05
 1.26146566e-05 1.25463005e-05 1.24783930e-05 1.24109317e-05
 1.23439140e-05 1.22773376e-05 1.22111999e-05 1.21454986e-05
 1.20802313e-05 1.20153955e-05 1.19509888e-05 1.18870089e-05
 1.18234535e-05 1.17603202e-05 1.16976066e-05 1.16353106e-05
 1.15734298e-05 1.15119618e-05 1.14509046e-05 1.13902558e-05
 1.13300132e-05 1.12701745e-05 1.12107377e-05 1.11517005e-05
 1.10930607e-05 1.10348162e-05 1.09769648e-05 1.09195045e-05
 1.08624331e-05 1.08057485e-05 1.07494486e-05 1.06935314e-05
 1.06379948e-05 1.05828368e-05 1.05280553e-05 1.04736484e-05
 1.04196140e-05 1.03659501e-05 1.03126549e-05 1.02597262e-05
 1.02071623e-05 1.01549611e-05 1.01031207e-05 1.00516393e-05
 1.00005149e-05 9.94974564e-06 9.89932971e-06 9.84926522e-06
 9.79955034e-06 9.75018324e-06 9.70116211e-06 9.65248514e-06
 9.60415056e-06 9.55615659e-06 9.50850146e-06 9.46118342e-06
 9.41420074e-06 9.36755169e-06 9.32123455e-06 9.27524763e-06
 9.22958924e-06 9.18425770e-06 9.13925134e-06 9.09456852e-06
 9.05020759e-06 9.00616692e-06 8.96244490e-06 8.91903991e-06
 8.87595038e-06 8.83317470e-06 8.79071132e-06 8.74855867e-06
 8.70671520e-06 8.66517938e-06 8.62394969e-06 8.58302460e-06
 8.54240262e-06 8.50208225e-06 8.46206202e-06 8.42234045e-06
 8.38291608e-06 8.34378747e-06 8.30495318e-06 8.26641178e-06
 8.22816186e-06 8.19020201e-06 8.15253085e-06 8.11514697e-06
 8.07804902e-06 8.04123564e-06 8.00470546e-06 7.96845714e-06
 7.93248936e-06 7.89680080e-06 7.86139014e-06 7.82625609e-06
 7.79139734e-06 7.75681264e-06 7.72250069e-06 7.68846025e-06
 7.65469006e-06 7.62118888e-06 7.58795548e-06 7.55498865e-06
 7.52228717e-06 7.48984984e-06 7.45767546e-06 7.42576287e-06
 7.39411088e-06 7.36271833e-06 7.33158407e-06 7.30070696e-06
 7.27008586e-06 7.23971965e-06 7.20960722e-06 7.17974745e-06
 7.15013925e-06 7.12078153e-06 7.09167322e-06 7.06281324e-06
 7.03420054e-06 7.00583407e-06 6.97771278e-06 6.94983564e-06
 6.92220162e-06 6.89480972e-06 6.86765893e-06 6.84074824e-06
 6.81407668e-06 6.78764326e-06 6.76144700e-06 6.73548696e-06
 6.70976217e-06 6.68427169e-06 6.65901459e-06 6.63398993e-06
 6.60919680e-06 6.58463429e-06 6.56030149e-06 6.53619751e-06
 6.51232147e-06 6.48867249e-06 6.46524970e-06 6.44205225e-06
 6.41907927e-06 6.39632992e-06 6.37380338e-06 6.35149880e-06
 6.32941538e-06 6.30755231e-06 6.28590877e-06 6.26448397e-06
 6.24327714e-06 6.22228748e-06 6.20151423e-06 6.18095663e-06
 6.16061391e-06 6.14048534e-06 6.12057018e-06 6.10086768e-06
 6.08137714e-06 6.06209783e-06 6.04302904e-06 6.02417008e-06
 6.00552025e-06 5.98707886e-06 5.96884525e-06 5.95081874e-06
 5.93299866e-06 5.91538437e-06 5.89797522e-06 5.88077057e-06
 5.86376978e-06 5.84697223e-06 5.83037731e-06 5.81398440e-06
 5.79779290e-06 5.78180223e-06 5.76601178e-06 5.75042099e-06
 5.73502927e-06 5.71983607e-06 5.70484083e-06 5.69004299e-06
 5.67544201e-06 5.66103735e-06 5.64682850e-06 5.63281491e-06
 5.61899609e-06 5.60537152e-06 5.59194070e-06 5.57870314e-06
 5.56565835e-06 5.55280586e-06 5.54014518e-06 5.52767587e-06
 5.51539745e-06 5.50330948e-06 5.49141151e-06 5.47970311e-06
 5.46818385e-06 5.45685330e-06 5.44571105e-06 5.43475669e-06
 5.42398981e-06 5.41341002e-06 5.40301694e-06 5.39281018e-06
 5.38278936e-06 5.37295412e-06 5.36330410e-06 5.35383893e-06
 5.34455829e-06 5.33546181e-06 5.32654918e-06 5.31782006e-06
 5.30927413e-06 5.30091108e-06 5.29273060e-06 5.28473238e-06
 5.27691615e-06 5.26928161e-06 5.26182847e-06 5.25455647e-06
 5.24746534e-06 5.24055481e-06 5.23382464e-06 5.22727458e-06
 5.22090438e-06 5.21471382e-06 5.20870266e-06 5.20287069e-06
 5.19721768e-06 5.19174344e-06 5.18644776e-06 5.18133045e-06
 5.17639131e-06 5.17163018e-06 5.16704686e-06 5.16264120e-06
 5.15841304e-06 5.15436221e-06 5.15048857e-06 5.14679198e-06
 5.14327229e-06 5.13992939e-06 5.13676315e-06 5.13377345e-06
 5.13096018e-06 5.12832324e-06 5.12586254e-06 5.12357798e-06
 5.12146947e-06 5.11953695e-06 5.11778033e-06 5.11619956e-06
 5.11479458e-06 5.11356533e-06 5.11251178e-06 5.11163387e-06
 5.11093159e-06 5.11040490e-06 5.11005378e-06 5.10987822e-06
 5.10987822e-06 5.11005378e-06 5.11040490e-06 5.11093159e-06
 5.11163387e-06 5.11251178e-06 5.11356533e-06 5.11479458e-06
 5.11619956e-06 5.11778033e-06 5.11953695e-06 5.12146947e-06
 5.12357798e-06 5.12586254e-06 5.12832324e-06 5.13096018e-06
 5.13377345e-06 5.13676315e-06 5.13992939e-06 5.14327229e-06
 5.14679198e-06 5.15048857e-06 5.15436221e-06 5.15841304e-06
 5.16264120e-06 5.16704686e-06 5.17163018e-06 5.17639131e-06
 5.18133045e-06 5.18644776e-06 5.19174344e-06 5.19721768e-06
 5.20287069e-06 5.20870266e-06 5.21471382e-06 5.22090438e-06
 5.22727458e-06 5.23382464e-06 5.24055481e-06 5.24746534e-06
 5.25455647e-06 5.26182847e-06 5.26928161e-06 5.27691615e-06
 5.28473238e-06 5.29273060e-06 5.30091108e-06 5.30927413e-06
 5.31782006e-06 5.32654918e-06 5.33546181e-06 5.34455829e-06
 5.35383893e-06 5.36330410e-06 5.37295412e-06 5.38278936e-06
 5.39281018e-06 5.40301694e-06 5.41341002e-06 5.42398981e-06
 5.43475669e-06 5.44571105e-06 5.45685330e-06 5.46818385e-06
 5.47970311e-06 5.49141151e-06 5.50330948e-06 5.51539745e-06
 5.52767587e-06 5.54014518e-06 5.55280586e-06 5.56565835e-06
 5.57870314e-06 5.59194070e-06 5.60537152e-06 5.61899609e-06
 5.63281491e-06 5.64682850e-06 5.66103735e-06 5.67544201e-06
 5.69004299e-06 5.70484083e-06 5.71983607e-06 5.73502927e-06
 5.75042099e-06 5.76601178e-06 5.78180223e-06 5.79779290e-06
 5.81398440e-06 5.83037731e-06 5.84697223e-06 5.86376978e-06
 5.88077057e-06 5.89797522e-06 5.91538437e-06 5.93299866e-06
 5.95081874e-06 5.96884525e-06 5.98707886e-06 6.00552025e-06
 6.02417008e-06 6.04302904e-06 6.06209783e-06 6.08137714e-06
 6.10086768e-06 6.12057018e-06 6.14048534e-06 6.16061391e-06
 6.18095663e-06 6.20151423e-06 6.22228748e-06 6.24327714e-06
 6.26448397e-06 6.28590877e-06 6.30755231e-06 6.32941538e-06
 6.35149880e-06 6.37380338e-06 6.39632992e-06 6.41907927e-06
 6.44205225e-06 6.46524970e-06 6.48867249e-06 6.51232147e-06
 6.53619751e-06 6.56030149e-06 6.58463429e-06 6.60919680e-06
 6.63398993e-06 6.65901459e-06 6.68427169e-06 6.70976217e-06
 6.73548696e-06 6.76144700e-06 6.78764326e-06 6.81407668e-06
 6.84074824e-06 6.86765893e-06 6.89480972e-06 6.92220162e-06
 6.94983564e-06 6.97771278e-06 7.00583407e-06 7.03420054e-06
 7.06281324e-06 7.09167322e-06 7.12078153e-06 7.15013925e-06
 7.17974745e-06 7.20960722e-06 7.23971965e-06 7.27008586e-06
 7.30070696e-06 7.33158407e-06 7.36271833e-06 7.39411088e-06
 7.42576287e-06 7.45767546e-06 7.48984984e-06 7.52228717e-06
 7.55498865e-06 7.58795548e-06 7.62118888e-06 7.65469006e-06
 7.68846025e-06 7.72250069e-06 7.75681264e-06 7.79139734e-06
 7.82625609e-06 7.86139014e-06 7.89680080e-06 7.93248936e-06
 7.96845714e-06 8.00470546e-06 8.04123564e-06 8.07804902e-06
 8.11514697e-06 8.15253085e-06 8.19020201e-06 8.22816186e-06
 8.26641178e-06 8.30495318e-06 8.34378747e-06 8.38291608e-06
 8.42234045e-06 8.46206202e-06 8.50208225e-06 8.54240262e-06
 8.58302460e-06 8.62394969e-06 8.66517938e-06 8.70671520e-06
 8.74855867e-06 8.79071132e-06 8.83317470e-06 8.87595038e-06
 8.91903991e-06 8.96244490e-06 9.00616692e-06 9.05020759e-06
 9.09456852e-06 9.13925134e-06 9.18425770e-06 9.22958924e-06
 9.27524763e-06 9.32123455e-06 9.36755169e-06 9.41420074e-06
 9.46118342e-06 9.50850146e-06 9.55615659e-06 9.60415056e-06
 9.65248514e-06 9.70116211e-06 9.75018324e-06 9.79955034e-06
 9.84926522e-06 9.89932971e-06 9.94974564e-06 1.00005149e-05
 1.00516393e-05 1.01031207e-05 1.01549611e-05 1.02071623e-05
 1.02597262e-05 1.03126549e-05 1.03659501e-05 1.04196140e-05
 1.04736484e-05 1.05280553e-05 1.05828368e-05 1.06379948e-05
 1.06935314e-05 1.07494486e-05 1.08057485e-05 1.08624331e-05
 1.09195045e-05 1.09769648e-05 1.10348162e-05 1.10930607e-05
 1.11517005e-05 1.12107377e-05 1.12701745e-05 1.13300132e-05
 1.13902558e-05 1.14509046e-05 1.15119618e-05 1.15734298e-05
 1.16353106e-05 1.16976066e-05 1.17603202e-05 1.18234535e-05
 1.18870089e-05 1.19509888e-05 1.20153955e-05 1.20802313e-05
 1.21454986e-05 1.22111999e-05 1.22773376e-05 1.23439140e-05
 1.24109317e-05 1.24783930e-05 1.25463005e-05 1.26146566e-05
 1.26834640e-05 1.27527250e-05 1.28224422e-05 1.28926183e-05
 1.29632557e-05 1.30343571e-05 1.31059250e-05 1.31779622e-05
 1.32504712e-05 1.33234548e-05 1.33969155e-05 1.34708562e-05
 1.35452794e-05 1.36201880e-05 1.36955847e-05 1.37714722e-05
 1.38478534e-05 1.39247310e-05 1.40021080e-05 1.40799870e-05
 1.41583710e-05 1.42372629e-05 1.43166656e-05 1.43965819e-05
 1.44770148e-05 1.45579673e-05 1.46394423e-05 1.47214428e-05
 1.48039719e-05 1.48870326e-05 1.49706278e-05 1.50547608e-05
 1.51394345e-05 1.52246521e-05 1.53104168e-05 1.53967316e-05
 1.54835997e-05 1.55710244e-05 1.56590088e-05 1.57475561e-05
 1.58366697e-05 1.59263528e-05 1.60166087e-05 1.61074407e-05
 1.61988521e-05 1.62908463e-05 1.63834267e-05 1.64765967e-05
 1.65703596e-05 1.66647190e-05 1.67596783e-05 1.68552410e-05
 1.69514106e-05 1.70481906e-05 1.71455846e-05 1.72435961e-05
 1.73422289e-05 1.74414864e-05 1.75413723e-05 1.76418904e-05
 1.77430442e-05 1.78448375e-05 1.79472741e-05 1.80503577e-05
 1.81540921e-05 1.82584811e-05 1.83635285e-05 1.84692382e-05
 1.85756140e-05 1.86826600e-05 1.87903800e-05 1.88987779e-05
 1.90078578e-05 1.91176236e-05 1.92280795e-05 1.93392293e-05
 1.94510773e-05 1.95636275e-05 1.96768841e-05 1.97908513e-05
 1.99055331e-05 2.00209338e-05 2.01370577e-05 2.02539091e-05
 2.03714921e-05 2.04898112e-05 2.06088706e-05 2.07286748e-05
 2.08492282e-05 2.09705351e-05 2.10926001e-05 2.12154276e-05
 2.13390221e-05 2.14633882e-05 2.15885304e-05 2.17144534e-05
 2.18411617e-05 2.19686600e-05 2.20969530e-05 2.22260454e-05
 2.23559419e-05 2.24866474e-05 2.26181665e-05 2.27505042e-05
 2.28836653e-05 2.30176547e-05 2.31524773e-05 2.32881381e-05
 2.34246420e-05 2.35619941e-05 2.37001994e-05 2.38392630e-05
 2.39791899e-05 2.41199854e-05 2.42616546e-05 2.44042027e-05
 2.45476349e-05 2.46919565e-05 2.48371728e-05 2.49832892e-05
 2.51303109e-05 2.52782435e-05 2.54270922e-05 2.55768627e-05
 2.57275604e-05 2.58791908e-05 2.60317595e-05 2.61852722e-05
 2.63397343e-05 2.64951517e-05 2.66515300e-05 2.68088750e-05
 2.69671924e-05 2.71264881e-05 2.72867679e-05 2.74480376e-05
 2.76103033e-05 2.77735709e-05 2.79378464e-05 2.81031357e-05
 2.82694451e-05 2.84367805e-05 2.86051481e-05 2.87745542e-05
 2.89450049e-05 2.91165065e-05 2.92890652e-05 2.94626876e-05
 2.96373798e-05 2.98131483e-05 2.99899996e-05 3.01679402e-05
 3.03469766e-05 3.05271154e-05 3.07083631e-05 3.08907265e-05
 3.10742123e-05 3.12588272e-05 3.14445779e-05 3.16314713e-05
 3.18195143e-05 3.20087137e-05 3.21990765e-05 3.23906098e-05
 3.25833204e-05 3.27772156e-05 3.29723024e-05 3.31685880e-05
 3.33660796e-05 3.35647845e-05 3.37647099e-05 3.39658632e-05
 3.41682518e-05 3.43718831e-05 3.45767646e-05 3.47829038e-05
 3.49903084e-05 3.51989858e-05 3.54089438e-05 3.56201900e-05
 3.58327324e-05 3.60465785e-05 3.62617364e-05 3.64782138e-05
 3.66960188e-05 3.69151593e-05 3.71356435e-05 3.73574793e-05
 3.75806750e-05 3.78052387e-05 3.80311787e-05 3.82585033e-05
 3.84872208e-05 3.87173396e-05 3.89488682e-05 3.91818151e-05
 3.94161889e-05 3.96519980e-05 3.98892513e-05 4.01279574e-05
 4.03681251e-05 4.06097632e-05 4.08528806e-05 4.10974862e-05
 4.13435889e-05 4.15911979e-05 4.18403222e-05 4.20909710e-05
 4.23431535e-05 4.25968789e-05 4.28521566e-05 4.31089959e-05
 4.33674062e-05 4.36273971e-05 4.38889781e-05 4.41521588e-05
 4.44169489e-05 4.46833581e-05 4.49513962e-05 4.52210729e-05
 4.54923984e-05 4.57653824e-05 4.60400350e-05 4.63163663e-05
 4.65943865e-05 4.68741058e-05 4.71555343e-05 4.74386826e-05
 4.77235609e-05 4.80101798e-05 4.82985497e-05 4.85886812e-05
 4.88805851e-05 4.91742720e-05 4.94697527e-05 4.97670380e-05]