[ 3.36922322e-05  3.26974576e-05  3.17881110e-05  3.09293359e-05
  3.01064685e-05  2.93113651e-05  2.85388186e-05  2.77852018e-05
  2.70478376e-05  2.63246608e-05  2.56140459e-05  2.49146549e-05
  2.42254039e-05  2.35453656e-05  2.28737503e-05  2.22098775e-05
  2.15531554e-05  2.09030651e-05  2.02591484e-05  1.96209985e-05
  1.89882520e-05  1.83605832e-05  1.77376987e-05  1.71193334e-05
  1.65052465e-05  1.58952048e-05  1.52890278e-05  1.46865331e-05
  1.40875545e-05  1.34919397e-05  1.28995491e-05  1.23102547e-05
  1.17239385e-05  1.11404922e-05  1.05598160e-05  9.98181790e-06
  9.40641320e-06  8.83352383e-06  8.26307786e-06  7.69500898e-06
  7.12925613e-06  6.56576312e-06  6.00447824e-06  5.44535396e-06
  4.88834669e-06  4.33341642e-06  3.78052658e-06  3.22964374e-06
  2.68073746e-06  2.13378008e-06  1.58874651e-06  1.04561414e-06
  5.04362657e-07 -3.50261204e-08 -5.72568328e-07 -1.10827819e-06
 -1.64216815e-06 -2.17424894e-06 -2.70452970e-06 -3.23301807e-06
 -3.75972026e-06 -4.28464116e-06 -4.80778438e-06 -5.32915234e-06
 -5.84874632e-06 -6.36656657e-06 -6.88261232e-06 -7.39688184e-06
 -7.90937254e-06 -8.42008096e-06 -8.92900291e-06 -9.43613343e-06
 -9.94146694e-06 -1.04449973e-05 -1.09467181e-05 -1.14466235e-05
 -1.19447279e-05 -1.24409900e-05 -1.29354036e-05 -1.34279597e-05
 -1.39186485e-05 -1.44074595e-05 -1.48943819e-05 -1.53794041e-05
 -1.58625146e-05 -1.63437011e-05 -1.68229513e-05 -1.73002524e-05
 -1.77755915e-05 -1.82489552e-05 -1.87203301e-05 -1.91897024e-05
 -1.96570582e-05 -2.01223834e-05 -2.05856637e-05 -2.10468845e-05
 -2.15060314e-05 -2.19630895e-05 -2.24180440e-05 -2.28708799e-05
 -2.33215821e-05 -2.37701355e-05 -2.42165247e-05 -2.46607345e-05
 -2.51027496e-05 -2.55425543e-05 -2.59801334e-05 -2.64154713e-05
 -2.68485525e-05 -2.72793613e-05 -2.77078823e-05 -2.81340999e-05
 -2.85579985e-05 -2.89795626e-05 -2.93987766e-05 -2.98156250e-05
 -3.02300923e-05 -3.06421631e-05 -3.10518219e-05 -3.14590534e-05
 -3.18638422e-05 -3.22661731e-05 -3.26660307e-05 -3.30634000e-05
 -3.34582659e-05 -3.38506132e-05 -3.42404270e-05 -3.46276925e-05
 -3.50123947e-05 -3.53945191e-05 -3.57740508e-05 -3.61509754e-05
 -3.65252783e-05 -3.68969452e-05 -3.72659617e-05 -3.76323137e-05
 -3.79959871e-05 -3.83569678e-05 -3.87152420e-05 -3.90707958e-05
 -3.94236155e-05 -3.97736876e-05 -4.01209986e-05 -4.04655351e-05
 -4.08072839e-05 -4.11462318e-05 -4.14823657e-05 -4.18156729e-05
 -4.21461404e-05 -4.24737555e-05 -4.27985059e-05 -4.31203789e-05
 -4.34393622e-05 -4.37554437e-05 -4.40686113e-05 -4.43788530e-05
 -4.46861571e-05 -4.49905117e-05 -4.52919053e-05 -4.55903264e-05
 -4.58857637e-05 -4.61782061e-05 -4.64676423e-05 -4.67540615e-05
 -4.70374529e-05 -4.73178056e-05 -4.75951093e-05 -4.78693533e-05
 -4.81405274e-05 -4.84086215e-05 -4.86736254e-05 -4.89355292e-05
 -4.91943231e-05 -4.94499975e-05 -4.97025427e-05 -4.99519494e-05
 -5.01982084e-05 -5.04413103e-05 -5.06812463e-05 -5.09180074e-05
 -5.11515848e-05 -5.13819699e-05 -5.16091542e-05 -5.18331294e-05
 -5.20538870e-05 -5.22714191e-05 -5.24857176e-05 -5.26967747e-05
 -5.29045826e-05 -5.31091337e-05 -5.33104205e-05 -5.35084357e-05
 -5.37031721e-05 -5.38946225e-05 -5.40827800e-05 -5.42676377e-05
 -5.44491890e-05 -5.46274272e-05 -5.48023459e-05 -5.49739388e-05
 -5.51421996e-05 -5.53071222e-05 -5.54687008e-05 -5.56269295e-05
 -5.57818026e-05 -5.59333145e-05 -5.60814598e-05 -5.62262331e-05
 -5.63676293e-05 -5.65056433e-05 -5.66402702e-05 -5.67715051e-05
 -5.68993434e-05 -5.70237804e-05 -5.71448118e-05 -5.72624333e-05
 -5.73766406e-05 -5.74874296e-05 -5.75947965e-05 -5.76987374e-05
 -5.77992486e-05 -5.78963266e-05 -5.79899680e-05 -5.80801693e-05
 -5.81669274e-05 -5.82502392e-05 -5.83301018e-05 -5.84065123e-05
 -5.84794682e-05 -5.85489666e-05 -5.86150053e-05 -5.86775819e-05
 -5.87366942e-05 -5.87923401e-05 -5.88445176e-05 -5.88932248e-05
 -5.89384602e-05 -5.89802220e-05 -5.90185089e-05 -5.90533194e-05
 -5.90846524e-05 -5.91125067e-05 -5.91368813e-05 -5.91577755e-05
 -5.91751884e-05 -5.91891195e-05 -5.91995682e-05 -5.92065342e-05
 -5.92100173e-05 -5.92100173e-05]