[9.90480024e-07 9.81887185e-07 9.73876932e-07 9.66288360e-07
 9.59032450e-07 9.52052440e-07 9.45308844e-07 9.38772534e-07
 9.32421091e-07 9.26236697e-07 9.20204832e-07 9.14313420e-07
 9.08552254e-07 9.02912585e-07 8.97386823e-07 8.91968319e-07
 8.86651199e-07 8.81430229e-07 8.76300716e-07 8.71258430e-07
 8.66299531e-07 8.61420521e-07 8.56618199e-07 8.51889622e-07
 8.47232076e-07 8.42643050e-07 8.38120210e-07 8.33661388e-07
 8.29264557e-07 8.24927821e-07 8.20649402e-07 8.16427629e-07
 8.12260930e-07 8.08147820e-07 8.04086896e-07 8.00076831e-07
 7.96116365e-07 7.92204304e-07 7.88339510e-07 7.84520904e-07
 7.80747452e-07 7.77018171e-07 7.73332122e-07 7.69688404e-07
 7.66086158e-07 7.62524557e-07 7.59002812e-07 7.55520163e-07
 7.52075879e-07 7.48669260e-07 7.45299629e-07 7.41966337e-07
 7.38668757e-07 7.35406284e-07 7.32178336e-07 7.28984349e-07
 7.25823778e-07 7.22696098e-07 7.19600800e-07 7.16537392e-07
 7.13505395e-07 7.10504349e-07 7.07533806e-07 7.04593331e-07
 7.01682502e-07 6.98800911e-07 6.95948161e-07 6.93123866e-07
 6.90327650e-07 6.87559150e-07 6.84818010e-07 6.82103886e-07
 6.79416443e-07 6.76755352e-07 6.74120297e-07 6.71510966e-07
 6.68927059e-07 6.66368280e-07 6.63834341e-07 6.61324963e-07
 6.58839873e-07 6.56378804e-07 6.53941495e-07 6.51527692e-07
 6.49137147e-07 6.46769617e-07 6.44424866e-07 6.42102661e-07
 6.39802776e-07 6.37524990e-07 6.35269087e-07 6.33034854e-07
 6.30822085e-07 6.28630576e-07 6.26460130e-07 6.24310552e-07
 6.22181651e-07 6.20073243e-07 6.17985144e-07 6.15917176e-07
 6.13869163e-07 6.11840935e-07 6.09832324e-07 6.07843164e-07
 6.05873294e-07 6.03922556e-07 6.01990795e-07 6.00077858e-07
 5.98183597e-07 5.96307865e-07 5.94450518e-07 5.92611415e-07
 5.90790419e-07 5.88987392e-07 5.87202203e-07 5.85434721e-07
 5.83684817e-07 5.81952365e-07 5.80237242e-07 5.78539325e-07
 5.76858497e-07 5.75194640e-07 5.73547638e-07 5.71917379e-07
 5.70303752e-07 5.68706648e-07 5.67125960e-07 5.65561582e-07
 5.64013412e-07 5.62481347e-07 5.60965288e-07 5.59465137e-07
 5.57980797e-07 5.56512173e-07 5.55059173e-07 5.53621705e-07
 5.52199679e-07 5.50793007e-07 5.49401601e-07 5.48025377e-07
 5.46664249e-07 5.45318137e-07 5.43986958e-07 5.42670632e-07
 5.41369082e-07 5.40082230e-07 5.38810000e-07 5.37552317e-07
 5.36309109e-07 5.35080304e-07 5.33865829e-07 5.32665617e-07
 5.31479598e-07 5.30307704e-07 5.29149871e-07 5.28006032e-07
 5.26876123e-07 5.25760083e-07 5.24657848e-07 5.23569358e-07
 5.22494554e-07 5.21433376e-07 5.20385768e-07 5.19351671e-07
 5.18331030e-07 5.17323791e-07 5.16329900e-07 5.15349304e-07
 5.14381950e-07 5.13427787e-07 5.12486767e-07 5.11558838e-07
 5.10643952e-07 5.09742063e-07 5.08853123e-07 5.07977086e-07
 5.07113908e-07 5.06263544e-07 5.05425950e-07 5.04601084e-07
 5.03788904e-07 5.02989369e-07 5.02202439e-07 5.01428074e-07
 5.00666235e-07 4.99916884e-07 4.99179984e-07 4.98455499e-07
 4.97743392e-07 4.97043628e-07 4.96356173e-07 4.95680993e-07
 4.95018056e-07 4.94367328e-07 4.93728778e-07 4.93102375e-07
 4.92488088e-07 4.91885889e-07 4.91295747e-07 4.90717635e-07
 4.90151525e-07 4.89597389e-07 4.89055202e-07 4.88524936e-07
 4.88006568e-07 4.87500073e-07 4.87005425e-07 4.86522603e-07
 4.86051583e-07 4.85592343e-07 4.85144862e-07 4.84709118e-07
 4.84285091e-07 4.83872761e-07 4.83472109e-07 4.83083116e-07
 4.82705765e-07 4.82340037e-07 4.81985916e-07 4.81643385e-07
 4.81312428e-07 4.80993030e-07 4.80685177e-07 4.80388853e-07
 4.80104046e-07 4.79830742e-07 4.79568929e-07 4.79318595e-07
 4.79079728e-07 4.78852317e-07 4.78636352e-07 4.78431824e-07
 4.78238721e-07 4.78057037e-07 4.77886762e-07 4.77727889e-07
 4.77580411e-07 4.77444320e-07 4.77319611e-07 4.77206278e-07
 4.77104315e-07 4.77013719e-07 4.76934485e-07 4.76866610e-07
 4.76810090e-07 4.76764922e-07 4.76731106e-07 4.76708639e-07
 4.76697520e-07 4.76697520e-07]