[4.95240012e-05 4.89964722e-05 4.84987013e-05 4.80211206e-05
 4.75591069e-05 4.71099342e-05 4.66718287e-05 4.62435328e-05
 4.58241888e-05 4.54129797e-05 4.50093342e-05 4.46127976e-05
 4.42230387e-05 4.38398303e-05 4.34631209e-05 4.30933101e-05
 4.27340898e-05 4.23659955e-05 4.20104415e-05 4.16485042e-05
 4.15450649e-05 4.11985141e-05 4.08598957e-05 4.05267469e-05
 4.01984088e-05 3.98745758e-05 3.95551054e-05 3.92399808e-05
 3.89293684e-05 3.86238980e-05 3.83263786e-05 3.77542037e-05
 3.74384596e-05 3.71319756e-05 3.68302090e-05 3.65322434e-05
 3.62376837e-05 3.59463130e-05 3.56579887e-05 3.53726050e-05
 3.50900777e-05 3.48103365e-05 3.45333204e-05 3.42589756e-05
 3.39872542e-05 3.37181140e-05 3.34515188e-05 3.31874430e-05
 3.29258883e-05 3.26670275e-05 3.24093730e-05 3.21545631e-05
 3.19021680e-05 3.16521150e-05 3.14043672e-05 3.11589001e-05
 3.09156964e-05 3.06747454e-05 3.04360444e-05 3.01996012e-05
 2.99654390e-05 2.97336066e-05 2.95041983e-05 2.92774009e-05
 2.90536273e-05 2.88340342e-05 2.86246326e-05 2.83676227e-05
 2.81402133e-05 2.79182714e-05 2.76999361e-05 2.74855131e-05
 2.72199692e-05 2.70043020e-05 2.67917809e-05 2.65815703e-05
 2.63734215e-05 2.61672148e-05 2.59628770e-05 2.57603572e-05
 2.55596163e-05 2.53606229e-05 2.51633501e-05 2.49677747e-05
 2.47738755e-05 2.45816337e-05 2.43910317e-05 2.42020530e-05
 2.40146822e-05 2.38289046e-05 2.36447065e-05 2.34620743e-05
 2.32809954e-05 2.31014573e-05 2.29234471e-05 2.27469535e-05
 2.25719653e-05 2.23984717e-05 2.22264622e-05 2.20559265e-05
 2.18868545e-05 2.17192365e-05 2.15530630e-05 2.13883245e-05
 2.12250119e-05 2.10631163e-05 2.09026289e-05 2.07435409e-05
 2.05858439e-05 2.04295294e-05 2.02745893e-05 2.01210151e-05
 1.99687989e-05 1.98179323e-05 1.96684072e-05 1.95202152e-05
 1.93733477e-05 1.92277956e-05 1.90835492e-05 1.89405974e-05
 1.87989268e-05 1.86585200e-05 1.85193501e-05 1.83813669e-05
 1.82444384e-05 1.81078193e-05 1.79765063e-05 1.78446763e-05
 1.77138192e-05 1.75840996e-05 1.74555660e-05 1.73282368e-05
 1.72021194e-05 1.70772162e-05 1.69535270e-05 1.68310502e-05
 1.67097833e-05 1.65897233e-05 1.64708669e-05 1.63532105e-05
 1.62367503e-05 1.61214828e-05 1.60074040e-05 1.58945103e-05
 1.57827977e-05 1.56722625e-05 1.55629010e-05 1.54547095e-05
 1.53476843e-05 1.52418218e-05 1.51371185e-05 1.50335708e-05
 1.49311752e-05 1.48299285e-05 1.47298272e-05 1.46308681e-05
 1.45330480e-05 1.44363638e-05 1.43408123e-05 1.42463905e-05
 1.41530955e-05 1.40609244e-05 1.39698744e-05 1.38799428e-05
 1.37911269e-05 1.37034241e-05 1.36168318e-05 1.35313478e-05
 1.34469696e-05 1.33636949e-05 1.32815217e-05 1.32004478e-05
 1.31204714e-05 1.30415905e-05 1.29638036e-05 1.28871089e-05
 1.28115052e-05 1.27369911e-05 1.26635657e-05 1.25912282e-05
 1.25199779e-05 1.24498147e-05 1.23807386e-05 1.23127503e-05
 1.22458508e-05 1.21800419e-05 1.21153260e-05 1.20517069e-05
 1.19891896e-05 1.19277808e-05 1.18674900e-05 1.18083301e-05
 1.17503192e-05 1.16934835e-05 1.16378619e-05 1.15835152e-05
 1.15305452e-05 1.14791410e-05 1.14297139e-05 1.13834629e-05
 1.13478650e-05 1.12783892e-05 1.12242866e-05 1.11737317e-05
 1.11252523e-05 1.10783731e-05 1.10328806e-05 1.09886604e-05
 1.09456437e-05 1.09037857e-05 1.08630557e-05 1.08234313e-05
 1.07848958e-05 1.07474362e-05 1.07110423e-05 1.06757056e-05
 1.06414194e-05 1.06081777e-05 1.05759757e-05 1.05448091e-05
 1.05146741e-05 1.04855675e-05 1.04574864e-05 1.04304280e-05
 1.04043902e-05 1.03793706e-05 1.03553675e-05 1.03323789e-05
 1.03104032e-05 1.02894390e-05 1.02694848e-05 1.02505393e-05
 1.02326013e-05 1.02156697e-05 1.01997434e-05 1.01848215e-05
 1.01709031e-05 1.01579872e-05 1.01460732e-05 1.01351602e-05
 1.01252475e-05 1.01163346e-05 1.01084209e-05 1.01015056e-05
 1.00955885e-05 1.00906689e-05 1.00867464e-05 1.00838206e-05
 1.00818911e-05 1.00818911e-05]