[3.37515094e-05 3.32616931e-05 3.28120531e-05 3.23887592e-05
 3.19852053e-05 3.15974942e-05 3.12230424e-05 3.08600057e-05
 3.05069982e-05 3.01629387e-05 2.98269591e-05 2.94983465e-05
 2.91765045e-05 2.88609274e-05 2.85511808e-05 2.82468887e-05
 2.79477260e-05 2.76534228e-05 2.73639837e-05 2.70783191e-05
 2.67968540e-05 2.65193276e-05 2.62455526e-05 2.59753647e-05
 2.57086156e-05 2.54451603e-05 2.51848935e-05 2.49276912e-05
 2.46734465e-05 2.44220595e-05 2.41734375e-05 2.39274939e-05
 2.36841478e-05 2.34433235e-05 2.32049498e-05 2.29689600e-05
 2.27352910e-05 2.25038836e-05 2.22746815e-05 2.20476314e-05
 2.18226919e-05 2.15998087e-05 2.13789366e-05 2.11600328e-05
 2.09430566e-05 2.07279695e-05 2.05147349e-05 2.03033178e-05
 2.00936846e-05 1.98858036e-05 1.96796442e-05 1.94751757e-05
 1.92723746e-05 1.90712137e-05 1.88716672e-05 1.86737110e-05
 1.84773219e-05 1.82824776e-05 1.80891568e-05 1.78973392e-05
 1.77070051e-05 1.75181359e-05 1.73307133e-05 1.71447201e-05
 1.69601397e-05 1.67769560e-05 1.65951535e-05 1.64147175e-05
 1.62356336e-05 1.60578880e-05 1.58814672e-05 1.57063579e-05
 1.55325279e-05 1.53599880e-05 1.51887261e-05 1.50187309e-05
 1.48499915e-05 1.46824977e-05 1.45162393e-05 1.43512057e-05
 1.41873954e-05 1.40247945e-05 1.38633941e-05 1.37031854e-05
 1.35441602e-05 1.33863094e-05 1.32296286e-05 1.30741099e-05
 1.29197462e-05 1.27665305e-05 1.26144564e-05 1.24635174e-05
 1.23137076e-05 1.21650208e-05 1.20174514e-05 1.18709939e-05
 1.17256428e-05 1.15813929e-05 1.14382390e-05 1.12961761e-05
 1.11551991e-05 1.10153025e-05 1.08764789e-05 1.07387541e-05
 1.06021035e-05 1.04665212e-05 1.03320028e-05 1.01985444e-05
 1.00661419e-05 9.93479193e-06 9.80449086e-06 9.67523539e-06
 9.54702227e-06 9.41984840e-06 9.29371074e-06 9.16860640e-06
 9.04453254e-06 8.92148642e-06 8.79946542e-06 8.67846695e-06
 8.55848854e-06 8.43952777e-06 8.32158235e-06 8.20465005e-06
 8.08872866e-06 7.97381609e-06 7.85991026e-06 7.74700918e-06
 7.63511093e-06 7.52421362e-06 7.41431544e-06 7.30541460e-06
 7.19750938e-06 7.09059811e-06 6.98467917e-06 6.87975096e-06
 6.77581193e-06 6.67286052e-06 6.57089522e-06 6.46991445e-06
 6.36991652e-06 6.27089922e-06 6.17285545e-06 6.07579683e-06
 5.97971927e-06 5.88462092e-06 5.79050038e-06 5.69735641e-06
 5.60518784e-06 5.51399361e-06 5.42377269e-06 5.33452407e-06
 5.24624681e-06 5.15893999e-06 5.07260272e-06 4.98723414e-06
 4.90283340e-06 4.81939970e-06 4.73693223e-06 4.65543020e-06
 4.57489285e-06 4.49531939e-06 4.41670900e-06 4.33906082e-06
 4.26237373e-06 4.18664575e-06 4.11177088e-06 4.03785981e-06
 3.96491047e-06 3.89292184e-06 3.82189316e-06 3.75182378e-06
 3.68271314e-06 3.61456071e-06 3.54736598e-06 3.48112848e-06
 3.41584778e-06 3.35152343e-06 3.28815505e-06 3.22574223e-06
 3.16428460e-06 3.10378180e-06 3.04423349e-06 2.98563934e-06
 2.92799904e-06 2.87131227e-06 2.81557874e-06 2.76079818e-06
 2.70697033e-06 2.65409491e-06 2.60217169e-06 2.55120043e-06
 2.50118091e-06 2.45211291e-06 2.40399622e-06 2.35683064e-06
 2.31061599e-06 2.26535209e-06 2.22103877e-06 2.17767587e-06
 2.13526322e-06 2.09380068e-06 2.05328808e-06 2.01372528e-06
 1.97511213e-06 1.93744846e-06 1.90073412e-06 1.86496893e-06
 1.83015271e-06 1.79628524e-06 1.76336625e-06 1.73139543e-06
 1.70037235e-06 1.67029643e-06 1.64116677e-06 1.61298183e-06
 1.58573826e-06 1.55942323e-06 1.53411103e-06 1.50976113e-06
 1.48636833e-06 1.46393055e-06 1.44244670e-06 1.42191604e-06
 1.40233808e-06 1.38371241e-06 1.36603870e-06 1.34931665e-06
 1.33354596e-06 1.31872637e-06 1.30485758e-06 1.29193929e-06
 1.27997117e-06 1.26895288e-06 1.25888404e-06 1.24976424e-06
 1.24159303e-06 1.23436993e-06 1.22809442e-06 1.22276594e-06
 1.21838390e-06 1.21494765e-06 1.21245654e-06 1.21090985e-06
 1.21030687e-06 1.21064683e-06 1.21192897e-06 1.21415249e-06
 1.21731661e-06 1.21731661e-06]