[1.00226886e-04 1.00204022e-04 1.00181243e-04 1.00158547e-04
 1.00135935e-04 1.00113405e-04 1.00090958e-04 1.00068593e-04
 1.00046309e-04 1.00024106e-04 1.00001984e-04 9.99799419e-05
 9.99579796e-05 9.99360968e-05 9.99142929e-05 9.98925676e-05
 9.98709205e-05 9.98493511e-05 9.98278591e-05 9.98064442e-05
 9.97851058e-05 9.97638437e-05 9.97426575e-05 9.97215468e-05
 9.97005113e-05 9.96795505e-05 9.96586642e-05 9.96378520e-05
 9.96171136e-05 9.95964485e-05 9.95758565e-05 9.95553372e-05
 9.95348904e-05 9.95145156e-05 9.94942125e-05 9.94739809e-05
 9.94538203e-05 9.94337306e-05 9.94137113e-05 9.93937622e-05
 9.93738830e-05 9.93540733e-05 9.93343329e-05 9.93146615e-05
 9.92950588e-05 9.92755244e-05 9.92560582e-05 9.92366597e-05
 9.92173288e-05 9.91980652e-05 9.91788685e-05 9.91597386e-05
 9.91406751e-05 9.91216777e-05 9.91027463e-05 9.90838806e-05
 9.90650802e-05 9.90463450e-05 9.90276746e-05 9.90090689e-05
 9.89905275e-05 9.89720503e-05 9.89536369e-05 9.89352872e-05
 9.89170010e-05 9.88987778e-05 9.88806176e-05 9.88625201e-05
 9.88444851e-05 9.88265123e-05 9.88086016e-05 9.87907526e-05
 9.87729651e-05 9.87552391e-05 9.87375741e-05 9.87199701e-05
 9.87024267e-05 9.86849438e-05 9.86675212e-05 9.86501587e-05
 9.86328560e-05 9.86156130e-05 9.85984294e-05 9.85813051e-05
 9.85642398e-05 9.85472334e-05 9.85302856e-05 9.85133963e-05
 9.84965652e-05 9.84797922e-05 9.84630771e-05 9.84464197e-05
 9.84298198e-05 9.84132773e-05 9.83967919e-05 9.83803634e-05
 9.83639918e-05 9.83476767e-05 9.83314181e-05 9.83152158e-05
 9.82990695e-05 9.82829791e-05 9.82669445e-05 9.82509654e-05
 9.82350418e-05 9.82191734e-05 9.82033600e-05 9.81876016e-05
 9.81718979e-05 9.81562488e-05 9.81406541e-05 9.81251137e-05
 9.81096274e-05 9.80941950e-05 9.80788165e-05 9.80634916e-05
 9.80482202e-05 9.80330021e-05 9.80178373e-05 9.80027255e-05
 9.79876665e-05 9.79726604e-05 9.79577068e-05 9.79428057e-05
 9.79279570e-05 9.79131604e-05 9.78984159e-05 9.78837232e-05
 9.78690824e-05 9.78544931e-05 9.78399554e-05 9.78254690e-05
 9.78110339e-05 9.77966498e-05 9.77823167e-05 9.77680344e-05
 9.77538028e-05 9.77396218e-05 9.77254913e-05 9.77114110e-05
 9.76973810e-05 9.76834010e-05 9.76694710e-05 9.76555908e-05
 9.76417603e-05 9.76279793e-05 9.76142479e-05 9.76005658e-05
 9.75869328e-05 9.75733490e-05 9.75598142e-05 9.75463283e-05
 9.75328911e-05 9.75195026e-05 9.75061626e-05 9.74928710e-05
 9.74796277e-05 9.74664327e-05 9.74532857e-05 9.74401867e-05
 9.74271355e-05 9.74141322e-05 9.74011765e-05 9.73882683e-05
 9.73754076e-05 9.73625942e-05 9.73498281e-05 9.73371091e-05
 9.73244372e-05 9.73118122e-05 9.72992340e-05 9.72867026e-05
 9.72742178e-05 9.72617795e-05 9.72493877e-05 9.72370423e-05
 9.72247430e-05 9.72124900e-05 9.72002830e-05 9.71881219e-05
 9.71760068e-05 9.71639374e-05 9.71519137e-05 9.71399356e-05
 9.71280030e-05 9.71161158e-05 9.71042739e-05 9.70924773e-05
 9.70807258e-05 9.70690194e-05 9.70573580e-05 9.70457414e-05
 9.70341697e-05 9.70226426e-05 9.70111602e-05 9.69997224e-05
 9.69883290e-05 9.69769800e-05 9.69656753e-05 9.69544149e-05
 9.69431985e-05 9.69320263e-05 9.69208980e-05 9.69098136e-05
 9.68987730e-05 9.68877762e-05 9.68768230e-05 9.68659134e-05
 9.68550473e-05 9.68442247e-05 9.68334454e-05 9.68227094e-05
 9.68120167e-05 9.68013670e-05 9.67907604e-05 9.67801968e-05
 9.67696762e-05 9.67591983e-05 9.67487633e-05 9.67383709e-05
 9.67280212e-05 9.67177141e-05 9.67074494e-05 9.66972272e-05
 9.66870473e-05 9.66769097e-05 9.66668143e-05 9.66567611e-05
 9.66467500e-05 9.66367809e-05 9.66268537e-05 9.66169684e-05
 9.66071250e-05 9.65973233e-05 9.65875633e-05 9.65778450e-05
 9.65681682e-05 9.65585329e-05 9.65489391e-05 9.65393866e-05
 9.65298755e-05 9.65204056e-05 9.65109769e-05 9.65015894e-05
 9.64922429e-05 9.64829375e-05 9.64736730e-05 9.64644494e-05
 9.64552667e-05 9.64461247e-05 9.64370235e-05 9.64279630e-05
 9.64189430e-05 9.64099637e-05 9.64010248e-05 9.63921264e-05
 9.63832684e-05 9.63744507e-05 9.63656733e-05 9.63569361e-05
 9.63482391e-05 9.63395822e-05 9.63309654e-05 9.63223886e-05
 9.63138518e-05 9.63053549e-05 9.62968979e-05 9.62884806e-05
 9.62801032e-05 9.62717654e-05 9.62634673e-05 9.62552088e-05
 9.62469899e-05 9.62388105e-05 9.62306705e-05 9.62225700e-05
 9.62145088e-05 9.62064870e-05 9.61985044e-05 9.61905610e-05
 9.61826569e-05 9.61747918e-05 9.61669659e-05 9.61591790e-05
 9.61514311e-05 9.61437221e-05 9.61360521e-05 9.61284209e-05
 9.61208285e-05 9.61132749e-05 9.61057600e-05 9.60982838e-05
 9.60908463e-05 9.60834473e-05 9.60760870e-05 9.60687651e-05
 9.60614817e-05 9.60542368e-05 9.60470302e-05 9.60398620e-05
 9.60327321e-05 9.60256405e-05 9.60185871e-05 9.60115719e-05
 9.60045948e-05 9.59976559e-05 9.59907550e-05 9.59838922e-05
 9.59770674e-05 9.59702805e-05 9.59635316e-05 9.59568205e-05
 9.59501473e-05 9.59435119e-05 9.59369143e-05 9.59303544e-05
 9.59238322e-05 9.59173477e-05 9.59109008e-05 9.59044915e-05
 9.58981197e-05 9.58917855e-05 9.58854888e-05 9.58792295e-05
 9.58730077e-05 9.58668232e-05 9.58606761e-05 9.58545664e-05
 9.58484939e-05 9.58424586e-05 9.58364606e-05 9.58304998e-05
 9.58245762e-05 9.58186896e-05 9.58128402e-05 9.58070278e-05
 9.58012525e-05 9.57955142e-05 9.57898128e-05 9.57841484e-05
 9.57785209e-05 9.57729303e-05 9.57673765e-05 9.57618596e-05
 9.57563795e-05 9.57509361e-05 9.57455294e-05 9.57401595e-05
 9.57348262e-05 9.57295296e-05 9.57242697e-05 9.57190463e-05
 9.57138595e-05 9.57087092e-05 9.57035955e-05 9.56985182e-05
 9.56934774e-05 9.56884731e-05 9.56835051e-05 9.56785736e-05
 9.56736784e-05 9.56688195e-05 9.56639970e-05 9.56592107e-05
 9.56544607e-05 9.56497469e-05 9.56450694e-05 9.56404280e-05
 9.56358228e-05 9.56312537e-05 9.56267208e-05 9.56222239e-05
 9.56177631e-05 9.56133384e-05 9.56089497e-05 9.56045970e-05
 9.56002803e-05 9.55959995e-05 9.55917547e-05 9.55875458e-05
 9.55833728e-05 9.55792356e-05 9.55751343e-05 9.55710689e-05
 9.55670392e-05 9.55630454e-05 9.55590873e-05 9.55551650e-05
 9.55512784e-05 9.55474275e-05 9.55436123e-05 9.55398328e-05
 9.55360890e-05 9.55323807e-05 9.55287081e-05 9.55250711e-05
 9.55214697e-05 9.55179039e-05 9.55143736e-05 9.55108788e-05
 9.55074195e-05 9.55039957e-05 9.55006074e-05 9.54972546e-05
 9.54939372e-05 9.54906553e-05 9.54874087e-05 9.54841975e-05
 9.54810218e-05 9.54778814e-05 9.54747763e-05 9.54717066e-05
 9.54686721e-05 9.54656730e-05 9.54627092e-05 9.54597807e-05
 9.54568874e-05 9.54540293e-05 9.54512065e-05 9.54484189e-05
 9.54456666e-05 9.54429494e-05 9.54402673e-05 9.54376205e-05
 9.54350088e-05 9.54324322e-05 9.54298908e-05 9.54273844e-05
 9.54249132e-05 9.54224771e-05 9.54200760e-05 9.54177100e-05
 9.54153791e-05 9.54130832e-05 9.54108223e-05 9.54085965e-05
 9.54064057e-05 9.54042498e-05 9.54021290e-05 9.54000431e-05
 9.53979922e-05 9.53959763e-05 9.53939953e-05 9.53920493e-05
 9.53901382e-05 9.53882620e-05 9.53864207e-05 9.53846143e-05
 9.53828428e-05 9.53811063e-05 9.53794045e-05 9.53777377e-05
 9.53761057e-05 9.53745086e-05 9.53729463e-05 9.53714188e-05
 9.53699262e-05 9.53684684e-05 9.53670454e-05 9.53656573e-05
 9.53643039e-05 9.53629854e-05 9.53617016e-05 9.53604526e-05
 9.53592384e-05 9.53580590e-05 9.53569143e-05 9.53558044e-05
 9.53547292e-05 9.53536888e-05 9.53526832e-05 9.53517123e-05
 9.53507761e-05 9.53498746e-05 9.53490079e-05 9.53481759e-05
 9.53473787e-05 9.53466161e-05 9.53458883e-05 9.53451951e-05
 9.53445367e-05 9.53439130e-05 9.53433240e-05 9.53427696e-05
 9.53422500e-05 9.53417651e-05 9.53413148e-05 9.53408993e-05
 9.53405184e-05 9.53401722e-05 9.53398607e-05 9.53395838e-05
 9.53393417e-05 9.53391342e-05 9.53389614e-05 9.53388233e-05
 9.53387199e-05 9.53386511e-05 9.53386170e-05 9.53386170e-05]