[9.99678138e-05 9.96939291e-05 9.94318503e-05 9.91790988e-05
 9.89340576e-05 9.86955930e-05 9.84628684e-05 9.82352412e-05
 9.80122026e-05 9.77933399e-05 9.75783114e-05 9.73668296e-05
 9.71586491e-05 9.69535581e-05 9.67513716e-05 9.65519268e-05
 9.63550792e-05 9.61606998e-05 9.59686725e-05 9.57788923e-05
 9.55912638e-05 9.54056999e-05 9.52221207e-05 9.50404529e-05
 9.48606285e-05 9.46825847e-05 9.45062631e-05 9.43316094e-05
 9.41585725e-05 9.39871051e-05 9.38171625e-05 9.36487026e-05
 9.34816860e-05 9.33160752e-05 9.31518351e-05 9.29889321e-05
 9.28273346e-05 9.26670125e-05 9.25079372e-05 9.23500814e-05
 9.21934190e-05 9.20379253e-05 9.18835766e-05 9.17303501e-05
 9.15782242e-05 9.14271780e-05 9.12771915e-05 9.11282455e-05
 9.09803216e-05 9.08334020e-05 9.06874697e-05 9.05425081e-05
 9.03985015e-05 9.02554346e-05 9.01132924e-05 8.99720609e-05
 8.98317261e-05 8.96922748e-05 8.95536939e-05 8.94159711e-05
 8.92790941e-05 8.91430513e-05 8.90078313e-05 8.88734230e-05
 8.87398156e-05 8.86069988e-05 8.84749624e-05 8.83436967e-05
 8.82131919e-05 8.80834389e-05 8.79544286e-05 8.78261520e-05
 8.76986008e-05 8.75717664e-05 8.74456407e-05 8.73202159e-05
 8.71954840e-05 8.70714376e-05 8.69480692e-05 8.68253717e-05
 8.67033381e-05 8.65819613e-05 8.64612348e-05 8.63411520e-05
 8.62217064e-05 8.61028917e-05 8.59847019e-05 8.58671309e-05
 8.57501729e-05 8.56338220e-05 8.55180727e-05 8.54029194e-05
 8.52883568e-05 8.51743795e-05 8.50609823e-05 8.49481603e-05
 8.48359083e-05 8.47242216e-05 8.46130952e-05 8.45025246e-05
 8.43925050e-05 8.42830321e-05 8.41741013e-05 8.40657082e-05
 8.39578487e-05 8.38505184e-05 8.37437133e-05 8.36374294e-05
 8.35316625e-05 8.34264089e-05 8.33216646e-05 8.32174259e-05
 8.31136891e-05 8.30104505e-05 8.29077066e-05 8.28054537e-05
 8.27036885e-05 8.26024074e-05 8.25016072e-05 8.24012845e-05
 8.23014361e-05 8.22020588e-05 8.21031493e-05 8.20047047e-05
 8.19067218e-05 8.18091977e-05 8.17121293e-05 8.16155138e-05
 8.15193482e-05 8.14236298e-05 8.13283557e-05 8.12335232e-05
 8.11391296e-05 8.10451722e-05 8.09516483e-05 8.08585555e-05
 8.07658910e-05 8.06736525e-05 8.05818374e-05 8.04904432e-05
 8.03994675e-05 8.03089080e-05 8.02187623e-05 8.01290280e-05
 8.00397029e-05 7.99507848e-05 7.98622713e-05 7.97741603e-05
 7.96864496e-05 7.95991371e-05 7.95122206e-05 7.94256980e-05
 7.93395674e-05 7.92538266e-05 7.91684737e-05 7.90835067e-05
 7.89989235e-05 7.89147223e-05 7.88309012e-05 7.87474582e-05
 7.86643915e-05 7.85816993e-05 7.84993797e-05 7.84174310e-05
 7.83358513e-05 7.82546390e-05 7.81737922e-05 7.80933093e-05
 7.80131885e-05 7.79334282e-05 7.78540267e-05 7.77749825e-05
 7.76962938e-05 7.76179591e-05 7.75399768e-05 7.74623454e-05
 7.73850632e-05 7.73081288e-05 7.72315407e-05 7.71552973e-05
 7.70793972e-05 7.70038389e-05 7.69286210e-05 7.68537421e-05
 7.67792007e-05 7.67049954e-05 7.66311249e-05 7.65575877e-05
 7.64843826e-05 7.64115082e-05 7.63389632e-05 7.62667462e-05
 7.61948560e-05 7.61232913e-05 7.60520507e-05 7.59811332e-05
 7.59105373e-05 7.58402619e-05 7.57703057e-05 7.57006677e-05
 7.56313464e-05 7.55623409e-05 7.54936498e-05 7.54252721e-05
 7.53572066e-05 7.52894522e-05 7.52220077e-05 7.51548720e-05
 7.50880441e-05 7.50215228e-05 7.49553071e-05 7.48893958e-05
 7.48237880e-05 7.47584826e-05 7.46934786e-05 7.46287748e-05
 7.45643704e-05 7.45002642e-05 7.44364554e-05 7.43729428e-05
 7.43097256e-05 7.42468027e-05 7.41841733e-05 7.41218362e-05
 7.40597907e-05 7.39980357e-05 7.39365704e-05 7.38753938e-05
 7.38145051e-05 7.37539032e-05 7.36935874e-05 7.36335567e-05
 7.35738102e-05 7.35143472e-05 7.34551667e-05 7.33962679e-05
 7.33376500e-05 7.32793120e-05 7.32212533e-05 7.31634729e-05
 7.31059700e-05 7.30487440e-05 7.29917938e-05 7.29351188e-05
 7.28787182e-05 7.28225911e-05 7.27667369e-05 7.27111548e-05
 7.26558439e-05 7.26008036e-05 7.25460331e-05 7.24915317e-05
 7.24372986e-05 7.23833332e-05 7.23296346e-05 7.22762022e-05
 7.22230354e-05 7.21701333e-05 7.21174953e-05 7.20651207e-05
 7.20130088e-05 7.19611590e-05 7.19095706e-05 7.18582429e-05
 7.18071752e-05 7.17563670e-05 7.17058175e-05 7.16555262e-05
 7.16054923e-05 7.15557153e-05 7.15061946e-05 7.14569295e-05
 7.14079193e-05 7.13591636e-05 7.13106617e-05 7.12624130e-05
 7.12144168e-05 7.11666727e-05 7.11191800e-05 7.10719382e-05
 7.10249467e-05 7.09782049e-05 7.09317122e-05 7.08854681e-05
 7.08394721e-05 7.07937236e-05 7.07482220e-05 7.07029668e-05
 7.06579575e-05 7.06131936e-05 7.05686745e-05 7.05243996e-05
 7.04803686e-05 7.04365808e-05 7.03930358e-05 7.03497330e-05
 7.03066720e-05 7.02638522e-05 7.02212733e-05 7.01789346e-05
 7.01368357e-05 7.00949761e-05 7.00533553e-05 7.00119730e-05
 6.99708285e-05 6.99299215e-05 6.98892515e-05 6.98488180e-05
 6.98086206e-05 6.97686588e-05 6.97289322e-05 6.96894404e-05
 6.96501828e-05 6.96111592e-05 6.95723690e-05 6.95338118e-05
 6.94954872e-05 6.94573948e-05 6.94195342e-05 6.93819050e-05
 6.93445067e-05 6.93073389e-05 6.92704013e-05 6.92336935e-05
 6.91972150e-05 6.91609654e-05 6.91249445e-05 6.90891517e-05
 6.90535868e-05 6.90182493e-05 6.89831389e-05 6.89482552e-05
 6.89135978e-05 6.88791663e-05 6.88449605e-05 6.88109799e-05
 6.87772243e-05 6.87436931e-05 6.87103862e-05 6.86773030e-05
 6.86444434e-05 6.86118070e-05 6.85793934e-05 6.85472023e-05
 6.85152334e-05 6.84834863e-05 6.84519607e-05 6.84206563e-05
 6.83895728e-05 6.83587098e-05 6.83280671e-05 6.82976443e-05
 6.82674411e-05 6.82374573e-05 6.82076925e-05 6.81781464e-05
 6.81488188e-05 6.81197092e-05 6.80908176e-05 6.80621434e-05
 6.80336866e-05 6.80054467e-05 6.79774235e-05 6.79496168e-05
 6.79220262e-05 6.78946515e-05 6.78674924e-05 6.78405487e-05
 6.78138201e-05 6.77873062e-05 6.77610069e-05 6.77349220e-05
 6.77090510e-05 6.76833939e-05 6.76579503e-05 6.76327200e-05
 6.76077028e-05 6.75828984e-05 6.75583066e-05 6.75339271e-05
 6.75097597e-05 6.74858042e-05 6.74620603e-05 6.74385278e-05
 6.74152065e-05 6.73920962e-05 6.73691966e-05 6.73465075e-05
 6.73240288e-05 6.73017602e-05 6.72797014e-05 6.72578523e-05
 6.72362127e-05 6.72147823e-05 6.71935610e-05 6.71725486e-05
 6.71517448e-05 6.71311495e-05 6.71107625e-05 6.70905835e-05
 6.70706124e-05 6.70508491e-05 6.70312933e-05 6.70119448e-05
 6.69928034e-05 6.69738691e-05 6.69551415e-05 6.69366206e-05
 6.69183061e-05 6.69001979e-05 6.68822959e-05 6.68645998e-05
 6.68471095e-05 6.68298248e-05 6.68127456e-05 6.67958717e-05
 6.67792029e-05 6.67627392e-05 6.67464803e-05 6.67304261e-05
 6.67145765e-05 6.66989312e-05 6.66834903e-05 6.66682534e-05
 6.66532206e-05 6.66383916e-05 6.66237663e-05 6.66093446e-05
 6.65951264e-05 6.65811115e-05 6.65672997e-05 6.65536910e-05
 6.65402853e-05 6.65270824e-05 6.65140822e-05 6.65012846e-05
 6.64886895e-05 6.64762967e-05 6.64641061e-05 6.64521177e-05
 6.64403313e-05 6.64287469e-05 6.64173642e-05 6.64061833e-05
 6.63952040e-05 6.63844262e-05 6.63738498e-05 6.63634747e-05
 6.63533008e-05 6.63433281e-05 6.63335565e-05 6.63239858e-05
 6.63146159e-05 6.63054469e-05 6.62964786e-05 6.62877109e-05
 6.62791438e-05 6.62707771e-05 6.62626108e-05 6.62546449e-05
 6.62468792e-05 6.62393137e-05 6.62319483e-05 6.62247830e-05
 6.62178176e-05 6.62110522e-05 6.62044867e-05 6.61981210e-05
 6.61919550e-05 6.61859887e-05 6.61802221e-05 6.61746550e-05
 6.61692875e-05 6.61641195e-05 6.61591510e-05 6.61543819e-05
 6.61498121e-05 6.61454416e-05 6.61412705e-05 6.61372986e-05
 6.61335259e-05 6.61299524e-05 6.61265780e-05 6.61234027e-05
 6.61204266e-05 6.61176495e-05 6.61150715e-05 6.61126924e-05
 6.61105124e-05 6.61085313e-05 6.61067492e-05 6.61051661e-05
 6.61037819e-05 6.61025966e-05 6.61016102e-05 6.61008227e-05
 6.61002341e-05 6.60998444e-05 6.60996536e-05 6.60996536e-05]