[9.90176247e-05 9.84646738e-05 9.79382299e-05 9.74321832e-05
 9.69430312e-05 9.64684673e-05 9.60069123e-05 9.55569805e-05
 9.51178010e-05 9.46886259e-05 9.42688789e-05 9.38581494e-05
 9.34562298e-05 9.30632986e-05 9.26809384e-05 9.25225813e-05
 9.21697840e-05 9.18049976e-05 9.14568728e-05 9.10920605e-05
 9.07473624e-05 9.04181419e-05 8.92723375e-05 8.89063024e-05
 8.85489405e-05 8.81976357e-05 8.78516226e-05 8.75105879e-05
 8.71744451e-05 8.68433498e-05 8.65180114e-05 8.62020186e-05
 8.58569217e-05 8.55744114e-05 8.52494627e-05 8.49323029e-05
 8.46199849e-05 8.43117279e-05 8.40071770e-05 8.37061264e-05
 8.34084366e-05 8.31140057e-05 8.28227551e-05 8.25346230e-05
 8.22495614e-05 8.19675358e-05 8.16885263e-05 8.14125315e-05
 8.11395777e-05 8.08697383e-05 8.06031979e-05 8.03397681e-05
 8.00810078e-05 7.98300412e-05 7.91999752e-05 7.89312561e-05
 7.86703640e-05 7.84155293e-05 7.81736182e-05 7.78984369e-05
 7.76401042e-05 7.73866893e-05 7.71366482e-05 7.68894510e-05
 7.66448395e-05 7.64026617e-05 7.61628157e-05 7.59252272e-05
 7.56898383e-05 7.54566018e-05 7.52254776e-05 7.49964311e-05
 7.47694311e-05 7.45444499e-05 7.43214618e-05 7.41004432e-05
 7.38813720e-05 7.36642275e-05 7.34489903e-05 7.32356419e-05
 7.30241649e-05 7.28145426e-05 7.26067600e-05 7.24008016e-05
 7.21966528e-05 7.19943002e-05 7.17937307e-05 7.15949320e-05
 7.13978924e-05 7.12026008e-05 7.10090470e-05 7.08172212e-05
 7.06271145e-05 7.04387187e-05 7.02520264e-05 7.00670311e-05
 6.98837272e-05 6.97021104e-05 6.95221775e-05 6.93439267e-05
 6.91673579e-05 6.89924742e-05 6.88192800e-05 6.86477831e-05
 6.84779967e-05 6.83099386e-05 6.81436348e-05 6.79791224e-05
 6.78164550e-05 6.76557127e-05 6.74970192e-05 6.73405789e-05
 6.71867628e-05 6.70363553e-05 6.68915378e-05 6.67642177e-05
 6.65588498e-05 6.63949607e-05 6.62383818e-05 6.60857592e-05
 6.59361079e-05 6.57890529e-05 6.56444693e-05 6.55023851e-05
 6.53629748e-05 6.52266201e-05 6.50941014e-05 6.49671916e-05
 6.48512165e-05 6.47818662e-05 6.45681801e-05 6.44079803e-05
 6.42590688e-05 6.41157087e-05 6.39760074e-05 6.38391057e-05
 6.37045396e-05 6.35720282e-05 6.34413879e-05 6.33124912e-05
 6.31852453e-05 6.30595803e-05 6.29354416e-05 6.28127858e-05
 6.26915771e-05 6.25717862e-05 6.24533877e-05 6.23363599e-05
 6.22206849e-05 6.21063457e-05 6.19933276e-05 6.18816174e-05
 6.17712030e-05 6.16620735e-05 6.15542189e-05 6.14476297e-05
 6.13422973e-05 6.12382134e-05 6.11353506e-05 6.10337228e-05
 6.09333229e-05 6.08341444e-05 6.07361812e-05 6.06394275e-05
 6.05438778e-05 6.04495267e-05 6.03563693e-05 6.02644006e-05
 6.01736160e-05 6.00840108e-05 5.99955808e-05 5.99083217e-05
 5.98222294e-05 5.97373000e-05 5.96535297e-05 5.95709147e-05
 5.94894514e-05 5.94091363e-05 5.93299660e-05 5.92519372e-05
 5.91750467e-05 5.90992912e-05 5.90246679e-05 5.89511736e-05
 5.88788054e-05 5.88075606e-05 5.87374364e-05 5.86684301e-05
 5.86005390e-05 5.85337606e-05 5.84680924e-05 5.84035320e-05
 5.83400769e-05 5.82777248e-05 5.82164736e-05 5.81563208e-05
 5.80972645e-05 5.80393025e-05 5.79824327e-05 5.79266531e-05
 5.78719617e-05 5.78183567e-05 5.77658362e-05 5.77143983e-05
 5.76640413e-05 5.76147635e-05 5.75665631e-05 5.75194386e-05
 5.74733883e-05 5.74284107e-05 5.73845042e-05 5.73416674e-05
 5.72998988e-05 5.72591971e-05 5.72195609e-05 5.71809888e-05
 5.71434796e-05 5.71070321e-05 5.70716450e-05 5.70373172e-05
 5.70040475e-05 5.69718348e-05 5.69406782e-05 5.69105765e-05
 5.68815287e-05 5.68535340e-05 5.68265914e-05 5.68006999e-05
 5.67758589e-05 5.67520673e-05 5.67293246e-05 5.67076298e-05
 5.66869823e-05 5.66673814e-05 5.66488265e-05 5.66313169e-05
 5.66148520e-05 5.65994314e-05 5.65850543e-05 5.65717205e-05
 5.65594293e-05 5.65481804e-05 5.65379734e-05 5.65288079e-05
 5.65206836e-05 5.65136001e-05 5.65075572e-05 5.65025547e-05
 5.64985923e-05 5.64985923e-05]