[9.99678138e-05 9.96939389e-05 9.94318700e-05 9.91791285e-05
 9.89340972e-05 9.86956427e-05 9.84629283e-05 9.82353113e-05
 9.80122829e-05 9.77934306e-05 9.75784124e-05 9.73669410e-05
 9.71587710e-05 9.69536905e-05 9.67515145e-05 9.65520802e-05
 9.63552433e-05 9.61608745e-05 9.59688578e-05 9.57790882e-05
 9.55914703e-05 9.54059170e-05 9.52223486e-05 9.50406914e-05
 9.48608777e-05 9.46828446e-05 9.45065337e-05 9.43318906e-05
 9.41588644e-05 9.39874077e-05 9.38174758e-05 9.36490266e-05
 9.34820206e-05 9.33164205e-05 9.31521910e-05 9.29892987e-05
 9.28277119e-05 9.26674005e-05 9.25083358e-05 9.23504906e-05
 9.21938388e-05 9.20383558e-05 9.18840176e-05 9.17308018e-05
 9.15786864e-05 9.14276507e-05 9.12776748e-05 9.11287393e-05
 9.09808259e-05 9.08339169e-05 9.06879951e-05 9.05430440e-05
 9.03990479e-05 9.02559914e-05 9.01138597e-05 8.99726386e-05
 8.98323142e-05 8.96928732e-05 8.95543028e-05 8.94165903e-05
 8.92797237e-05 8.91436912e-05 8.90084815e-05 8.88740834e-05
 8.87404863e-05 8.86076798e-05 8.84756536e-05 8.83443981e-05
 8.82139035e-05 8.80841607e-05 8.79551605e-05 8.78268941e-05
 8.76993530e-05 8.75725287e-05 8.74464131e-05 8.73209983e-05
 8.71962764e-05 8.70722400e-05 8.69488817e-05 8.68261942e-05
 8.67041704e-05 8.65828036e-05 8.64620870e-05 8.63420141e-05
 8.62225783e-05 8.61037736e-05 8.59855936e-05 8.58680324e-05
 8.57510841e-05 8.56347430e-05 8.55190034e-05 8.54038598e-05
 8.52893069e-05 8.51753393e-05 8.50619518e-05 8.49491393e-05
 8.48368970e-05 8.47252198e-05 8.46141030e-05 8.45035419e-05
 8.43935319e-05 8.42840684e-05 8.41751471e-05 8.40667635e-05
 8.39589133e-05 8.38515925e-05 8.37447968e-05 8.36385221e-05
 8.35327646e-05 8.34275203e-05 8.33227853e-05 8.32185559e-05
 8.31148283e-05 8.30115989e-05 8.29088642e-05 8.28066205e-05
 8.27048644e-05 8.26035924e-05 8.25028013e-05 8.24024877e-05
 8.23026483e-05 8.22032800e-05 8.21043796e-05 8.20059439e-05
 8.19079700e-05 8.18104547e-05 8.17133953e-05 8.16167886e-05
 8.15206319e-05 8.14249223e-05 8.13296570e-05 8.12348333e-05
 8.11404484e-05 8.10464998e-05 8.09529847e-05 8.08599005e-05
 8.07672447e-05 8.06750148e-05 8.05832083e-05 8.04918227e-05
 8.04008556e-05 8.03103046e-05 8.02201674e-05 8.01304416e-05
 8.00411250e-05 7.99522153e-05 7.98637102e-05 7.97756076e-05
 7.96879053e-05 7.96006011e-05 7.95136929e-05 7.94271787e-05
 7.93410563e-05 7.92553238e-05 7.91699791e-05 7.90850202e-05
 7.90004452e-05 7.89162522e-05 7.88324392e-05 7.87490043e-05
 7.86659457e-05 7.85832616e-05 7.85009500e-05 7.84190093e-05
 7.83374376e-05 7.82562332e-05 7.81753943e-05 7.80949193e-05
 7.80148064e-05 7.79350540e-05 7.78556603e-05 7.77766239e-05
 7.76979430e-05 7.76196161e-05 7.75416415e-05 7.74640177e-05
 7.73867433e-05 7.73098165e-05 7.72332360e-05 7.71570002e-05
 7.70811077e-05 7.70055570e-05 7.69303467e-05 7.68554752e-05
 7.67809413e-05 7.67067435e-05 7.66328804e-05 7.65593507e-05
 7.64861530e-05 7.64132859e-05 7.63407482e-05 7.62685386e-05
 7.61966557e-05 7.61250982e-05 7.60538649e-05 7.59829545e-05
 7.59123659e-05 7.58420976e-05 7.57721486e-05 7.57025177e-05
 7.56332035e-05 7.55642050e-05 7.54955210e-05 7.54271503e-05
 7.53590918e-05 7.52913444e-05 7.52239068e-05 7.51567781e-05
 7.50899571e-05 7.50234426e-05 7.49572338e-05 7.48913294e-05
 7.48257284e-05 7.47604297e-05 7.46954324e-05 7.46307354e-05
 7.45663377e-05 7.45022382e-05 7.44384360e-05 7.43749301e-05
 7.43117195e-05 7.42488032e-05 7.41861803e-05 7.41238498e-05
 7.40618108e-05 7.40000623e-05 7.39386034e-05 7.38774333e-05
 7.38165509e-05 7.37559554e-05 7.36956460e-05 7.36356216e-05
 7.35758815e-05 7.35164248e-05 7.34572505e-05 7.33983580e-05
 7.33397463e-05 7.32814145e-05 7.32233619e-05 7.31655877e-05
 7.31080910e-05 7.30508710e-05 7.29939269e-05 7.29372579e-05
 7.28808633e-05 7.28247423e-05 7.27688941e-05 7.27133179e-05
 7.26580130e-05 7.26029786e-05 7.25482139e-05 7.24937184e-05
 7.24394911e-05 7.23855315e-05 7.23318387e-05 7.22784121e-05
 7.22252510e-05 7.21723546e-05 7.21197223e-05 7.20673534e-05
 7.20152471e-05 7.19634030e-05 7.19118201e-05 7.18604980e-05
 7.18094359e-05 7.17586332e-05 7.17080892e-05 7.16578034e-05
 7.16077750e-05 7.15580034e-05 7.15084881e-05 7.14592283e-05
 7.14102235e-05 7.13614731e-05 7.13129765e-05 7.12647331e-05
 7.12167422e-05 7.11690033e-05 7.11215159e-05 7.10742793e-05
 7.10272929e-05 7.09805562e-05 7.09340687e-05 7.08878297e-05
 7.08418388e-05 7.07960953e-05 7.07505987e-05 7.07053485e-05
 7.06603442e-05 7.06155852e-05 7.05710710e-05 7.05268011e-05
 7.04827749e-05 7.04389920e-05 7.03954518e-05 7.03521539e-05
 7.03090977e-05 7.02662827e-05 7.02237084e-05 7.01813745e-05
 7.01392803e-05 7.00974254e-05 7.00558093e-05 7.00144315e-05
 6.99732917e-05 6.99323893e-05 6.98917238e-05 6.98512948e-05
 6.98111019e-05 6.97711446e-05 6.97314225e-05 6.96919351e-05
 6.96526820e-05 6.96136627e-05 6.95748769e-05 6.95363241e-05
 6.94980038e-05 6.94599157e-05 6.94220594e-05 6.93844344e-05
 6.93470403e-05 6.93098767e-05 6.92729433e-05 6.92362396e-05
 6.91997653e-05 6.91635199e-05 6.91275030e-05 6.90917143e-05
 6.90561534e-05 6.90208200e-05 6.89857135e-05 6.89508338e-05
 6.89161803e-05 6.88817528e-05 6.88475509e-05 6.88135742e-05
 6.87798224e-05 6.87462951e-05 6.87129920e-05 6.86799126e-05
 6.86470568e-05 6.86144241e-05 6.85820142e-05 6.85498268e-05
 6.85178616e-05 6.84861181e-05 6.84545962e-05 6.84232954e-05
 6.83922154e-05 6.83613560e-05 6.83307168e-05 6.83002976e-05
 6.82700979e-05 6.82401176e-05 6.82103562e-05 6.81808135e-05
 6.81514893e-05 6.81223831e-05 6.80934948e-05 6.80648240e-05
 6.80363705e-05 6.80081339e-05 6.79801140e-05 6.79523105e-05
 6.79247231e-05 6.78973516e-05 6.78701957e-05 6.78432551e-05
 6.78165296e-05 6.77900189e-05 6.77637227e-05 6.77376407e-05
 6.77117729e-05 6.76861187e-05 6.76606781e-05 6.76354508e-05
 6.76104366e-05 6.75856351e-05 6.75610461e-05 6.75366695e-05
 6.75125050e-05 6.74885523e-05 6.74648112e-05 6.74412815e-05
 6.74179630e-05 6.73948554e-05 6.73719585e-05 6.73492722e-05
 6.73267961e-05 6.73045301e-05 6.72824740e-05 6.72606275e-05
 6.72389904e-05 6.72175626e-05 6.71963439e-05 6.71753340e-05
 6.71545327e-05 6.71339398e-05 6.71135552e-05 6.70933787e-05
 6.70734101e-05 6.70536491e-05 6.70340956e-05 6.70147495e-05
 6.69956104e-05 6.69766784e-05 6.69579531e-05 6.69394344e-05
 6.69211222e-05 6.69030162e-05 6.68851163e-05 6.68674223e-05
 6.68499342e-05 6.68326516e-05 6.68155745e-05 6.67987026e-05
 6.67820359e-05 6.67655742e-05 6.67493173e-05 6.67332651e-05
 6.67174174e-05 6.67017741e-05 6.66863351e-05 6.66711001e-05
 6.66560692e-05 6.66412420e-05 6.66266185e-05 6.66121986e-05
 6.65979822e-05 6.65839690e-05 6.65701590e-05 6.65565520e-05
 6.65431480e-05 6.65299468e-05 6.65169482e-05 6.65041522e-05
 6.64915587e-05 6.64791674e-05 6.64669785e-05 6.64549916e-05
 6.64432067e-05 6.64316237e-05 6.64202425e-05 6.64090630e-05
 6.63980851e-05 6.63873087e-05 6.63767337e-05 6.63663600e-05
 6.63561875e-05 6.63462161e-05 6.63364457e-05 6.63268762e-05
 6.63175077e-05 6.63083399e-05 6.62993727e-05 6.62906062e-05
 6.62820402e-05 6.62736747e-05 6.62655095e-05 6.62575447e-05
 6.62497800e-05 6.62422156e-05 6.62348512e-05 6.62276869e-05
 6.62207225e-05 6.62139581e-05 6.62073935e-05 6.62010286e-05
 6.61948635e-05 6.61888981e-05 6.61831323e-05 6.61775661e-05
 6.61721994e-05 6.61670322e-05 6.61620644e-05 6.61572960e-05
 6.61527270e-05 6.61483572e-05 6.61441867e-05 6.61402154e-05
 6.61364434e-05 6.61328704e-05 6.61294967e-05 6.61263220e-05
 6.61233463e-05 6.61205698e-05 6.61179922e-05 6.61156136e-05
 6.61134341e-05 6.61114534e-05 6.61096717e-05 6.61080890e-05
 6.61067051e-05 6.61055201e-05 6.61045341e-05 6.61037469e-05
 6.61031585e-05 6.61027691e-05 6.61025785e-05 6.61025785e-05]