[ 3.41144289e-05  3.39603481e-05  3.38125049e-05  3.36695163e-05
  3.35304891e-05  3.33948034e-05  3.32620061e-05  3.31317522e-05
  3.30037705e-05  3.28778424e-05  3.27537883e-05  3.26314576e-05
  3.25107224e-05  3.23914730e-05  3.22736137e-05  3.21570607e-05
  3.20417399e-05  3.19275852e-05  3.18145374e-05  3.17025431e-05
  3.15915538e-05  3.14815255e-05  3.13724178e-05  3.12641936e-05
  3.11568188e-05  3.10502619e-05  3.09444934e-05  3.08394862e-05
  3.07352150e-05  3.06316558e-05  3.05287866e-05  3.04265864e-05
  3.03250355e-05  3.02241155e-05  3.01238089e-05  3.00240991e-05
  2.99249705e-05  2.98264082e-05  2.97283981e-05  2.96309268e-05
  2.95339815e-05  2.94375501e-05  2.93416209e-05  2.92461828e-05
  2.91512252e-05  2.90567378e-05  2.89627110e-05  2.88691354e-05
  2.87760021e-05  2.86833022e-05  2.85910277e-05  2.84991705e-05
  2.84077229e-05  2.83166775e-05  2.82260271e-05  2.81357650e-05
  2.80458843e-05  2.79563787e-05  2.78672420e-05  2.77784681e-05
  2.76900512e-05  2.76019857e-05  2.75142662e-05  2.74268873e-05
  2.73398440e-05  2.72531311e-05  2.71667440e-05  2.70806779e-05
  2.69949283e-05  2.69094906e-05  2.68243608e-05  2.67395345e-05
  2.66550076e-05  2.65707763e-05  2.64868366e-05  2.64031849e-05
  2.63198174e-05  2.62367305e-05  2.61539209e-05  2.60713850e-05
  2.59891197e-05  2.59071217e-05  2.58253878e-05  2.57439149e-05
  2.56627001e-05  2.55817404e-05  2.55010330e-05  2.54205750e-05
  2.53403638e-05  2.52603966e-05  2.51806709e-05  2.51011840e-05
  2.50219335e-05  2.49429170e-05  2.48641319e-05  2.47855761e-05
  2.47072471e-05  2.46291428e-05  2.45512609e-05  2.44735993e-05
  2.43961558e-05  2.43189284e-05  2.42419150e-05  2.41651137e-05
  2.40885226e-05  2.40121395e-05  2.39359628e-05  2.38599906e-05
  2.37842210e-05  2.37086523e-05  2.36332827e-05  2.35581105e-05
  2.34831341e-05  2.34083517e-05  2.33337618e-05  2.32593628e-05
  2.31851531e-05  2.31111312e-05  2.30372955e-05  2.29636447e-05
  2.28901771e-05  2.28168915e-05  2.27437863e-05  2.26708602e-05
  2.25981119e-05  2.25255400e-05  2.24531431e-05  2.23809201e-05
  2.23088695e-05  2.22369902e-05  2.21652810e-05  2.20937405e-05
  2.20223677e-05  2.19511613e-05  2.18801202e-05  2.18092432e-05
  2.17385293e-05  2.16679773e-05  2.15975861e-05  2.15273547e-05
  2.14572819e-05  2.13873669e-05  2.13176084e-05  2.12480057e-05
  2.11785575e-05  2.11092630e-05  2.10401212e-05  2.09711312e-05
  2.09022920e-05  2.08336026e-05  2.07650623e-05  2.06966700e-05
  2.06284249e-05  2.05603262e-05  2.04923729e-05  2.04245642e-05
  2.03568994e-05  2.02893774e-05  2.02219977e-05  2.01547593e-05
  2.00876614e-05  2.00207033e-05  1.99538842e-05  1.98872034e-05
  1.98206601e-05  1.97542535e-05  1.96879830e-05  1.96218478e-05
  1.95558472e-05  1.94899804e-05  1.94242470e-05  1.93586460e-05
  1.92931769e-05  1.92278390e-05  1.91626316e-05  1.90975542e-05
  1.90326059e-05  1.89677863e-05  1.89030947e-05  1.88385305e-05
  1.87740930e-05  1.87097818e-05  1.86455961e-05  1.85815354e-05
  1.85175991e-05  1.84537867e-05  1.83900975e-05  1.83265311e-05
  1.82630869e-05  1.81997643e-05  1.81365628e-05  1.80734819e-05
  1.80105210e-05  1.79476796e-05  1.78849573e-05  1.78223534e-05
  1.77598676e-05  1.76974993e-05  1.76352481e-05  1.75731133e-05
  1.75110947e-05  1.74491916e-05  1.73874037e-05  1.73257305e-05
  1.72641715e-05  1.72027263e-05  1.71413944e-05  1.70801754e-05
  1.70190688e-05  1.69580743e-05  1.68971914e-05  1.68364197e-05
  1.67757587e-05  1.67152082e-05  1.66547676e-05  1.65944365e-05
  1.65342146e-05  1.64741015e-05  1.64140967e-05  1.63542000e-05
  1.62944109e-05  1.62347290e-05  1.61751541e-05  1.61156856e-05
  1.60563233e-05  1.59970668e-05  1.59379157e-05  1.58788697e-05
  1.58199285e-05  1.57610916e-05  1.57023589e-05  1.56437298e-05
  1.55852042e-05  1.55267816e-05  1.54684617e-05  1.54102443e-05
  1.53521290e-05  1.52941155e-05  1.52362035e-05  1.51783926e-05
  1.51206826e-05  1.50630732e-05  1.50055640e-05  1.49481548e-05
  1.48908453e-05  1.48336352e-05  1.47765243e-05  1.47195121e-05
  1.46625985e-05  1.46057832e-05  1.45490658e-05  1.44924462e-05
  1.44359241e-05  1.43794991e-05  1.43231711e-05  1.42669398e-05
  1.42108049e-05  1.41547661e-05  1.40988233e-05  1.40429761e-05
  1.39872243e-05  1.39315677e-05  1.38760061e-05  1.38205391e-05
  1.37651666e-05  1.37098883e-05  1.36547040e-05  1.35996135e-05
  1.35446165e-05  1.34897128e-05  1.34349022e-05  1.33801844e-05
  1.33255593e-05  1.32710267e-05  1.32165862e-05  1.31622378e-05
  1.31079812e-05  1.30538161e-05  1.29997425e-05  1.29457600e-05
  1.28918685e-05  1.28380678e-05  1.27843577e-05  1.27307380e-05
  1.26772085e-05  1.26237690e-05  1.25704193e-05  1.25171592e-05
  1.24639886e-05  1.24109073e-05  1.23579150e-05  1.23050117e-05
  1.22521971e-05  1.21994710e-05  1.21468333e-05  1.20942837e-05
  1.20418223e-05  1.19894486e-05  1.19371627e-05  1.18849643e-05
  1.18328533e-05  1.17808294e-05  1.17288926e-05  1.16770427e-05
  1.16252795e-05  1.15736029e-05  1.15220127e-05  1.14705087e-05
  1.14190908e-05  1.13677589e-05  1.13165128e-05  1.12653523e-05
  1.12142774e-05  1.11632878e-05  1.11123835e-05  1.10615642e-05
  1.10108299e-05  1.09601804e-05  1.09096155e-05  1.08591352e-05
  1.08087392e-05  1.07584276e-05  1.07082000e-05  1.06580565e-05
  1.06079968e-05  1.05580208e-05  1.05081285e-05  1.04583196e-05
  1.04085942e-05  1.03589519e-05  1.03093928e-05  1.02599166e-05
  1.02105234e-05  1.01612129e-05  1.01119850e-05  1.00628397e-05
  1.00137767e-05  9.96479607e-06  9.91589760e-06  9.86708120e-06
  9.81834676e-06  9.76969417e-06  9.72112331e-06  9.67263409e-06
  9.62422639e-06  9.57590011e-06  9.52765515e-06  9.47949140e-06
  9.43140876e-06  9.38340712e-06  9.33548640e-06  9.28764648e-06
  9.23988728e-06  9.19220868e-06  9.14461060e-06  9.09709295e-06
  9.04965561e-06  9.00229852e-06  8.95502156e-06  8.90782465e-06
  8.86070769e-06  8.81367061e-06  8.76671330e-06  8.71983568e-06
  8.67303767e-06  8.62631917e-06  8.57968010e-06  8.53312038e-06
  8.48663992e-06  8.44023863e-06  8.39391645e-06  8.34767328e-06
  8.30150904e-06  8.25542366e-06  8.20941706e-06  8.16348915e-06
  8.11763986e-06  8.07186912e-06  8.02617684e-06  7.98056296e-06
  7.93502739e-06  7.88957007e-06  7.84419092e-06  7.79888987e-06
  7.75366685e-06  7.70852178e-06  7.66345460e-06  7.61846524e-06
  7.57355363e-06  7.52871970e-06  7.48396339e-06  7.43928462e-06
  7.39468334e-06  7.35015947e-06  7.30571295e-06  7.26134372e-06
  7.21705172e-06  7.17283688e-06  7.12869914e-06  7.08463844e-06
  7.04065472e-06  6.99674792e-06  6.95291798e-06  6.90916484e-06
  6.86548844e-06  6.82188873e-06  6.77836564e-06  6.73491913e-06
  6.69154913e-06  6.64825560e-06  6.60503847e-06  6.56189769e-06
  6.51883321e-06  6.47584498e-06  6.43293294e-06  6.39009704e-06
  6.34733723e-06  6.30465346e-06  6.26204569e-06  6.21951385e-06
  6.17705790e-06  6.13467780e-06  6.09237348e-06  6.05014492e-06
  6.00799205e-06  5.96591484e-06  5.92391324e-06  5.88198719e-06
  5.84013667e-06  5.79836161e-06  5.75666198e-06  5.71503774e-06
  5.67348884e-06  5.63201523e-06  5.59061689e-06  5.54929375e-06
  5.50804579e-06  5.46687297e-06  5.42577523e-06  5.38475255e-06
  5.34380488e-06  5.30293219e-06  5.26213443e-06  5.22141157e-06
  5.18076356e-06  5.14019038e-06  5.09969199e-06  5.05926834e-06
  5.01891941e-06  4.97864515e-06  4.93844554e-06  4.89832053e-06
  4.85827010e-06  4.81829420e-06  4.77839282e-06  4.73856590e-06
  4.69881342e-06  4.65913535e-06  4.61953166e-06  4.58000231e-06
  4.54054727e-06  4.50116651e-06  4.46186000e-06  4.42262771e-06
  4.38346962e-06  4.34438568e-06  4.30537588e-06  4.26644018e-06
  4.22757855e-06  4.18879097e-06  4.15007741e-06  4.11143784e-06
  4.07287224e-06  4.03438057e-06  3.99596282e-06  3.95761895e-06
  3.91934894e-06  3.88115276e-06  3.84303039e-06  3.80498181e-06
  3.76700699e-06  3.72910590e-06  3.69127853e-06  3.65352484e-06
  3.61584482e-06  3.57823844e-06  3.54070568e-06  3.50324652e-06
  3.46586094e-06  3.42854890e-06  3.39131041e-06  3.35414542e-06
  3.31705392e-06  3.28003589e-06  3.24309131e-06  3.20622016e-06
  3.16942242e-06  3.13269807e-06  3.09604709e-06  3.05946947e-06
  3.02296517e-06  2.98653419e-06  2.95017651e-06  2.91389211e-06
  2.87768097e-06  2.84154307e-06  2.80547840e-06  2.76948694e-06
  2.73356867e-06  2.69772358e-06  2.66195164e-06  2.62625286e-06
  2.59062720e-06  2.55507465e-06  2.51959521e-06  2.48418885e-06
  2.44885555e-06  2.41359531e-06  2.37840811e-06  2.34329393e-06
  2.30825277e-06  2.27328461e-06  2.23838943e-06  2.20356722e-06
  2.16881797e-06  2.13414166e-06  2.09953829e-06  2.06500784e-06
  2.03055030e-06  1.99616566e-06  1.96185390e-06  1.92761502e-06
  1.89344899e-06  1.85935582e-06  1.82533549e-06  1.79138799e-06
  1.75751331e-06  1.72371144e-06  1.68998237e-06  1.65632608e-06
  1.62274257e-06  1.58923184e-06  1.55579386e-06  1.52242864e-06
  1.48913615e-06  1.45591640e-06  1.42276938e-06  1.38969507e-06
  1.35669347e-06  1.32376456e-06  1.29090835e-06  1.25812482e-06
  1.22541397e-06  1.19277579e-06  1.16021026e-06  1.12771740e-06
  1.09529717e-06  1.06294959e-06  1.03067464e-06  9.98472322e-07
  9.66342621e-07  9.34285535e-07  9.02301057e-07  8.70389181e-07
  8.38549902e-07  8.06783214e-07  7.75089111e-07  7.43467589e-07
  7.11918642e-07  6.80442265e-07  6.49038453e-07  6.17707201e-07
  5.86448506e-07  5.55262361e-07  5.24148764e-07  4.93107710e-07
  4.62139194e-07  4.31243213e-07  4.00419763e-07  3.69668841e-07
  3.38990442e-07  3.08384564e-07  2.77851203e-07  2.47390356e-07
  2.17002020e-07  1.86686192e-07  1.56442869e-07  1.26272048e-07
  9.61737281e-08  6.61479053e-08  3.61945778e-08  6.31374335e-09
 -2.34946002e-08 -5.32304547e-08 -8.28938221e-08 -1.12484704e-07
 -1.42003102e-07 -1.71449019e-07 -2.00822454e-07 -2.30123410e-07
 -2.59351887e-07 -2.88507888e-07 -3.17591412e-07 -3.46602461e-07
 -3.75541036e-07 -4.04407137e-07 -4.33200765e-07 -4.61921920e-07
 -4.90570603e-07 -5.19146814e-07 -5.47650553e-07 -5.76081821e-07
 -6.04440617e-07 -6.32726941e-07 -6.60940794e-07 -6.89082175e-07
 -7.17151083e-07 -7.45147518e-07 -7.73071480e-07 -8.00922969e-07
 -8.28701982e-07 -8.56408520e-07 -8.84042582e-07 -9.11604167e-07
 -9.39093274e-07 -9.66509901e-07 -9.93854047e-07 -1.02112571e-06
 -1.04832489e-06 -1.07545159e-06 -1.10250580e-06 -1.12948753e-06
 -1.15639676e-06 -1.18323351e-06 -1.20999776e-06 -1.23668951e-06
 -1.26330877e-06 -1.28985553e-06 -1.31632979e-06 -1.34273155e-06
 -1.36906080e-06 -1.39531755e-06 -1.42150179e-06 -1.44761351e-06
 -1.47365272e-06 -1.49961941e-06 -1.52551359e-06 -1.55133524e-06
 -1.57708436e-06 -1.60276096e-06 -1.62836503e-06 -1.65389656e-06
 -1.67935556e-06 -1.70474201e-06 -1.73005593e-06 -1.75529730e-06
 -1.78046612e-06 -1.80556238e-06 -1.83058609e-06 -1.85553725e-06
 -1.88041584e-06 -1.90522186e-06 -1.92995532e-06 -1.95461620e-06
 -1.97920451e-06 -2.00372023e-06 -2.02816337e-06 -2.05253393e-06
 -2.07683189e-06 -2.10105725e-06 -2.12521002e-06 -2.14929019e-06
 -2.17329774e-06 -2.19723269e-06 -2.22109502e-06 -2.24488473e-06
 -2.26860182e-06 -2.29224628e-06 -2.31581810e-06 -2.33931729e-06
 -2.36274384e-06 -2.38609775e-06 -2.40937900e-06 -2.43258760e-06
 -2.45572354e-06 -2.47878682e-06 -2.50177743e-06 -2.52469537e-06
 -2.54754064e-06 -2.57031322e-06 -2.59301311e-06 -2.61564032e-06
 -2.63819482e-06 -2.66067663e-06 -2.68308573e-06 -2.70542213e-06
 -2.72768580e-06 -2.74987676e-06 -2.77199499e-06 -2.79404049e-06
 -2.81601326e-06 -2.83791329e-06 -2.85974057e-06 -2.88149510e-06
 -2.90317687e-06 -2.92478589e-06 -2.94632214e-06 -2.96778562e-06
 -2.98917632e-06 -3.01049424e-06 -3.03173938e-06 -3.05291172e-06
 -3.07401127e-06 -3.09503801e-06 -3.11599195e-06 -3.13687307e-06
 -3.15768138e-06 -3.17841686e-06 -3.19907951e-06 -3.21966932e-06
 -3.24018630e-06 -3.26063043e-06 -3.28100171e-06 -3.30130013e-06
 -3.32152569e-06 -3.34167838e-06 -3.36175820e-06 -3.38176514e-06
 -3.40169919e-06 -3.42156036e-06 -3.44134863e-06 -3.46106399e-06
 -3.48070645e-06 -3.50027600e-06 -3.51977263e-06 -3.53919633e-06
 -3.55854710e-06 -3.57782494e-06 -3.59702984e-06 -3.61616179e-06
 -3.63522079e-06 -3.65420683e-06 -3.67311990e-06 -3.69196000e-06
 -3.71072713e-06 -3.72942128e-06 -3.74804244e-06 -3.76659060e-06
 -3.78506577e-06 -3.80346793e-06 -3.82179708e-06 -3.84005322e-06
 -3.85823633e-06 -3.87634642e-06 -3.89438347e-06 -3.91234748e-06
 -3.93023844e-06 -3.94805636e-06 -3.96580122e-06 -3.98347301e-06
 -4.00107173e-06 -4.01859738e-06 -4.03604995e-06 -4.05342944e-06
 -4.07073583e-06 -4.08796912e-06 -4.10512931e-06 -4.12221639e-06
 -4.13923035e-06 -4.15617119e-06 -4.17303890e-06 -4.18983349e-06
 -4.20655493e-06 -4.22320322e-06 -4.23977837e-06 -4.25628036e-06
 -4.27270919e-06 -4.28906484e-06 -4.30534733e-06 -4.32155663e-06
 -4.33769275e-06 -4.35375568e-06 -4.36974541e-06 -4.38566194e-06
 -4.40150526e-06 -4.41727536e-06 -4.43297225e-06 -4.44859590e-06
 -4.46414633e-06 -4.47962352e-06 -4.49502746e-06 -4.51035816e-06
 -4.52561560e-06 -4.54079978e-06 -4.55591069e-06 -4.57094833e-06
 -4.58591270e-06 -4.60080378e-06 -4.61562157e-06 -4.63036607e-06
 -4.64503727e-06 -4.65963516e-06 -4.67415974e-06 -4.68861100e-06
 -4.70298894e-06 -4.71729355e-06 -4.73152483e-06 -4.74568277e-06
 -4.75976736e-06 -4.77377860e-06 -4.78771649e-06 -4.80158101e-06
 -4.81537217e-06 -4.82908995e-06 -4.84273436e-06 -4.85630538e-06
 -4.86980302e-06 -4.88322726e-06 -4.89657810e-06 -4.90985553e-06
 -4.92305956e-06 -4.93619017e-06 -4.94924736e-06 -4.96223112e-06
 -4.97514145e-06 -4.98797834e-06 -5.00074179e-06 -5.01343179e-06
 -5.02604834e-06 -5.03859143e-06 -5.05106105e-06 -5.06345721e-06
 -5.07577990e-06 -5.08802910e-06 -5.10020482e-06 -5.11230706e-06
 -5.12433580e-06 -5.13629103e-06 -5.14817277e-06 -5.15998099e-06
 -5.17171571e-06 -5.18337690e-06 -5.19496456e-06 -5.20647870e-06
 -5.21791930e-06 -5.22928637e-06 -5.24057989e-06 -5.25179986e-06
 -5.26294628e-06 -5.27401914e-06 -5.28501843e-06 -5.29594416e-06
 -5.30679631e-06 -5.31757489e-06 -5.32827988e-06 -5.33891129e-06
 -5.34946910e-06 -5.35995332e-06 -5.37036394e-06 -5.38070095e-06
 -5.39096435e-06 -5.40115414e-06 -5.41127031e-06 -5.42131285e-06
 -5.43128177e-06 -5.44117705e-06 -5.45099869e-06 -5.46074670e-06
 -5.47042105e-06 -5.48002176e-06 -5.48954881e-06 -5.49900221e-06
 -5.50838194e-06 -5.51768800e-06 -5.52692039e-06 -5.53607911e-06
 -5.54516414e-06 -5.55417550e-06 -5.56311316e-06 -5.57197713e-06
 -5.58076740e-06 -5.58948398e-06 -5.59812684e-06 -5.60669600e-06
 -5.61519145e-06 -5.62361318e-06 -5.63196119e-06 -5.64023548e-06
 -5.64843604e-06 -5.65656287e-06 -5.66461596e-06 -5.67259531e-06
 -5.68050092e-06 -5.68833278e-06 -5.69609089e-06 -5.70377525e-06
 -5.71138584e-06 -5.71892268e-06 -5.72638575e-06 -5.73377506e-06
 -5.74109059e-06 -5.74833234e-06 -5.75550032e-06 -5.76259452e-06
 -5.76961493e-06 -5.77656154e-06 -5.78343437e-06 -5.79023340e-06
 -5.79695864e-06 -5.80361007e-06 -5.81018769e-06 -5.81669151e-06
 -5.82312151e-06 -5.82947770e-06 -5.83576007e-06 -5.84196862e-06
 -5.84810335e-06 -5.85416425e-06 -5.86015132e-06 -5.86606455e-06
 -5.87190395e-06 -5.87766951e-06 -5.88336123e-06 -5.88897911e-06
 -5.89452314e-06 -5.89999332e-06 -5.90538964e-06 -5.91071211e-06
 -5.91596073e-06 -5.92113548e-06 -5.92623637e-06 -5.93126339e-06
 -5.93621655e-06 -5.94109583e-06 -5.94590124e-06 -5.95063278e-06
 -5.95529044e-06 -5.95987422e-06 -5.96438411e-06 -5.96882012e-06
 -5.97318224e-06 -5.97747048e-06 -5.98168482e-06 -5.98582527e-06
 -5.98989182e-06 -5.99388448e-06 -5.99780323e-06 -6.00164809e-06
 -6.00541903e-06 -6.00911608e-06 -6.01273921e-06 -6.01628844e-06
 -6.01976375e-06 -6.02316515e-06 -6.02649264e-06 -6.02974621e-06
 -6.03292586e-06 -6.03603158e-06 -6.03906339e-06 -6.04202128e-06
 -6.04490523e-06 -6.04771526e-06 -6.05045137e-06 -6.05311354e-06
 -6.05570178e-06 -6.05821609e-06 -6.06065647e-06 -6.06302291e-06
 -6.06531541e-06 -6.06753397e-06 -6.06967860e-06 -6.07174929e-06
 -6.07374603e-06 -6.07566883e-06 -6.07751769e-06 -6.07929260e-06
 -6.08099356e-06 -6.08262058e-06 -6.08417365e-06 -6.08565278e-06
 -6.08705795e-06 -6.08838917e-06 -6.08964644e-06 -6.09082976e-06
 -6.09193912e-06 -6.09297453e-06 -6.09393599e-06 -6.09482349e-06
 -6.09563703e-06 -6.09637662e-06 -6.09704225e-06 -6.09763393e-06
 -6.09815165e-06 -6.09859540e-06 -6.09896520e-06 -6.09926104e-06
 -6.09948292e-06 -6.09963084e-06 -6.09970480e-06 -6.09970480e-06]