[9.99678138e-05 9.96937511e-05 9.94314931e-05 9.91785602e-05
 9.89333352e-05 9.86946848e-05 9.84617722e-05 9.82339551e-05
 9.80107247e-05 9.77916686e-05 9.75764451e-05 9.73647668e-05
 9.71563886e-05 9.69510985e-05 9.67487118e-05 9.65490657e-05
 9.63520158e-05 9.61574332e-05 9.59652018e-05 9.57752166e-05
 9.55873824e-05 9.54016120e-05 9.52178257e-05 9.50359501e-05
 9.48559174e-05 9.46776647e-05 9.45011337e-05 9.43262700e-05
 9.41530228e-05 9.39813446e-05 9.38111908e-05 9.36425194e-05
 9.34752909e-05 9.33094679e-05 9.31450153e-05 9.29818996e-05
 9.28200891e-05 9.26595538e-05 9.25002651e-05 9.23421956e-05
 9.21853195e-05 9.20296119e-05 9.18750491e-05 9.17216084e-05
 9.15692682e-05 9.14180076e-05 9.12678067e-05 9.11186462e-05
 9.09705078e-05 9.08233736e-05 9.06772267e-05 9.05320506e-05
 9.03878295e-05 9.02445479e-05 9.01021913e-05 8.99607452e-05
 8.98201960e-05 8.96805303e-05 8.95417352e-05 8.94037981e-05
 8.92667071e-05 8.91304502e-05 8.89950163e-05 8.88603942e-05
 8.87265731e-05 8.85935428e-05 8.84612931e-05 8.83298141e-05
 8.81990963e-05 8.80691303e-05 8.79399072e-05 8.78114182e-05
 8.76836545e-05 8.75566080e-05 8.74302703e-05 8.73046337e-05
 8.71796903e-05 8.70554325e-05 8.69318531e-05 8.68089447e-05
 8.66867004e-05 8.65651132e-05 8.64441766e-05 8.63238838e-05
 8.62042286e-05 8.60852046e-05 8.59668057e-05 8.58490258e-05
 8.57318592e-05 8.56153001e-05 8.54993428e-05 8.53839818e-05
 8.52692118e-05 8.51550274e-05 8.50414235e-05 8.49283950e-05
 8.48159368e-05 8.47040442e-05 8.45927123e-05 8.44819365e-05
 8.43717121e-05 8.42620346e-05 8.41528996e-05 8.40443027e-05
 8.39362396e-05 8.38287062e-05 8.37216983e-05 8.36152119e-05
 8.35092429e-05 8.34037875e-05 8.32988419e-05 8.31944022e-05
 8.30904647e-05 8.29870258e-05 8.28840820e-05 8.27816296e-05
 8.26796652e-05 8.25781854e-05 8.24771868e-05 8.23766661e-05
 8.22766201e-05 8.21770456e-05 8.20779393e-05 8.19792983e-05
 8.18811194e-05 8.17833996e-05 8.16861360e-05 8.15893257e-05
 8.14929658e-05 8.13970534e-05 8.13015857e-05 8.12065601e-05
 8.11119738e-05 8.10178241e-05 8.09241084e-05 8.08308240e-05
 8.07379686e-05 8.06455395e-05 8.05535342e-05 8.04619502e-05
 8.03707853e-05 8.02800369e-05 8.01897028e-05 8.00997805e-05
 8.00102679e-05 7.99211626e-05 7.98324625e-05 7.97441653e-05
 7.96562688e-05 7.95687710e-05 7.94816697e-05 7.93949627e-05
 7.93086481e-05 7.92227239e-05 7.91371879e-05 7.90520383e-05
 7.89672730e-05 7.88828902e-05 7.87988878e-05 7.87152641e-05
 7.86320172e-05 7.85491452e-05 7.84666463e-05 7.83845187e-05
 7.83027606e-05 7.82213704e-05 7.81403461e-05 7.80596862e-05
 7.79793889e-05 7.78994526e-05 7.78198756e-05 7.77406563e-05
 7.76617931e-05 7.75832843e-05 7.75051284e-05 7.74273238e-05
 7.73498690e-05 7.72727624e-05 7.71960026e-05 7.71195880e-05
 7.70435172e-05 7.69677887e-05 7.68924011e-05 7.68173529e-05
 7.67426427e-05 7.66682692e-05 7.65942309e-05 7.65205265e-05
 7.64471546e-05 7.63741140e-05 7.63014032e-05 7.62290209e-05
 7.61569659e-05 7.60852369e-05 7.60138326e-05 7.59427517e-05
 7.58719930e-05 7.58015553e-05 7.57314374e-05 7.56616381e-05
 7.55921560e-05 7.55229902e-05 7.54541394e-05 7.53856024e-05
 7.53173782e-05 7.52494655e-05 7.51818633e-05 7.51145704e-05
 7.50475858e-05 7.49809083e-05 7.49145368e-05 7.48484704e-05
 7.47827079e-05 7.47172484e-05 7.46520907e-05 7.45872338e-05
 7.45226767e-05 7.44584184e-05 7.43944580e-05 7.43307944e-05
 7.42674266e-05 7.42043537e-05 7.41415747e-05 7.40790886e-05
 7.40168946e-05 7.39549916e-05 7.38933789e-05 7.38320553e-05
 7.37710201e-05 7.37102724e-05 7.36498111e-05 7.35896356e-05
 7.35297448e-05 7.34701380e-05 7.34108142e-05 7.33517726e-05
 7.32930124e-05 7.32345327e-05 7.31763328e-05 7.31184117e-05
 7.30607687e-05 7.30034030e-05 7.29463137e-05 7.28895001e-05
 7.28329614e-05 7.27766968e-05 7.27207056e-05 7.26649870e-05
 7.26095402e-05 7.25543644e-05 7.24994590e-05 7.24448232e-05
 7.23904563e-05 7.23363575e-05 7.22825262e-05 7.22289615e-05
 7.21756629e-05 7.21226296e-05 7.20698609e-05 7.20173562e-05
 7.19651147e-05 7.19131358e-05 7.18614188e-05 7.18099631e-05
 7.17587679e-05 7.17078327e-05 7.16571568e-05 7.16067396e-05
 7.15565804e-05 7.15066785e-05 7.14570335e-05 7.14076446e-05
 7.13585112e-05 7.13096328e-05 7.12610087e-05 7.12126383e-05
 7.11645210e-05 7.11166563e-05 7.10690436e-05 7.10216823e-05
 7.09745717e-05 7.09277115e-05 7.08811009e-05 7.08347395e-05
 7.07886266e-05 7.07427617e-05 7.06971444e-05 7.06517740e-05
 7.06066500e-05 7.05617718e-05 7.05171391e-05 7.04727511e-05
 7.04286075e-05 7.03847077e-05 7.03410512e-05 7.02976374e-05
 7.02544660e-05 7.02115364e-05 7.01688480e-05 7.01264005e-05
 7.00841933e-05 7.00422260e-05 7.00004980e-05 6.99590090e-05
 6.99177584e-05 6.98767458e-05 6.98359707e-05 6.97954327e-05
 6.97551313e-05 6.97150660e-05 6.96752365e-05 6.96356423e-05
 6.95962829e-05 6.95571580e-05 6.95182670e-05 6.94796096e-05
 6.94411853e-05 6.94029938e-05 6.93650345e-05 6.93273072e-05
 6.92898113e-05 6.92525466e-05 6.92155125e-05 6.91787087e-05
 6.91421348e-05 6.91057904e-05 6.90696752e-05 6.90337886e-05
 6.89981304e-05 6.89627003e-05 6.89274977e-05 6.88925223e-05
 6.88577738e-05 6.88232518e-05 6.87889560e-05 6.87548859e-05
 6.87210413e-05 6.86874218e-05 6.86540269e-05 6.86208565e-05
 6.85879101e-05 6.85551874e-05 6.85226881e-05 6.84904118e-05
 6.84583583e-05 6.84265271e-05 6.83949179e-05 6.83635305e-05
 6.83323645e-05 6.83014196e-05 6.82706955e-05 6.82401918e-05
 6.82099083e-05 6.81798447e-05 6.81500007e-05 6.81203759e-05
 6.80909700e-05 6.80617829e-05 6.80328141e-05 6.80040634e-05
 6.79755305e-05 6.79472152e-05 6.79191171e-05 6.78912359e-05
 6.78635715e-05 6.78361235e-05 6.78088916e-05 6.77818756e-05
 6.77550752e-05 6.77284902e-05 6.77021203e-05 6.76759652e-05
 6.76500248e-05 6.76242986e-05 6.75987865e-05 6.75734883e-05
 6.75484037e-05 6.75235324e-05 6.74988742e-05 6.74744290e-05
 6.74501963e-05 6.74261761e-05 6.74023680e-05 6.73787719e-05
 6.73553875e-05 6.73322146e-05 6.73092530e-05 6.72865025e-05
 6.72639628e-05 6.72416337e-05 6.72195151e-05 6.71976067e-05
 6.71759083e-05 6.71544196e-05 6.71331406e-05 6.71120710e-05
 6.70912106e-05 6.70705592e-05 6.70501166e-05 6.70298826e-05
 6.70098570e-05 6.69900397e-05 6.69704305e-05 6.69510291e-05
 6.69318355e-05 6.69128493e-05 6.68940705e-05 6.68754988e-05
 6.68571342e-05 6.68389764e-05 6.68210252e-05 6.68032805e-05
 6.67857422e-05 6.67684100e-05 6.67512838e-05 6.67343635e-05
 6.67176488e-05 6.67011397e-05 6.66848360e-05 6.66687376e-05
 6.66528442e-05 6.66371558e-05 6.66216722e-05 6.66063932e-05
 6.65913188e-05 6.65764488e-05 6.65617830e-05 6.65473213e-05
 6.65330636e-05 6.65190098e-05 6.65051597e-05 6.64915132e-05
 6.64780702e-05 6.64648305e-05 6.64517941e-05 6.64389608e-05
 6.64263306e-05 6.64139032e-05 6.64016786e-05 6.63896566e-05
 6.63778373e-05 6.63662203e-05 6.63548058e-05 6.63435935e-05
 6.63325833e-05 6.63217752e-05 6.63111690e-05 6.63007647e-05
 6.62905622e-05 6.62805613e-05 6.62707620e-05 6.62611642e-05
 6.62517679e-05 6.62425728e-05 6.62335790e-05 6.62247864e-05
 6.62161948e-05 6.62078043e-05 6.61996147e-05 6.61916260e-05
 6.61838380e-05 6.61762508e-05 6.61688643e-05 6.61616783e-05
 6.61546928e-05 6.61479079e-05 6.61413233e-05 6.61349391e-05
 6.61287551e-05 6.61227714e-05 6.61169879e-05 6.61114045e-05
 6.61060212e-05 6.61008379e-05 6.60958546e-05 6.60910713e-05
 6.60864878e-05 6.60821043e-05 6.60779205e-05 6.60739365e-05
 6.60701523e-05 6.60665678e-05 6.60631830e-05 6.60599978e-05
 6.60570123e-05 6.60542263e-05 6.60516400e-05 6.60492532e-05
 6.60470659e-05 6.60450781e-05 6.60432899e-05 6.60417011e-05
 6.60403118e-05 6.60391219e-05 6.60381315e-05 6.60373405e-05
 6.60367490e-05 6.60363569e-05 6.60361642e-05 6.60361642e-05]