[1.01447657e-04 1.01290466e-04 1.01137449e-04 1.00988181e-04
 1.00842308e-04 1.00699532e-04 1.00559598e-04 1.00422288e-04
 1.00287413e-04 1.00154807e-04 1.00024325e-04 9.98958370e-05
 9.97692292e-05 9.96443987e-05 9.95212529e-05 9.93997084e-05
 9.92796894e-05 9.91611268e-05 9.90439573e-05 9.89281232e-05
 9.88135710e-05 9.87002516e-05 9.85881194e-05 9.84771321e-05
 9.83672505e-05 9.82584377e-05 9.81506597e-05 9.80438842e-05
 9.79380813e-05 9.78332226e-05 9.77292816e-05 9.76262330e-05
 9.75240532e-05 9.74227198e-05 9.73222115e-05 9.72225082e-05
 9.71235907e-05 9.70254407e-05 9.69280411e-05 9.68313752e-05
 9.67354273e-05 9.66401824e-05 9.65456260e-05 9.64517444e-05
 9.63585243e-05 9.62659532e-05 9.61740188e-05 9.60827096e-05
 9.59920143e-05 9.59019222e-05 9.58124228e-05 9.57235061e-05
 9.56351627e-05 9.55473831e-05 9.54601583e-05 9.53734798e-05
 9.52873392e-05 9.52017284e-05 9.51166395e-05 9.50320650e-05
 9.49479976e-05 9.48644301e-05 9.47813557e-05 9.46987676e-05
 9.46166595e-05 9.45350249e-05 9.44538579e-05 9.43731524e-05
 9.42929028e-05 9.42131033e-05 9.41337486e-05 9.40548333e-05
 9.39763523e-05 9.38983005e-05 9.38206730e-05 9.37434651e-05
 9.36666721e-05 9.35902895e-05 9.35143128e-05 9.34387377e-05
 9.33635600e-05 9.32887756e-05 9.32143805e-05 9.31403707e-05
 9.30667424e-05 9.29934919e-05 9.29206154e-05 9.28481095e-05
 9.27759706e-05 9.27041952e-05 9.26327801e-05 9.25617219e-05
 9.24910174e-05 9.24206635e-05 9.23506571e-05 9.22809952e-05
 9.22116748e-05 9.21426929e-05 9.20740469e-05 9.20057338e-05
 9.19377510e-05 9.18700958e-05 9.18027655e-05 9.17357575e-05
 9.16690694e-05 9.16026986e-05 9.15366427e-05 9.14708994e-05
 9.14054662e-05 9.13403408e-05 9.12755210e-05 9.12110045e-05
 9.11467893e-05 9.10828730e-05 9.10192536e-05 9.09559290e-05
 9.08928972e-05 9.08301561e-05 9.07677038e-05 9.07055384e-05
 9.06436579e-05 9.05820604e-05 9.05207440e-05 9.04597071e-05
 9.03989477e-05 9.03384642e-05 9.02782547e-05 9.02183175e-05
 9.01586511e-05 9.00992536e-05 9.00401235e-05 8.99812592e-05
 8.99226591e-05 8.98643216e-05 8.98062451e-05 8.97484283e-05
 8.96908695e-05 8.96335673e-05 8.95765203e-05 8.95197270e-05
 8.94631860e-05 8.94068959e-05 8.93508553e-05 8.92950629e-05
 8.92395174e-05 8.91842174e-05 8.91291617e-05 8.90743489e-05
 8.90197779e-05 8.89654472e-05 8.89113558e-05 8.88575024e-05
 8.88038859e-05 8.87505049e-05 8.86973584e-05 8.86444452e-05
 8.85917642e-05 8.85393142e-05 8.84870942e-05 8.84351030e-05
 8.83833396e-05 8.83318029e-05 8.82804918e-05 8.82294054e-05
 8.81785425e-05 8.81279021e-05 8.80774834e-05 8.80272852e-05
 8.79773065e-05 8.79275465e-05 8.78780042e-05 8.78286785e-05
 8.77795687e-05 8.77306737e-05 8.76819926e-05 8.76335247e-05
 8.75852688e-05 8.75372242e-05 8.74893901e-05 8.74417654e-05
 8.73943495e-05 8.73471414e-05 8.73001404e-05 8.72533455e-05
 8.72067560e-05 8.71603711e-05 8.71141899e-05 8.70682118e-05
 8.70224358e-05 8.69768613e-05 8.69314875e-05 8.68863137e-05
 8.68413390e-05 8.67965627e-05 8.67519842e-05 8.67076026e-05
 8.66634174e-05 8.66194277e-05 8.65756329e-05 8.65320322e-05
 8.64886251e-05 8.64454108e-05 8.64023886e-05 8.63595579e-05
 8.63169181e-05 8.62744684e-05 8.62322083e-05 8.61901370e-05
 8.61482540e-05 8.61065587e-05 8.60650504e-05 8.60237285e-05
 8.59825924e-05 8.59416415e-05 8.59008753e-05 8.58602930e-05
 8.58198942e-05 8.57796783e-05 8.57396446e-05 8.56997927e-05
 8.56601220e-05 8.56206318e-05 8.55813218e-05 8.55421912e-05
 8.55032397e-05 8.54644666e-05 8.54258714e-05 8.53874536e-05
 8.53492128e-05 8.53111482e-05 8.52732596e-05 8.52355463e-05
 8.51980078e-05 8.51606437e-05 8.51234535e-05 8.50864367e-05
 8.50495928e-05 8.50129213e-05 8.49764217e-05 8.49400937e-05
 8.49039367e-05 8.48679503e-05 8.48321339e-05 8.47964873e-05
 8.47610098e-05 8.47257012e-05 8.46905609e-05 8.46555884e-05
 8.46207835e-05 8.45861456e-05 8.45516743e-05 8.45173692e-05
 8.44832299e-05 8.44492560e-05 8.44154471e-05 8.43818027e-05
 8.43483225e-05 8.43150061e-05 8.42818530e-05 8.42488630e-05
 8.42160355e-05 8.41833702e-05 8.41508668e-05 8.41185248e-05
 8.40863440e-05 8.40543238e-05 8.40224640e-05 8.39907642e-05
 8.39592240e-05 8.39278430e-05 8.38966210e-05 8.38655576e-05
 8.38346523e-05 8.38039050e-05 8.37733151e-05 8.37428825e-05
 8.37126067e-05 8.36824875e-05 8.36525244e-05 8.36227172e-05
 8.35930655e-05 8.35635691e-05 8.35342276e-05 8.35050406e-05
 8.34760079e-05 8.34471292e-05 8.34184041e-05 8.33898324e-05
 8.33614137e-05 8.33331478e-05 8.33050343e-05 8.32770729e-05
 8.32492634e-05 8.32216055e-05 8.31940989e-05 8.31667432e-05
 8.31395383e-05 8.31124838e-05 8.30855795e-05 8.30588250e-05
 8.30322202e-05 8.30057647e-05 8.29794582e-05 8.29533006e-05
 8.29272915e-05 8.29014306e-05 8.28757178e-05 8.28501527e-05
 8.28247352e-05 8.27994649e-05 8.27743416e-05 8.27493650e-05
 8.27245350e-05 8.26998512e-05 8.26753134e-05 8.26509214e-05
 8.26266750e-05 8.26025738e-05 8.25786178e-05 8.25548065e-05
 8.25311399e-05 8.25076177e-05 8.24842396e-05 8.24610055e-05
 8.24379150e-05 8.24149681e-05 8.23921644e-05 8.23695038e-05
 8.23469860e-05 8.23246108e-05 8.23023781e-05 8.22802876e-05
 8.22583390e-05 8.22365323e-05 8.22148672e-05 8.21933434e-05
 8.21719609e-05 8.21507193e-05 8.21296185e-05 8.21086584e-05
 8.20878386e-05 8.20671591e-05 8.20466196e-05 8.20262199e-05
 8.20059599e-05 8.19858394e-05 8.19658581e-05 8.19460160e-05
 8.19263127e-05 8.19067483e-05 8.18873224e-05 8.18680349e-05
 8.18488856e-05 8.18298744e-05 8.18110011e-05 8.17922655e-05
 8.17736674e-05 8.17552067e-05 8.17368833e-05 8.17186969e-05
 8.17006474e-05 8.16827346e-05 8.16649584e-05 8.16473187e-05
 8.16298152e-05 8.16124478e-05 8.15952164e-05 8.15781209e-05
 8.15611609e-05 8.15443365e-05 8.15276475e-05 8.15110937e-05
 8.14946750e-05 8.14783913e-05 8.14622423e-05 8.14462280e-05
 8.14303483e-05 8.14146029e-05 8.13989918e-05 8.13835148e-05
 8.13681718e-05 8.13529626e-05 8.13378872e-05 8.13229454e-05
 8.13081371e-05 8.12934621e-05 8.12789204e-05 8.12645118e-05
 8.12502361e-05 8.12360933e-05 8.12220833e-05 8.12082059e-05
 8.11944610e-05 8.11808484e-05 8.11673682e-05 8.11540202e-05
 8.11408042e-05 8.11277201e-05 8.11147679e-05 8.11019474e-05
 8.10892586e-05 8.10767013e-05 8.10642754e-05 8.10519808e-05
 8.10398174e-05 8.10277851e-05 8.10158839e-05 8.10041135e-05
 8.09924740e-05 8.09809652e-05 8.09695871e-05 8.09583395e-05
 8.09472223e-05 8.09362355e-05 8.09253789e-05 8.09146526e-05
 8.09040563e-05 8.08935900e-05 8.08832536e-05 8.08730471e-05
 8.08629703e-05 8.08530232e-05 8.08432057e-05 8.08335177e-05
 8.08239592e-05 8.08145300e-05 8.08052301e-05 8.07960593e-05
 8.07870177e-05 8.07781052e-05 8.07693217e-05 8.07606671e-05
 8.07521413e-05 8.07437443e-05 8.07354760e-05 8.07273364e-05
 8.07193253e-05 8.07114428e-05 8.07036887e-05 8.06960630e-05
 8.06885657e-05 8.06811966e-05 8.06739558e-05 8.06668431e-05
 8.06598585e-05 8.06530019e-05 8.06462733e-05 8.06396727e-05
 8.06332000e-05 8.06268551e-05 8.06206380e-05 8.06145486e-05
 8.06085869e-05 8.06027528e-05 8.05970464e-05 8.05914675e-05
 8.05860161e-05 8.05806921e-05 8.05754956e-05 8.05704265e-05
 8.05654847e-05 8.05606702e-05 8.05559829e-05 8.05514229e-05
 8.05469901e-05 8.05426845e-05 8.05385059e-05 8.05344545e-05
 8.05305301e-05 8.05267328e-05 8.05230624e-05 8.05195190e-05
 8.05161026e-05 8.05128130e-05 8.05096504e-05 8.05066146e-05
 8.05037057e-05 8.05009236e-05 8.04982682e-05 8.04957397e-05
 8.04933379e-05 8.04910629e-05 8.04889145e-05 8.04868929e-05
 8.04849980e-05 8.04832297e-05 8.04815881e-05 8.04800731e-05
 8.04786848e-05 8.04774231e-05 8.04762880e-05 8.04752795e-05
 8.04743976e-05 8.04736423e-05 8.04730136e-05 8.04725115e-05
 8.04721359e-05 8.04718870e-05 8.04717645e-05 8.04717645e-05]