[ 9.91275821e-05  9.75173681e-05  9.60442229e-05  9.46577885e-05
  9.33325294e-05  9.20589767e-05  9.08279157e-05  8.96329365e-05
  8.84696401e-05  8.73335506e-05  8.62229098e-05  8.51278740e-05
  8.40605032e-05  8.30139534e-05  8.19849909e-05  8.09733656e-05
  7.99772564e-05  7.89959481e-05  7.80293266e-05  7.70760264e-05
  7.61359167e-05  7.52083428e-05  7.42928725e-05  7.33911820e-05
  7.24986453e-05  7.16145187e-05  7.07412981e-05  6.98784964e-05
  6.90216027e-05  6.81751572e-05  6.73381907e-05  6.65101780e-05
  6.56909573e-05  6.48824130e-05  6.40845050e-05  6.32878163e-05
  6.24970081e-05  6.17110771e-05  6.09364353e-05  6.01689927e-05
  5.94085066e-05  5.86548671e-05  5.82081827e-05  5.74735950e-05
  5.67456827e-05  5.60248959e-05  5.53095564e-05  5.45952474e-05
  5.38901969e-05  5.31919713e-05  5.24979559e-05  5.18103334e-05
  5.11284896e-05  5.04522710e-05  4.97815969e-05  4.91164558e-05
  4.84571321e-05  4.78014941e-05  4.71507820e-05  4.65058263e-05
  4.58666141e-05  4.52270152e-05  4.45959256e-05  4.39700249e-05
  4.33490510e-05  4.27328916e-05  4.21214718e-05  4.15147335e-05
  4.09126282e-05  4.03151155e-05  3.97221615e-05  3.91292590e-05
  3.85410086e-05  3.79577101e-05  3.73861721e-05  3.68088433e-05
  3.62366749e-05  3.56690254e-05  3.51057405e-05  3.45467636e-05
  3.39921026e-05  3.34419604e-05  3.28577880e-05  3.23142885e-05
  3.17752719e-05  3.12406843e-05  3.07129484e-05  3.01844563e-05
  2.96605976e-05  2.91408432e-05  2.86250700e-05  2.81132216e-05
  2.76052663e-05  2.71011878e-05  2.66009899e-05  2.61047224e-05
  2.56126315e-05  2.51314265e-05  2.46448134e-05  2.41625269e-05
  2.36843220e-05  2.32102028e-05  2.27828187e-05  2.23148296e-05
  2.18508196e-05  2.13905360e-05  2.09339023e-05  2.04808777e-05
  2.00314341e-05  1.95855491e-05  1.91432031e-05  1.87043783e-05
  1.82690571e-05  1.78372207e-05  1.74088396e-05  1.69840462e-05
  1.65627298e-05  1.61448693e-05  1.57304491e-05  1.53194542e-05
  1.49118686e-05  1.45076663e-05  1.41070414e-05  1.37097626e-05
  1.33158892e-05  1.29254045e-05  1.25382965e-05  1.21545537e-05
  1.17741595e-05  1.13970336e-05  1.10234156e-05  1.06532833e-05
  1.02867565e-05  9.92459119e-06  9.56054982e-06  9.20244060e-06
  8.84800976e-06  8.49703001e-06  8.14942660e-06  7.80513248e-06
  7.46441313e-06  7.12719513e-06  6.79378782e-06  6.47561156e-06
  6.14643709e-06  5.82119567e-06  5.49942160e-06  5.18100762e-06
  4.86592255e-06  4.55419630e-06  4.24639498e-06  3.94050906e-06
  3.63810231e-06  3.33897793e-06  3.04309476e-06  2.75043485e-06
  2.46098746e-06  2.17474493e-06  1.89170117e-06  1.61185100e-06
  1.33518978e-06  1.06171318e-06  7.91416979e-07  5.24296848e-07
  2.60347812e-07 -4.37552936e-10 -2.58086848e-07 -5.12536527e-07
 -7.63807967e-07 -1.01190726e-06 -1.25683773e-06 -1.49860148e-06
 -1.73719962e-06 -1.97263203e-06 -2.20489669e-06 -2.43398786e-06
 -2.65989091e-06 -2.88256115e-06 -3.10174134e-06 -3.31940634e-06
 -3.53313879e-06 -3.74361108e-06 -3.95089310e-06 -4.15500628e-06
 -4.35595941e-06 -4.55375617e-06 -4.74839726e-06 -4.93988110e-06
 -5.12820381e-06 -5.31335804e-06 -5.49533200e-06 -5.67410652e-06
 -5.84964887e-06 -6.02189848e-06 -6.19072603e-06 -6.35577425e-06
 -6.51519684e-06 -6.68717029e-06 -6.84718887e-06 -7.00306346e-06
 -7.15537998e-06 -7.30435549e-06 -7.45007978e-06 -7.59259964e-06
 -7.73194271e-06 -7.86812675e-06 -8.00116389e-06 -8.13106275e-06
 -8.25782970e-06 -8.38146948e-06 -8.50198572e-06 -8.61938116e-06
 -8.73365788e-06 -8.84481734e-06 -8.95286056e-06 -9.05778807e-06
 -9.15960000e-06 -9.25829604e-06 -9.35387542e-06 -9.44633694e-06
 -9.53567882e-06 -9.62189869e-06 -9.70499347e-06 -9.78495919e-06
 -9.86179083e-06 -9.93548201e-06 -1.00060246e-05 -1.00734084e-05
 -1.01376198e-05 -1.01986414e-05 -1.02564498e-05 -1.03110129e-05
 -1.03622857e-05 -1.04102020e-05 -1.04546600e-05 -1.04954915e-05
 -1.05323900e-05 -1.05647052e-05 -1.05906305e-05 -1.06005470e-05
 -1.06794296e-05 -1.07169554e-05 -1.07463843e-05 -1.07707935e-05
 -1.07911225e-05 -1.08077860e-05 -1.08210092e-05 -1.08309334e-05
 -1.08376593e-05 -1.08376593e-05]