[ 3.36734817e-05  3.31141161e-05  3.25989440e-05  3.21115482e-05
  3.16446779e-05  3.11942589e-05  3.07577443e-05  3.03334977e-05
  2.99207979e-05  2.95260629e-05  2.91735458e-05  2.87733409e-05
  2.83952432e-05  2.80252531e-05  2.76277677e-05  2.72620943e-05
  2.69036851e-05  2.65472660e-05  2.61942756e-05  2.58371153e-05
  2.54982498e-05  2.51779287e-05  2.48447962e-05  2.45241054e-05
  2.41949120e-05  2.38732197e-05  2.35556033e-05  2.32405297e-05
  2.29220259e-05  2.26138302e-05  2.23087717e-05  2.20098753e-05
  2.17083611e-05  2.14122775e-05  2.11196512e-05  2.08271124e-05
  2.05387359e-05  2.02543365e-05  1.99658674e-05  1.96872019e-05
  1.94111546e-05  1.91656034e-05  1.88904959e-05  1.86193101e-05
  1.83519419e-05  1.80859576e-05  1.78193666e-05  1.75566227e-05
  1.72966401e-05  1.70392339e-05  1.67844212e-05  1.65325408e-05
  1.62880546e-05  1.60371800e-05  1.58031773e-05  1.55564182e-05
  1.53124840e-05  1.50709344e-05  1.48316883e-05  1.45949132e-05
  1.43650478e-05  1.41307054e-05  1.38990919e-05  1.36699543e-05
  1.34436183e-05  1.32221517e-05  1.29927575e-05  1.26759453e-05
  1.24502499e-05  1.22285779e-05  1.20106497e-05  1.17894828e-05
  1.15709362e-05  1.13556856e-05  1.11437897e-05  1.09275413e-05
  1.07161703e-05  1.05069735e-05  1.02996416e-05  1.00940695e-05
  9.89020883e-06  9.68804485e-06  9.48759426e-06  9.28896305e-06
  9.09272297e-06  8.89066286e-06  8.69520330e-06  8.50172353e-06
  8.30993935e-06  8.11976885e-06  7.93118446e-06  7.74418017e-06
  7.55877539e-06  7.37501951e-06  7.19304847e-06  7.01328616e-06
  6.83967310e-06  6.65780031e-06  6.47978944e-06  6.30474139e-06
  6.12616055e-06  5.95199803e-06  5.77994628e-06  5.61013532e-06
  5.44611261e-06  5.27476019e-06  5.10678442e-06  4.94081625e-06
  4.77673863e-06  4.61500216e-06  4.47454633e-06  4.31189443e-06
  4.15175198e-06  3.99335727e-06  3.83654393e-06  3.68127533e-06
  3.52760364e-06  3.37580282e-06  3.22865590e-06  3.07587859e-06
  2.92594740e-06  2.77770692e-06  2.63095067e-06  2.48560478e-06
  2.34163524e-06  2.19902525e-06  2.05776783e-06  1.91786346e-06
  1.77932013e-06  1.64215583e-06  1.50640391e-06  1.37212586e-06
  1.23945843e-06  1.10873677e-06  9.81329038e-07  6.61556149e-07
  5.28153302e-07  3.97914165e-07  2.69589555e-07  1.42869095e-07
  1.76400178e-08 -1.06138089e-07 -2.28464271e-07 -3.49298359e-07
 -4.68537414e-07 -5.85937558e-07 -7.00742564e-07 -8.06895041e-07
 -9.27608778e-07 -1.02189504e-06 -1.13902131e-06 -1.25332774e-06
 -1.36580014e-06 -1.47669402e-06 -1.58611740e-06 -1.69411505e-06
 -1.80069107e-06 -1.90581455e-06 -2.00939167e-06 -2.11117618e-06
 -2.21031883e-06 -2.29902931e-06 -2.40518350e-06 -2.50648255e-06
 -2.60564223e-06 -2.70316934e-06 -2.79924218e-06 -2.89393465e-06
 -2.98726158e-06 -3.07914353e-06 -3.16872232e-06 -3.25979753e-06
 -3.34891737e-06 -3.43667726e-06 -3.52317819e-06 -3.60862270e-06
 -3.69286193e-06 -3.77590904e-06 -3.85777279e-06 -3.93845967e-06
 -4.01797472e-06 -4.09632206e-06 -4.17350514e-06 -4.24952688e-06
 -4.32438985e-06 -4.39809629e-06 -4.47064820e-06 -4.54204739e-06
 -4.61229547e-06 -4.68139392e-06 -4.74934409e-06 -4.81614720e-06
 -4.88180438e-06 -4.94631668e-06 -5.00968504e-06 -5.07191035e-06
 -5.13299342e-06 -5.19293499e-06 -5.25173574e-06 -5.30939632e-06
 -5.36591727e-06 -5.42129914e-06 -5.47554240e-06 -5.52864747e-06
 -5.58061476e-06 -5.63144464e-06 -5.68113750e-06 -5.72969419e-06
 -5.77711530e-06 -5.82340201e-06 -5.86855778e-06 -5.91261359e-06
 -5.95545959e-06 -5.99716692e-06 -6.03773874e-06 -6.07717356e-06
 -6.11547066e-06 -6.15262949e-06 -6.18864953e-06 -6.22353025e-06
 -6.25727107e-06 -6.28987139e-06 -6.32133053e-06 -6.35164782e-06
 -6.38082270e-06 -6.40886716e-06 -6.43576615e-06 -6.46151899e-06
 -6.48612474e-06 -6.50958239e-06 -6.53189092e-06 -6.55304933e-06
 -6.57305663e-06 -6.59191188e-06 -6.60961471e-06 -6.62616445e-06
 -6.64156083e-06 -6.65580400e-06 -6.66889453e-06 -6.68083350e-06
 -6.69162263e-06 -6.70126433e-06 -6.70976178e-06 -6.71711909e-06
 -6.72334159e-06 -6.72843873e-06 -6.73240255e-06 -6.73524420e-06
 -6.73697122e-06 -6.73697122e-06]