[9.90480024e-05 9.88223478e-05 9.86013004e-05 9.83843905e-05
 9.81712373e-05 9.79615253e-05 9.77549895e-05 9.75514038e-05
 9.73505732e-05 9.71523277e-05 9.69565178e-05 9.67630111e-05
 9.65716892e-05 9.63824461e-05 9.61951858e-05 9.60098212e-05
 9.58262729e-05 9.56444682e-05 9.54643402e-05 9.52858272e-05
 9.51088721e-05 9.49334220e-05 9.47594274e-05 9.45868425e-05
 9.44156239e-05 9.42457315e-05 9.40771272e-05 9.39097752e-05
 9.37436419e-05 9.35786954e-05 9.34149056e-05 9.32522439e-05
 9.30906832e-05 9.29301977e-05 9.27707628e-05 9.26123552e-05
 9.24549526e-05 9.22985336e-05 9.21430778e-05 9.19885658e-05
 9.18349787e-05 9.16822988e-05 9.15305087e-05 9.13795920e-05
 9.12295327e-05 9.10803155e-05 9.09319256e-05 9.07843489e-05
 9.06375716e-05 9.04915805e-05 9.03463629e-05 9.02019064e-05
 9.00581990e-05 8.99152291e-05 8.97729857e-05 8.96314579e-05
 8.94906351e-05 8.93505072e-05 8.92110643e-05 8.90722969e-05
 8.89341955e-05 8.87967512e-05 8.86599553e-05 8.85237990e-05
 8.83882742e-05 8.82533727e-05 8.81190867e-05 8.79854085e-05
 8.78523306e-05 8.77198457e-05 8.75879467e-05 8.74566268e-05
 8.73258792e-05 8.71956972e-05 8.70660744e-05 8.69370046e-05
 8.68084817e-05 8.66804995e-05 8.65530523e-05 8.64261344e-05
 8.62997401e-05 8.61738639e-05 8.60485006e-05 8.59236447e-05
 8.57992914e-05 8.56754353e-05 8.55520718e-05 8.54291959e-05
 8.53068029e-05 8.51848882e-05 8.50634473e-05 8.49424756e-05
 8.48219689e-05 8.47019228e-05 8.45823332e-05 8.44631959e-05
 8.43445069e-05 8.42262623e-05 8.41084581e-05 8.39910904e-05
 8.38741557e-05 8.37576501e-05 8.36415700e-05 8.35259119e-05
 8.34106723e-05 8.32958477e-05 8.31814348e-05 8.30674302e-05
 8.29538306e-05 8.28406329e-05 8.27278339e-05 8.26154304e-05
 8.25034195e-05 8.23917980e-05 8.22805631e-05 8.21697118e-05
 8.20592412e-05 8.19491486e-05 8.18394311e-05 8.17300859e-05
 8.16211105e-05 8.15125020e-05 8.14042580e-05 8.12963757e-05
 8.11888528e-05 8.10816866e-05 8.09748747e-05 8.08684146e-05
 8.07623040e-05 8.06565405e-05 8.05511217e-05 8.04460454e-05
 8.03413092e-05 8.02369110e-05 8.01328484e-05 8.00291195e-05
 7.99257219e-05 7.98226536e-05 7.97199124e-05 7.96174964e-05
 7.95154034e-05 7.94136314e-05 7.93121786e-05 7.92110428e-05
 7.91102222e-05 7.90097148e-05 7.89095188e-05 7.88096323e-05
 7.87100534e-05 7.86107804e-05 7.85118114e-05 7.84131446e-05
 7.83147783e-05 7.82167108e-05 7.81189404e-05 7.80214653e-05
 7.79242839e-05 7.78273945e-05 7.77307955e-05 7.76344853e-05
 7.75384623e-05 7.74427248e-05 7.73472714e-05 7.72521005e-05
 7.71572106e-05 7.70626002e-05 7.69682677e-05 7.68742116e-05
 7.67804307e-05 7.66869233e-05 7.65936880e-05 7.65007235e-05
 7.64080284e-05 7.63156012e-05 7.62234406e-05 7.61315453e-05
 7.60399138e-05 7.59485449e-05 7.58574373e-05 7.57665896e-05
 7.56760006e-05 7.55856690e-05 7.54955936e-05 7.54057730e-05
 7.53162061e-05 7.52268916e-05 7.51378284e-05 7.50490152e-05
 7.49604508e-05 7.48721341e-05 7.47840639e-05 7.46962391e-05
 7.46086585e-05 7.45213209e-05 7.44342253e-05 7.43473706e-05
 7.42607556e-05 7.41743793e-05 7.40882406e-05 7.40023384e-05
 7.39166717e-05 7.38312394e-05 7.37460404e-05 7.36610739e-05
 7.35763386e-05 7.34918337e-05 7.34075581e-05 7.33235108e-05
 7.32396908e-05 7.31560973e-05 7.30727291e-05 7.29895854e-05
 7.29066652e-05 7.28239675e-05 7.27414914e-05 7.26592361e-05
 7.25772005e-05 7.24953839e-05 7.24137851e-05 7.23324035e-05
 7.22512381e-05 7.21702880e-05 7.20895523e-05 7.20090302e-05
 7.19287209e-05 7.18486234e-05 7.17687370e-05 7.16890607e-05
 7.16095939e-05 7.15303355e-05 7.14512850e-05 7.13724413e-05
 7.12938038e-05 7.12153716e-05 7.11371440e-05 7.10591201e-05
 7.09812992e-05 7.09036805e-05 7.08262633e-05 7.07490468e-05
 7.06720302e-05 7.05952128e-05 7.05185938e-05 7.04421726e-05
 7.03659484e-05 7.02899204e-05 7.02140880e-05 7.01384504e-05
 7.00630070e-05 6.99877569e-05 6.99126996e-05 6.98378344e-05
 6.97631605e-05 6.96886773e-05 6.96143840e-05 6.95402801e-05
 6.94663649e-05 6.93926377e-05 6.93190978e-05 6.92457446e-05
 6.91725774e-05 6.90995956e-05 6.90267987e-05 6.89541858e-05
 6.88817565e-05 6.88095100e-05 6.87374458e-05 6.86655632e-05
 6.85938617e-05 6.85223406e-05 6.84509994e-05 6.83798374e-05
 6.83088540e-05 6.82380486e-05 6.81674208e-05 6.80969698e-05
 6.80266951e-05 6.79565961e-05 6.78866724e-05 6.78169232e-05
 6.77473480e-05 6.76779463e-05 6.76087176e-05 6.75396612e-05
 6.74707767e-05 6.74020634e-05 6.73335209e-05 6.72651486e-05
 6.71969459e-05 6.71289124e-05 6.70610476e-05 6.69933508e-05
 6.69258216e-05 6.68584595e-05 6.67912640e-05 6.67242345e-05
 6.66573705e-05 6.65906716e-05 6.65241373e-05 6.64577669e-05
 6.63915602e-05 6.63255165e-05 6.62596354e-05 6.61939164e-05
 6.61283590e-05 6.60629627e-05 6.59977272e-05 6.59326518e-05
 6.58677362e-05 6.58029798e-05 6.57383822e-05 6.56739430e-05
 6.56096616e-05 6.55455378e-05 6.54815708e-05 6.54177605e-05
 6.53541062e-05 6.52906076e-05 6.52272642e-05 6.51640755e-05
 6.51010412e-05 6.50381608e-05 6.49754339e-05 6.49128601e-05
 6.48504388e-05 6.47881698e-05 6.47260526e-05 6.46640867e-05
 6.46022718e-05 6.45406075e-05 6.44790933e-05 6.44177288e-05
 6.43565137e-05 6.42954474e-05 6.42345297e-05 6.41737602e-05
 6.41131383e-05 6.40526638e-05 6.39923363e-05 6.39321553e-05
 6.38721205e-05 6.38122315e-05 6.37524879e-05 6.36928894e-05
 6.36334355e-05 6.35741258e-05 6.35149601e-05 6.34559379e-05
 6.33970589e-05 6.33383227e-05 6.32797290e-05 6.32212773e-05
 6.31629673e-05 6.31047987e-05 6.30467711e-05 6.29888841e-05
 6.29311374e-05 6.28735307e-05 6.28160635e-05 6.27587357e-05
 6.27015467e-05 6.26444962e-05 6.25875840e-05 6.25308097e-05
 6.24741729e-05 6.24176734e-05 6.23613107e-05 6.23050845e-05
 6.22489946e-05 6.21930405e-05 6.21372220e-05 6.20815388e-05
 6.20259904e-05 6.19705767e-05 6.19152972e-05 6.18601516e-05
 6.18051397e-05 6.17502612e-05 6.16955156e-05 6.16409027e-05
 6.15864222e-05 6.15320738e-05 6.14778572e-05 6.14237721e-05
 6.13698181e-05 6.13159949e-05 6.12623024e-05 6.12087401e-05
 6.11553078e-05 6.11020051e-05 6.10488319e-05 6.09957877e-05
 6.09428723e-05 6.08900855e-05 6.08374268e-05 6.07848961e-05
 6.07324931e-05 6.06802174e-05 6.06280688e-05 6.05760470e-05
 6.05241517e-05 6.04723827e-05 6.04207396e-05 6.03692223e-05
 6.03178304e-05 6.02665636e-05 6.02154217e-05 6.01644044e-05
 6.01135115e-05 6.00627426e-05 6.00120976e-05 5.99615761e-05
 5.99111779e-05 5.98609027e-05 5.98107503e-05 5.97607204e-05
 5.97108127e-05 5.96610270e-05 5.96113631e-05 5.95618206e-05
 5.95123994e-05 5.94630991e-05 5.94139196e-05 5.93648606e-05
 5.93159218e-05 5.92671030e-05 5.92184039e-05 5.91698243e-05
 5.91213640e-05 5.90730227e-05 5.90248001e-05 5.89766961e-05
 5.89287104e-05 5.88808428e-05 5.88330929e-05 5.87854607e-05
 5.87379458e-05 5.86905480e-05 5.86432671e-05 5.85961029e-05
 5.85490551e-05 5.85021235e-05 5.84553079e-05 5.84086081e-05
 5.83620237e-05 5.83155547e-05 5.82692007e-05 5.82229616e-05
 5.81768371e-05 5.81308270e-05 5.80849312e-05 5.80391493e-05
 5.79934812e-05 5.79479266e-05 5.79024853e-05 5.78571572e-05
 5.78119420e-05 5.77668394e-05 5.77218494e-05 5.76769716e-05
 5.76322059e-05 5.75875521e-05 5.75430099e-05 5.74985791e-05
 5.74542596e-05 5.74100511e-05 5.73659534e-05 5.73219664e-05
 5.72780898e-05 5.72343235e-05 5.71906671e-05 5.71471206e-05
 5.71036838e-05 5.70603564e-05 5.70171382e-05 5.69740290e-05
 5.69310287e-05 5.68881371e-05 5.68453540e-05 5.68026791e-05
 5.67601123e-05 5.67176534e-05 5.66753022e-05 5.66330585e-05
 5.65909222e-05 5.65488930e-05 5.65069708e-05 5.64651553e-05
 5.64234465e-05 5.63818440e-05 5.63403478e-05 5.62989576e-05
 5.62576733e-05 5.62164947e-05 5.61754216e-05 5.61344538e-05
 5.60935911e-05 5.60528335e-05 5.60121806e-05 5.59716324e-05
 5.59311886e-05 5.58908491e-05 5.58506137e-05 5.58104823e-05
 5.57704546e-05 5.57305305e-05 5.56907098e-05 5.56509923e-05
 5.56113780e-05 5.55718666e-05 5.55324579e-05 5.54931518e-05
 5.54539481e-05 5.54148467e-05 5.53758474e-05 5.53369500e-05
 5.52981544e-05 5.52594603e-05 5.52208678e-05 5.51823765e-05
 5.51439863e-05 5.51056971e-05 5.50675087e-05 5.50294210e-05
 5.49914337e-05 5.49535468e-05 5.49157601e-05 5.48780734e-05
 5.48404866e-05 5.48029995e-05 5.47656119e-05 5.47283238e-05
 5.46911350e-05 5.46540452e-05 5.46170544e-05 5.45801625e-05
 5.45433692e-05 5.45066744e-05 5.44700780e-05 5.44335798e-05
 5.43971796e-05 5.43608775e-05 5.43246731e-05 5.42885663e-05
 5.42525570e-05 5.42166451e-05 5.41808304e-05 5.41451128e-05
 5.41094921e-05 5.40739682e-05 5.40385409e-05 5.40032102e-05
 5.39679758e-05 5.39328376e-05 5.38977956e-05 5.38628495e-05
 5.38279992e-05 5.37932446e-05 5.37585855e-05 5.37240219e-05
 5.36895535e-05 5.36551803e-05 5.36209021e-05 5.35867188e-05
 5.35526302e-05 5.35186363e-05 5.34847368e-05 5.34509317e-05
 5.34172208e-05 5.33836040e-05 5.33500812e-05 5.33166522e-05
 5.32833169e-05 5.32500752e-05 5.32169270e-05 5.31838721e-05
 5.31509104e-05 5.31180417e-05 5.30852661e-05 5.30525833e-05
 5.30199932e-05 5.29874956e-05 5.29550906e-05 5.29227779e-05
 5.28905574e-05 5.28584290e-05 5.28263926e-05 5.27944480e-05
 5.27625952e-05 5.27308341e-05 5.26991644e-05 5.26675861e-05
 5.26360991e-05 5.26047032e-05 5.25733984e-05 5.25421845e-05
 5.25110614e-05 5.24800290e-05 5.24490872e-05 5.24182359e-05
 5.23874749e-05 5.23568041e-05 5.23262235e-05 5.22957328e-05
 5.22653321e-05 5.22350212e-05 5.22047999e-05 5.21746683e-05
 5.21446260e-05 5.21146732e-05 5.20848096e-05 5.20550351e-05
 5.20253496e-05 5.19957531e-05 5.19662454e-05 5.19368264e-05
 5.19074960e-05 5.18782541e-05 5.18491006e-05 5.18200353e-05
 5.17910583e-05 5.17621693e-05 5.17333683e-05 5.17046552e-05
 5.16760299e-05 5.16474922e-05 5.16190421e-05 5.15906795e-05
 5.15624042e-05 5.15342162e-05 5.15061154e-05 5.14781016e-05
 5.14501748e-05 5.14223349e-05 5.13945818e-05 5.13669153e-05
 5.13393354e-05 5.13118420e-05 5.12844350e-05 5.12571142e-05
 5.12298797e-05 5.12027312e-05 5.11756688e-05 5.11486922e-05
 5.11218015e-05 5.10949965e-05 5.10682771e-05 5.10416433e-05
 5.10150949e-05 5.09886318e-05 5.09622541e-05 5.09359614e-05
 5.09097539e-05 5.08836314e-05 5.08575937e-05 5.08316409e-05
 5.08057727e-05 5.07799892e-05 5.07542903e-05 5.07286758e-05
 5.07031457e-05 5.06776998e-05 5.06523382e-05 5.06270606e-05
 5.06018671e-05 5.05767575e-05 5.05517317e-05 5.05267897e-05
 5.05019314e-05 5.04771567e-05 5.04524655e-05 5.04278577e-05
 5.04033333e-05 5.03788921e-05 5.03545341e-05 5.03302592e-05
 5.03060673e-05 5.02819584e-05 5.02579323e-05 5.02339890e-05
 5.02101283e-05 5.01863503e-05 5.01626548e-05 5.01390418e-05
 5.01155111e-05 5.00920628e-05 5.00686966e-05 5.00454126e-05
 5.00222107e-05 4.99990907e-05 4.99760527e-05 4.99530964e-05
 4.99302220e-05 4.99074292e-05 4.98847180e-05 4.98620884e-05
 4.98395402e-05 4.98170733e-05 4.97946878e-05 4.97723835e-05
 4.97501604e-05 4.97280184e-05 4.97059574e-05 4.96839773e-05
 4.96620781e-05 4.96402597e-05 4.96185220e-05 4.95968650e-05
 4.95752885e-05 4.95537926e-05 4.95323771e-05 4.95110420e-05
 4.94897871e-05 4.94686126e-05 4.94475181e-05 4.94265038e-05
 4.94055695e-05 4.93847152e-05 4.93639408e-05 4.93432462e-05
 4.93226313e-05 4.93020962e-05 4.92816407e-05 4.92612647e-05
 4.92409682e-05 4.92207512e-05 4.92006135e-05 4.91805551e-05
 4.91605760e-05 4.91406760e-05 4.91208552e-05 4.91011133e-05
 4.90814505e-05 4.90618666e-05 4.90423615e-05 4.90229352e-05
 4.90035877e-05 4.89843188e-05 4.89651286e-05 4.89460168e-05
 4.89269836e-05 4.89080288e-05 4.88891523e-05 4.88703542e-05
 4.88516343e-05 4.88329926e-05 4.88144290e-05 4.87959435e-05
 4.87775360e-05 4.87592064e-05 4.87409548e-05 4.87227810e-05
 4.87046849e-05 4.86866666e-05 4.86687259e-05 4.86508629e-05
 4.86330774e-05 4.86153694e-05 4.85977388e-05 4.85801856e-05
 4.85627098e-05 4.85453112e-05 4.85279898e-05 4.85107456e-05
 4.84935785e-05 4.84764885e-05 4.84594755e-05 4.84425394e-05
 4.84256803e-05 4.84088980e-05 4.83921924e-05 4.83755636e-05
 4.83590116e-05 4.83425361e-05 4.83261372e-05 4.83098149e-05
 4.82935691e-05 4.82773997e-05 4.82613066e-05 4.82452899e-05
 4.82293495e-05 4.82134854e-05 4.81976974e-05 4.81819856e-05
 4.81663498e-05 4.81507901e-05 4.81353064e-05 4.81198986e-05
 4.81045668e-05 4.80893108e-05 4.80741305e-05 4.80590261e-05
 4.80439974e-05 4.80290443e-05 4.80141668e-05 4.79993649e-05
 4.79846386e-05 4.79699877e-05 4.79554123e-05 4.79409122e-05
 4.79264875e-05 4.79121382e-05 4.78978640e-05 4.78836651e-05
 4.78695414e-05 4.78554928e-05 4.78415193e-05 4.78276208e-05
 4.78137974e-05 4.78000489e-05 4.77863753e-05 4.77727766e-05
 4.77592527e-05 4.77458036e-05 4.77324293e-05 4.77191297e-05
 4.77059048e-05 4.76927545e-05 4.76796788e-05 4.76666776e-05
 4.76537510e-05 4.76408988e-05 4.76281211e-05 4.76154178e-05
 4.76027888e-05 4.75902342e-05 4.75777538e-05 4.75653477e-05
 4.75530158e-05 4.75407581e-05 4.75285745e-05 4.75164650e-05
 4.75044295e-05 4.74924681e-05 4.74805807e-05 4.74687672e-05
 4.74570277e-05 4.74453620e-05 4.74337702e-05 4.74222522e-05
 4.74108079e-05 4.73994375e-05 4.73881407e-05 4.73769176e-05
 4.73657681e-05 4.73546923e-05 4.73436900e-05 4.73327613e-05
 4.73219060e-05 4.73111243e-05 4.73004160e-05 4.72897811e-05
 4.72792196e-05 4.72687315e-05 4.72583166e-05 4.72479751e-05
 4.72377068e-05 4.72275118e-05 4.72173899e-05 4.72073412e-05
 4.71973656e-05 4.71874632e-05 4.71776338e-05 4.71678775e-05
 4.71581942e-05 4.71485839e-05 4.71390465e-05 4.71295821e-05
 4.71201906e-05 4.71108719e-05 4.71016262e-05 4.70924532e-05
 4.70833530e-05 4.70743256e-05 4.70653710e-05 4.70564890e-05
 4.70476798e-05 4.70389432e-05 4.70302792e-05 4.70216879e-05
 4.70131691e-05 4.70047229e-05 4.69963493e-05 4.69880481e-05
 4.69798195e-05 4.69716633e-05 4.69635795e-05 4.69555682e-05
 4.69476292e-05 4.69397626e-05 4.69319684e-05 4.69242465e-05
 4.69165969e-05 4.69090195e-05 4.69015144e-05 4.68940816e-05
 4.68867209e-05 4.68794325e-05 4.68722162e-05 4.68650721e-05
 4.68580000e-05 4.68510001e-05 4.68440723e-05 4.68372165e-05
 4.68304328e-05 4.68237211e-05 4.68170814e-05 4.68105137e-05
 4.68040180e-05 4.67975942e-05 4.67912423e-05 4.67849624e-05
 4.67787543e-05 4.67726181e-05 4.67665537e-05 4.67605612e-05
 4.67546405e-05 4.67487917e-05 4.67430146e-05 4.67373092e-05
 4.67316756e-05 4.67261138e-05 4.67206237e-05 4.67152052e-05
 4.67098585e-05 4.67045834e-05 4.66993800e-05 4.66942482e-05
 4.66891881e-05 4.66841995e-05 4.66792826e-05 4.66744372e-05
 4.66696634e-05 4.66649612e-05 4.66603305e-05 4.66557713e-05
 4.66512837e-05 4.66468675e-05 4.66425228e-05 4.66382496e-05
 4.66340479e-05 4.66299176e-05 4.66258588e-05 4.66218713e-05
 4.66179553e-05 4.66141107e-05 4.66103375e-05 4.66066357e-05
 4.66030052e-05 4.65994461e-05 4.65959583e-05 4.65925419e-05
 4.65891968e-05 4.65859231e-05 4.65827206e-05 4.65795895e-05
 4.65765296e-05 4.65735410e-05 4.65706237e-05 4.65677777e-05
 4.65650029e-05 4.65622993e-05 4.65596670e-05 4.65571060e-05
 4.65546161e-05 4.65521975e-05 4.65498501e-05 4.65475739e-05
 4.65453689e-05 4.65432351e-05 4.65411725e-05 4.65391810e-05
 4.65372608e-05 4.65354117e-05 4.65336337e-05 4.65319270e-05
 4.65302913e-05 4.65287269e-05 4.65272335e-05 4.65258113e-05
 4.65244603e-05 4.65231803e-05 4.65219715e-05 4.65208339e-05
 4.65197673e-05 4.65187719e-05 4.65178475e-05 4.65169943e-05
 4.65162122e-05 4.65155012e-05 4.65148613e-05 4.65142926e-05
 4.65137949e-05 4.65133683e-05 4.65130128e-05 4.65127284e-05
 4.65125151e-05 4.65123729e-05 4.65123018e-05 4.65123018e-05]