[ 3.36607796e-05  3.31100130e-05  3.26032675e-05  3.21243908e-05
  3.16661598e-05  3.12245003e-05  3.07968252e-05  3.03814265e-05
  2.99772716e-05  2.95844050e-05  2.90838533e-05  2.86927437e-05
  2.83206990e-05  2.79390334e-05  2.76069772e-05  2.72302942e-05
  2.68726803e-05  2.65185978e-05  2.61872576e-05  2.58375745e-05
  2.55018852e-05  2.51669559e-05  2.48363661e-05  2.45031024e-05
  2.41853232e-05  2.38620873e-05  2.35439049e-05  2.32274647e-05
  2.29171815e-05  2.26116093e-05  2.23137317e-05  2.20110894e-05
  2.17105975e-05  2.14238542e-05  2.11322441e-05  2.08404743e-05
  2.05527714e-05  2.02684252e-05  1.99873166e-05  1.97096969e-05
  1.94305619e-05  1.91596550e-05  1.88928995e-05  1.86225344e-05
  1.83538542e-05  1.80824094e-05  1.78229999e-05  1.75594637e-05
  1.72995779e-05  1.70425024e-05  1.67880660e-05  1.65363548e-05
  1.62881148e-05  1.60404896e-05  1.57829442e-05  1.55378426e-05
  1.53083077e-05  1.50662293e-05  1.48220212e-05  1.45838877e-05
  1.43532116e-05  1.41167781e-05  1.38834789e-05  1.36525241e-05
  1.34237972e-05  1.31974490e-05  1.29748699e-05  1.27477669e-05
  1.25246480e-05  1.23040763e-05  1.20862739e-05  1.18654002e-05
  1.16491655e-05  1.14350914e-05  1.12230013e-05  1.10129371e-05
  1.08052206e-05  1.06024033e-05  1.03923643e-05  1.01869533e-05
  9.98414867e-06  9.78485240e-06  9.58162791e-06  9.38366190e-06
  9.16186466e-06  8.96364630e-06  8.76793298e-06  8.57411017e-06
  8.38199960e-06  8.19152285e-06  8.00264029e-06  7.81533514e-06
  7.62962122e-06  7.44749392e-06  7.26478528e-06  7.08375629e-06
  6.90453753e-06  6.72780636e-06  6.54262354e-06  6.36660163e-06
  6.19397879e-06  6.01090037e-06  5.83678151e-06  5.66497121e-06
  5.49496172e-06  5.32661826e-06  5.15991394e-06  4.99489566e-06
  4.83173215e-06  4.67100951e-06  4.51808306e-06  4.35286219e-06
  4.19232314e-06  4.03424260e-06  3.87877485e-06  3.73940606e-06
  3.58336289e-06  3.43063454e-06  3.28269431e-06  3.12379764e-06
  2.97180865e-06  2.82198651e-06  2.67400883e-06  2.52759003e-06
  2.38264034e-06  2.23911372e-06  2.09698695e-06  1.95625719e-06
  1.81698211e-06  1.67812253e-06  1.54126879e-06  1.40583369e-06
  1.27179699e-06  1.13917245e-06  1.00799399e-06  8.78321990e-07
  7.50263792e-07  6.24027261e-07  5.00089392e-07  3.79991053e-07
  2.78922490e-07  1.42424239e-07  1.50776709e-08 -1.09126880e-07
 -2.31218736e-07 -3.51680998e-07 -4.70468897e-07 -5.87749417e-07
 -7.03561508e-07 -8.17868852e-07 -9.30993520e-07 -1.04258298e-06
 -1.15267746e-06 -1.26122306e-06 -1.36810871e-06 -1.47311857e-06
 -1.57577829e-06 -1.67471479e-06 -1.76163806e-06 -1.88964398e-06
 -1.99849667e-06 -2.10308362e-06 -2.20516270e-06 -2.30528228e-06
 -2.40367130e-06 -2.50043107e-06 -2.59559175e-06 -2.68912282e-06
 -2.78090640e-06 -2.87061600e-06 -2.95703611e-06 -3.01219692e-06
 -3.10532736e-06 -3.19353489e-06 -3.27918656e-06 -3.36228752e-06
 -3.44185741e-06 -3.51034093e-06 -3.60616170e-06 -3.69005710e-06
 -3.76895018e-06 -3.83656240e-06 -3.92958036e-06 -4.01229526e-06
 -4.09183582e-06 -4.16928235e-06 -4.24501054e-06 -4.31920765e-06
 -4.39197859e-06 -4.46338960e-06 -4.53348564e-06 -4.60229884e-06
 -4.66985306e-06 -4.73616657e-06 -4.80125363e-06 -4.86512558e-06
 -4.92779156e-06 -4.98925895e-06 -5.04953372e-06 -5.10862069e-06
 -5.16652368e-06 -5.22324564e-06 -5.27878868e-06 -5.33315417e-06
 -5.38634271e-06 -5.43835410e-06 -5.48918734e-06 -5.53884045e-06
 -5.58731041e-06 -5.63459291e-06 -5.68068214e-06 -5.72557038e-06
 -5.76924774e-06 -5.81170325e-06 -5.85290758e-06 -5.89282887e-06
 -5.93143312e-06 -5.96866536e-06 -6.00443997e-06 -6.03861592e-06
 -6.07093822e-06 -6.10087291e-06 -6.12697281e-06 -6.14205840e-06
 -6.22785064e-06 -6.26875256e-06 -6.30382199e-06 -6.33597774e-06
 -6.36607525e-06 -6.39448110e-06 -6.42138625e-06 -6.44690306e-06
 -6.47110346e-06 -6.49403642e-06 -6.51573695e-06 -6.53623108e-06
 -6.55553877e-06 -6.57367579e-06 -6.59065492e-06 -6.60648669e-06
 -6.62118002e-06 -6.63474256e-06 -6.64718102e-06 -6.65850137e-06
 -6.66870902e-06 -6.67780897e-06 -6.68580588e-06 -6.69270420e-06
 -6.69850823e-06 -6.69850823e-06]