[3.36614565e-05 3.36008583e-05 3.35420736e-05 3.34848689e-05
 3.34290678e-05 3.33745321e-05 3.33211501e-05 3.32688301e-05
 3.32174948e-05 3.31670786e-05 3.31175249e-05 3.30687840e-05
 3.30208126e-05 3.29735721e-05 3.29270279e-05 3.28811489e-05
 3.28359071e-05 3.27912770e-05 3.27472353e-05 3.27037605e-05
 3.26608329e-05 3.26184345e-05 3.25765482e-05 3.25351585e-05
 3.24942507e-05 3.24538112e-05 3.24138272e-05 3.23742867e-05
 3.23351784e-05 3.22964916e-05 3.22582163e-05 3.22203430e-05
 3.21828627e-05 3.21457669e-05 3.21090474e-05 3.20726966e-05
 3.20367070e-05 3.20010717e-05 3.19657840e-05 3.19308375e-05
 3.18962260e-05 3.18619437e-05 3.18279850e-05 3.17943445e-05
 3.17610170e-05 3.17279976e-05 3.16952814e-05 3.16628638e-05
 3.16307405e-05 3.15989071e-05 3.15673595e-05 3.15360937e-05
 3.15051058e-05 3.14743922e-05 3.14439493e-05 3.14137736e-05
 3.13838617e-05 3.13542103e-05 3.13248163e-05 3.12956767e-05
 3.12667884e-05 3.12381485e-05 3.12097544e-05 3.11816032e-05
 3.11536923e-05 3.11260192e-05 3.10985813e-05 3.10713763e-05
 3.10444017e-05 3.10176553e-05 3.09911348e-05 3.09648380e-05
 3.09387629e-05 3.09129073e-05 3.08872692e-05 3.08618467e-05
 3.08366378e-05 3.08116407e-05 3.07868536e-05 3.07622746e-05
 3.07379020e-05 3.07137341e-05 3.06897692e-05 3.06660058e-05
 3.06424421e-05 3.06190768e-05 3.05959082e-05 3.05729349e-05
 3.05501554e-05 3.05275682e-05 3.05051721e-05 3.04829656e-05
 3.04609474e-05 3.04391163e-05 3.04174708e-05 3.03960098e-05
 3.03747321e-05 3.03536363e-05 3.03327215e-05 3.03119863e-05
 3.02914298e-05 3.02710507e-05 3.02508479e-05 3.02308205e-05
 3.02109674e-05 3.01912874e-05 3.01717797e-05 3.01524433e-05
 3.01332771e-05 3.01142803e-05 3.00954518e-05 3.00767909e-05
 3.00582965e-05 3.00399677e-05 3.00218038e-05 3.00038039e-05
 2.99859672e-05 2.99682927e-05 2.99507797e-05 2.99334275e-05
 2.99162352e-05 2.98992021e-05 2.98823274e-05 2.98656104e-05
 2.98490504e-05 2.98326466e-05 2.98163984e-05 2.98003050e-05
 2.97843658e-05 2.97685801e-05 2.97529474e-05 2.97374668e-05
 2.97221378e-05 2.97069598e-05 2.96919322e-05 2.96770543e-05
 2.96623256e-05 2.96477455e-05 2.96333134e-05 2.96190288e-05
 2.96048911e-05 2.95908997e-05 2.95770542e-05 2.95633540e-05
 2.95497986e-05 2.95363875e-05 2.95231202e-05 2.95099962e-05
 2.94970150e-05 2.94841762e-05 2.94714792e-05 2.94589236e-05
 2.94465091e-05 2.94342350e-05 2.94221010e-05 2.94101067e-05
 2.93982517e-05 2.93865354e-05 2.93749576e-05 2.93635178e-05
 2.93522156e-05 2.93410507e-05 2.93300226e-05 2.93191310e-05
 2.93083755e-05 2.92977558e-05 2.92872715e-05 2.92769222e-05
 2.92667076e-05 2.92566273e-05 2.92466812e-05 2.92368687e-05
 2.92271896e-05 2.92176436e-05 2.92082303e-05 2.91989495e-05
 2.91898009e-05 2.91807842e-05 2.91718990e-05 2.91631451e-05
 2.91545223e-05 2.91460302e-05 2.91376686e-05 2.91294373e-05
 2.91213359e-05 2.91133642e-05 2.91055220e-05 2.90978090e-05
 2.90902250e-05 2.90827698e-05 2.90754431e-05 2.90682447e-05
 2.90611744e-05 2.90542320e-05 2.90474172e-05 2.90407299e-05
 2.90341698e-05 2.90277369e-05 2.90214307e-05 2.90152513e-05
 2.90091984e-05 2.90032717e-05 2.89974713e-05 2.89917967e-05
 2.89862480e-05 2.89808250e-05 2.89755274e-05 2.89703551e-05
 2.89653080e-05 2.89603860e-05 2.89555888e-05 2.89509164e-05
 2.89463685e-05 2.89419452e-05 2.89376462e-05 2.89334714e-05
 2.89294208e-05 2.89254941e-05 2.89216913e-05 2.89180123e-05
 2.89144569e-05 2.89110251e-05 2.89077167e-05 2.89045318e-05
 2.89014701e-05 2.88985316e-05 2.88957162e-05 2.88930238e-05
 2.88904544e-05 2.88880078e-05 2.88856841e-05 2.88834831e-05
 2.88814048e-05 2.88794491e-05 2.88776160e-05 2.88759054e-05
 2.88743173e-05 2.88728515e-05 2.88715082e-05 2.88702872e-05
 2.88691886e-05 2.88682122e-05 2.88673580e-05 2.88666261e-05
 2.88660164e-05 2.88655289e-05 2.88651636e-05 2.88649204e-05
 2.88647994e-05 2.88647994e-05]