[9.90770115e-05 9.85838796e-05 9.81180420e-05 9.76728406e-05
 9.72443411e-05 9.68299326e-05 9.64277500e-05 9.60363905e-05
 9.56547588e-05 9.52819744e-05 9.49173134e-05 9.45601693e-05
 9.42100263e-05 9.38664398e-05 9.35290226e-05 9.31974342e-05
 9.28713724e-05 9.25505676e-05 9.22347774e-05 9.19237823e-05
 9.16173832e-05 9.13153981e-05 9.10176602e-05 9.07240159e-05
 9.04343235e-05 9.01484515e-05 8.98662777e-05 8.95876883e-05
 8.93125770e-05 8.90408441e-05 8.87723962e-05 8.85071452e-05
 8.82450084e-05 8.79859074e-05 8.77297684e-05 8.74765211e-05
 8.72260991e-05 8.69784393e-05 8.67334816e-05 8.64911687e-05
 8.62514461e-05 8.60142616e-05 8.57795656e-05 8.55473103e-05
 8.53174502e-05 8.50899414e-05 8.48647420e-05 8.46418117e-05
 8.44211118e-05 8.42026051e-05 8.39862555e-05 8.37720287e-05
 8.35598913e-05 8.33498112e-05 8.31417573e-05 8.29356997e-05
 8.27316095e-05 8.25294587e-05 8.23292202e-05 8.21308678e-05
 8.19343761e-05 8.17397205e-05 8.15468772e-05 8.13558229e-05
 8.11665354e-05 8.09789927e-05 8.07931737e-05 8.06090578e-05
 8.04266252e-05 8.02458562e-05 8.00667321e-05 7.98892344e-05
 7.97133453e-05 7.95390472e-05 7.93663233e-05 7.91951569e-05
 7.90255320e-05 7.88574328e-05 7.86908440e-05 7.85257506e-05
 7.83621381e-05 7.81999923e-05 7.80392991e-05 7.78800450e-05
 7.77222169e-05 7.75658016e-05 7.74107866e-05 7.72571595e-05
 7.71049082e-05 7.69540209e-05 7.68044859e-05 7.66562920e-05
 7.65094281e-05 7.63638834e-05 7.62196473e-05 7.60767094e-05
 7.59350594e-05 7.57946876e-05 7.56555840e-05 7.55177392e-05
 7.53811439e-05 7.52457887e-05 7.51116649e-05 7.49787634e-05
 7.48470758e-05 7.47165936e-05 7.45873083e-05 7.44592120e-05
 7.43322966e-05 7.42065542e-05 7.40819773e-05 7.39585582e-05
 7.38362896e-05 7.37151642e-05 7.35951748e-05 7.34763145e-05
 7.33585764e-05 7.32419538e-05 7.31264400e-05 7.30120285e-05
 7.28987130e-05 7.27864872e-05 7.26753450e-05 7.25652802e-05
 7.24562869e-05 7.23483593e-05 7.22414917e-05 7.21356785e-05
 7.20309140e-05 7.19271929e-05 7.18245098e-05 7.17228594e-05
 7.16222366e-05 7.15226364e-05 7.14240537e-05 7.13264836e-05
 7.12299213e-05 7.11343620e-05 7.10398012e-05 7.09462342e-05
 7.08536565e-05 7.07620638e-05 7.06714516e-05 7.05818156e-05
 7.04931518e-05 7.04054558e-05 7.03187238e-05 7.02329516e-05
 7.01481354e-05 7.00642712e-05 6.99813554e-05 6.98993841e-05
 6.98183537e-05 6.97382605e-05 6.96591010e-05 6.95808718e-05
 6.95035694e-05 6.94271904e-05 6.93517315e-05 6.92771895e-05
 6.92035611e-05 6.91308432e-05 6.90590327e-05 6.89881266e-05
 6.89181218e-05 6.88490155e-05 6.87808046e-05 6.87134865e-05
 6.86470583e-05 6.85815172e-05 6.85168607e-05 6.84530859e-05
 6.83901904e-05 6.83281715e-05 6.82670268e-05 6.82067538e-05
 6.81473501e-05 6.80888133e-05 6.80311411e-05 6.79743312e-05
 6.79183813e-05 6.78632892e-05 6.78090529e-05 6.77556701e-05
 6.77031387e-05 6.76514568e-05 6.76006223e-05 6.75506333e-05
 6.75014878e-05 6.74531840e-05 6.74057200e-05 6.73590939e-05
 6.73133041e-05 6.72683488e-05 6.72242262e-05 6.71809348e-05
 6.71384729e-05 6.70968388e-05 6.70560311e-05 6.70160482e-05
 6.69768886e-05 6.69385509e-05 6.69010336e-05 6.68643354e-05
 6.68284549e-05 6.67933907e-05 6.67591417e-05 6.67257065e-05
 6.66930839e-05 6.66612727e-05 6.66302718e-05 6.66000800e-05
 6.65706963e-05 6.65421195e-05 6.65143487e-05 6.64873828e-05
 6.64612209e-05 6.64358619e-05 6.64113051e-05 6.63875496e-05
 6.63645944e-05 6.63424387e-05 6.63210818e-05 6.63005229e-05
 6.62807613e-05 6.62617963e-05 6.62436271e-05 6.62262532e-05
 6.62096738e-05 6.61938886e-05 6.61788968e-05 6.61646979e-05
 6.61512915e-05 6.61386771e-05 6.61268542e-05 6.61158224e-05
 6.61055814e-05 6.60961306e-05 6.60874700e-05 6.60795990e-05
 6.60725175e-05 6.60662252e-05 6.60607218e-05 6.60560073e-05
 6.60520813e-05 6.60489439e-05 6.60465948e-05 6.60450340e-05
 6.60442614e-05 6.60442614e-05]