[ 3.36698525e-05  3.31062849e-05  3.25863776e-05  3.20939893e-05
  3.16220100e-05  3.11665010e-05  3.07252548e-05  3.02705760e-05
  2.98550326e-05  2.94441746e-05  2.90302357e-05  2.86320062e-05
  2.82438705e-05  2.78614658e-05  2.74965355e-05  2.71168724e-05
  2.67467371e-05  2.63834046e-05  2.60236925e-05  2.56718656e-05
  2.53245009e-05  2.49745125e-05  2.46322914e-05  2.42937456e-05
  2.39609149e-05  2.36330458e-05  2.33078114e-05  2.29867923e-05
  2.26723786e-05  2.23499572e-05  2.20380017e-05  2.17287297e-05
  2.14217732e-05  2.11188534e-05  2.08179345e-05  2.05204586e-05
  2.02261512e-05  1.99350150e-05  1.96540693e-05  1.93674545e-05
  1.90808449e-05  1.87978332e-05  1.85181344e-05  1.82362202e-05
  1.79610651e-05  1.76906368e-05  1.74197552e-05  1.71514323e-05
  1.68854623e-05  1.66217690e-05  1.63603270e-05  1.61011264e-05
  1.58441981e-05  1.55897185e-05  1.53398586e-05  1.50863205e-05
  1.48370990e-05  1.45911064e-05  1.43423083e-05  1.41735878e-05
  1.39296355e-05  1.36893518e-05  1.34515901e-05  1.32125054e-05
  1.29777408e-05  1.27450250e-05  1.25142053e-05  1.22852226e-05
  1.20580424e-05  1.18326416e-05  1.16090056e-05  1.13871281e-05
  1.11670219e-05  1.09487174e-05  1.07323356e-05  1.05185421e-05
  1.02883460e-05  1.00750431e-05  9.86863163e-06  9.65930911e-06
  9.45176001e-06  9.24599606e-06  9.04215067e-06  8.84088186e-06
  8.64074016e-06  8.43818004e-06  8.23848127e-06  8.04068714e-06
  7.84460875e-06  7.65019160e-06  7.45745047e-06  7.26663629e-06
  7.07147947e-06  6.88233773e-06  6.69496199e-06  6.50918486e-06
  6.32497865e-06  6.14237783e-06  5.96154977e-06  5.78380638e-06
  5.60293598e-06  5.42494876e-06  5.24876438e-06  5.07450430e-06
  4.90033708e-06  4.72828340e-06  4.55792647e-06  4.38962669e-06
  4.22000353e-06  4.05367089e-06  3.89352016e-06  3.72771540e-06
  3.56423208e-06  3.40242942e-06  3.24220341e-06  3.08359298e-06
  2.92690813e-06  2.86769860e-06  2.71072109e-06  2.55629051e-06
  2.40354350e-06  2.25233669e-06  2.10265771e-06  1.95460395e-06
  1.80869933e-06  1.64979718e-06  1.50404728e-06  1.36037729e-06
  1.21872794e-06  1.08154606e-06  9.38143039e-07  7.98062016e-07
  6.59722861e-07  5.22861746e-07  3.87383019e-07  2.53239526e-07
  1.20403608e-07 -1.11429003e-08 -1.41412883e-07 -2.70415950e-07
 -3.98159412e-07 -5.24648488e-07 -6.49884783e-07 -7.73843295e-07
 -8.96658099e-07 -1.01821059e-06 -1.13852639e-06 -1.25761192e-06
 -1.37547101e-06 -1.49210656e-06 -1.60752099e-06 -1.72171631e-06
 -1.83469428e-06 -1.94645641e-06 -2.05700421e-06 -2.16634140e-06
 -2.27445426e-06 -2.38134698e-06 -2.48701789e-06 -2.59146281e-06
 -2.69467414e-06 -2.79663828e-06 -2.89732938e-06 -2.99669019e-06
 -3.09453537e-06 -3.19287480e-06 -3.28443384e-06 -3.38133601e-06
 -3.47604614e-06 -3.56926847e-06 -3.66112002e-06 -3.74023698e-06
 -3.82977450e-06 -3.91803909e-06 -4.00507876e-06 -4.09089489e-06
 -4.17549977e-06 -4.25889824e-06 -4.34109270e-06 -4.42208399e-06
 -4.50187172e-06 -4.58045428e-06 -4.65782888e-06 -4.73399144e-06
 -4.80893712e-06 -4.88269403e-06 -4.95519778e-06 -5.02643400e-06
 -5.09636199e-06 -5.16493077e-06 -5.23204288e-06 -5.29748841e-06
 -5.36064962e-06 -5.41698593e-06 -5.48646738e-06 -5.55001633e-06
 -5.61000937e-06 -5.63340068e-06 -5.69725817e-06 -5.75787618e-06
 -5.81663115e-06 -5.87386058e-06 -5.92970313e-06 -5.98423075e-06
 -6.03748620e-06 -6.08949730e-06 -6.14028329e-06 -6.18985816e-06
 -6.23823246e-06 -6.28541438e-06 -6.33141045e-06 -6.37622599e-06
 -6.41986542e-06 -6.46233243e-06 -6.50363019e-06 -6.54376143e-06
 -6.58272855e-06 -6.62053363e-06 -6.65717857e-06 -6.69266504e-06
 -6.72699454e-06 -6.76016847e-06 -6.79218808e-06 -6.82305453e-06
 -6.85276890e-06 -6.88133219e-06 -6.90874533e-06 -6.93500920e-06
 -6.96012464e-06 -6.98409243e-06 -7.00691332e-06 -7.02858801e-06
 -7.04911720e-06 -7.06850155e-06 -7.08674168e-06 -7.10383821e-06
 -7.11979174e-06 -7.13460285e-06 -7.14827209e-06 -7.16080002e-06
 -7.17218718e-06 -7.18243410e-06 -7.19154128e-06 -7.19950924e-06
 -7.20633848e-06 -7.21202948e-06 -7.21658272e-06 -7.21999866e-06
 -7.22227778e-06 -7.22227778e-06]