[9.90803795e-05 9.89609045e-05 9.88442245e-05 9.87300779e-05
 9.86182512e-05 9.85085670e-05 9.84008754e-05 9.82950478e-05
 9.81909729e-05 9.80885532e-05 9.79877026e-05 9.78883442e-05
 9.77904095e-05 9.76938365e-05 9.75985689e-05 9.75045558e-05
 9.74117502e-05 9.73201093e-05 9.72295933e-05 9.71401657e-05
 9.70517924e-05 9.69644419e-05 9.68780845e-05 9.67926926e-05
 9.67082405e-05 9.66247037e-05 9.65420595e-05 9.64602862e-05
 9.63793634e-05 9.62992718e-05 9.62199932e-05 9.61415103e-05
 9.60638065e-05 9.59868661e-05 9.59106743e-05 9.58352166e-05
 9.57604796e-05 9.56864501e-05 9.56131158e-05 9.55404646e-05
 9.54684852e-05 9.53971665e-05 9.53264980e-05 9.52564695e-05
 9.51870713e-05 9.51182939e-05 9.50501284e-05 9.49825660e-05
 9.49155982e-05 9.48492170e-05 9.47834144e-05 9.47181829e-05
 9.46535152e-05 9.45894041e-05 9.45258427e-05 9.44628245e-05
 9.44003428e-05 9.43383916e-05 9.42769646e-05 9.42160561e-05
 9.41556602e-05 9.40957714e-05 9.40363844e-05 9.39774938e-05
 9.39190946e-05 9.38611818e-05 9.38037506e-05 9.37467962e-05
 9.36903141e-05 9.36342998e-05 9.35787490e-05 9.35236574e-05
 9.34690209e-05 9.34148355e-05 9.33610972e-05 9.33078022e-05
 9.32549468e-05 9.32025273e-05 9.31505401e-05 9.30989817e-05
 9.30478488e-05 9.29971380e-05 9.29468460e-05 9.28969697e-05
 9.28475059e-05 9.27984516e-05 9.27498039e-05 9.27015598e-05
 9.26537165e-05 9.26062711e-05 9.25592210e-05 9.25125634e-05
 9.24662958e-05 9.24204156e-05 9.23749202e-05 9.23298072e-05
 9.22850742e-05 9.22407189e-05 9.21967388e-05 9.21531317e-05
 9.21098954e-05 9.20670278e-05 9.20245265e-05 9.19823897e-05
 9.19406151e-05 9.18992008e-05 9.18581447e-05 9.18174450e-05
 9.17770997e-05 9.17371069e-05 9.16974648e-05 9.16581715e-05
 9.16192254e-05 9.15806246e-05 9.15423674e-05 9.15044521e-05
 9.14668772e-05 9.14296409e-05 9.13927416e-05 9.13561779e-05
 9.13199481e-05 9.12840508e-05 9.12484844e-05 9.12132474e-05
 9.11783386e-05 9.11437563e-05 9.11094993e-05 9.10755662e-05
 9.10419556e-05 9.10086662e-05 9.09756968e-05 9.09430460e-05
 9.09107125e-05 9.08786952e-05 9.08469929e-05 9.08156043e-05
 9.07845283e-05 9.07537637e-05 9.07233094e-05 9.06931643e-05
 9.06633272e-05 9.06337972e-05 9.06045730e-05 9.05756538e-05
 9.05470384e-05 9.05187259e-05 9.04907153e-05 9.04630055e-05
 9.04355957e-05 9.04084849e-05 9.03816721e-05 9.03551564e-05
 9.03289370e-05 9.03030130e-05 9.02773834e-05 9.02520475e-05
 9.02270044e-05 9.02022532e-05 9.01777932e-05 9.01536236e-05
 9.01297435e-05 9.01061522e-05 9.00828490e-05 9.00598331e-05
 9.00371037e-05 9.00146602e-05 8.99925018e-05 8.99706278e-05
 8.99490375e-05 8.99277304e-05 8.99067056e-05 8.98859626e-05
 8.98655008e-05 8.98453194e-05 8.98254179e-05 8.98057956e-05
 8.97864521e-05 8.97673866e-05 8.97485986e-05 8.97300876e-05
 8.97118530e-05 8.96938943e-05 8.96762109e-05 8.96588022e-05
 8.96416679e-05 8.96248074e-05 8.96082201e-05 8.95919057e-05
 8.95758635e-05 8.95600933e-05 8.95445945e-05 8.95293666e-05
 8.95144092e-05 8.94997220e-05 8.94853044e-05 8.94711561e-05
 8.94572767e-05 8.94436657e-05 8.94303229e-05 8.94172477e-05
 8.94044399e-05 8.93918991e-05 8.93796249e-05 8.93676169e-05
 8.93558750e-05 8.93443987e-05 8.93331876e-05 8.93222416e-05
 8.93115603e-05 8.93011434e-05 8.92909906e-05 8.92811016e-05
 8.92714762e-05 8.92621141e-05 8.92530151e-05 8.92441788e-05
 8.92356051e-05 8.92272938e-05 8.92192445e-05 8.92114571e-05
 8.92039314e-05 8.91966672e-05 8.91896642e-05 8.91829223e-05
 8.91764413e-05 8.91702210e-05 8.91642613e-05 8.91585620e-05
 8.91531230e-05 8.91479440e-05 8.91430250e-05 8.91383659e-05
 8.91339664e-05 8.91298265e-05 8.91259462e-05 8.91223251e-05
 8.91189634e-05 8.91158609e-05 8.91130175e-05 8.91104331e-05
 8.91081076e-05 8.91060411e-05 8.91042334e-05 8.91026845e-05
 8.91013944e-05 8.91003630e-05 8.90995903e-05 8.90990763e-05
 8.90988209e-05 8.90988209e-05]