[9.90480024e-06 9.79872448e-06 9.69857757e-06 9.60244033e-06
 9.50938442e-06 9.41886336e-06 9.33051678e-06 9.24408914e-06
 9.15938835e-06 9.07626585e-06 8.99460056e-06 8.91429293e-06
 8.83525943e-06 8.75742868e-06 8.68073878e-06 8.60513541e-06
 8.53057089e-06 8.45700212e-06 8.38439142e-06 8.31270315e-06
 8.24190547e-06 8.17196925e-06 8.10286773e-06 8.03457619e-06
 7.96707172e-06 7.90033303e-06 7.83434025e-06 7.76907473e-06
 7.70452091e-06 7.64066080e-06 7.57747893e-06 7.51496072e-06
 7.45309239e-06 7.39186089e-06 7.33125383e-06 7.27125941e-06
 7.21186634e-06 7.15306466e-06 7.09484373e-06 7.03719376e-06
 6.98010540e-06 6.92356974e-06 6.86757819e-06 6.81212254e-06
 6.75719489e-06 6.70278765e-06 6.64889351e-06 6.59550542e-06
 6.54261660e-06 6.49022050e-06 6.43831079e-06 6.38688137e-06
 6.33592632e-06 6.28543992e-06 6.23541665e-06 6.18585114e-06
 6.13673819e-06 6.08807275e-06 6.03984993e-06 5.99206497e-06
 5.94471315e-06 5.89779003e-06 5.85129125e-06 5.80521257e-06
 5.75954987e-06 5.71429915e-06 5.66945648e-06 5.62501805e-06
 5.58098016e-06 5.53733917e-06 5.49409156e-06 5.45123386e-06
 5.40876270e-06 5.36667479e-06 5.32496688e-06 5.28363579e-06
 5.24267802e-06 5.20209148e-06 5.16187303e-06 5.12201977e-06
 5.08252886e-06 5.04339755e-06 5.00462315e-06 4.96620302e-06
 4.92813458e-06 4.89041530e-06 4.85304271e-06 4.81601439e-06
 4.77932795e-06 4.74298106e-06 4.70697145e-06 4.67129687e-06
 4.63595513e-06 4.60094406e-06 4.56626155e-06 4.53190553e-06
 4.49787395e-06 4.46416482e-06 4.43077617e-06 4.39770608e-06
 4.36495264e-06 4.33251401e-06 4.30038834e-06 4.26857384e-06
 4.23706875e-06 4.20587133e-06 4.17497988e-06 4.14439273e-06
 4.11410821e-06 4.08412472e-06 4.05444066e-06 4.02505447e-06
 3.99596460e-06 3.96716954e-06 3.93866780e-06 3.91045791e-06
 3.88253843e-06 3.85490795e-06 3.82756507e-06 3.80050841e-06
 3.77373663e-06 3.74724838e-06 3.72104237e-06 3.69511730e-06
 3.66947190e-06 3.64410493e-06 3.61901515e-06 3.59420135e-06
 3.56966234e-06 3.54539694e-06 3.52140400e-06 3.49768238e-06
 3.47423096e-06 3.45104862e-06 3.42813429e-06 3.40548688e-06
 3.38310534e-06 3.36098863e-06 3.33913573e-06 3.31754561e-06
 3.29621727e-06 3.27514973e-06 3.25434200e-06 3.23379309e-06
 3.21350185e-06 3.19346809e-06 3.17369061e-06 3.15416848e-06
 3.13490078e-06 3.11588663e-06 3.09712517e-06 3.07861554e-06
 3.06035691e-06 3.04234846e-06 3.02458937e-06 3.00707884e-06
 2.98981609e-06 2.97280033e-06 2.95603081e-06 2.93950677e-06
 2.92322746e-06 2.90719216e-06 2.89140014e-06 2.87585069e-06
 2.86054310e-06 2.84547669e-06 2.83065078e-06 2.81606469e-06
 2.80171776e-06 2.78760933e-06 2.77373878e-06 2.76010545e-06
 2.74670872e-06 2.73354798e-06 2.72062262e-06 2.70793205e-06
 2.69547566e-06 2.68325288e-06 2.67126314e-06 2.65950587e-06
 2.64798051e-06 2.63668651e-06 2.62562334e-06 2.61479046e-06
 2.60418734e-06 2.59381347e-06 2.58366833e-06 2.57375143e-06
 2.56406227e-06 2.55460036e-06 2.54536522e-06 2.53635638e-06
 2.52757337e-06 2.51901573e-06 2.51068302e-06 2.50257478e-06
 2.49469058e-06 2.48702999e-06 2.47959258e-06 2.47237793e-06
 2.46538564e-06 2.45861530e-06 2.45206651e-06 2.44573888e-06
 2.43963203e-06 2.43374558e-06 2.42807916e-06 2.42263240e-06
 2.41740494e-06 2.41239643e-06 2.40760653e-06 2.40303489e-06
 2.39868118e-06 2.39454507e-06 2.39062625e-06 2.38692439e-06
 2.38343920e-06 2.38017035e-06 2.37711757e-06 2.37428055e-06
 2.37165902e-06 2.36925269e-06 2.36706130e-06 2.36508457e-06
 2.36332226e-06 2.36177409e-06 2.36043983e-06 2.35931923e-06
 2.35841207e-06 2.35771810e-06 2.35723710e-06 2.35696887e-06
 2.35691318e-06 2.35706983e-06 2.35743863e-06 2.35801937e-06
 2.35881188e-06 2.35981597e-06 2.36103146e-06 2.36245820e-06
 2.36409601e-06 2.36594475e-06 2.36800426e-06 2.37027440e-06
 2.37275503e-06 2.37544603e-06 2.37834726e-06 2.38145862e-06
 2.38477998e-06 2.38477998e-06]