[ 1.01799990e-04  1.00992758e-04  1.00199849e-04  9.94193384e-05
  9.86497180e-05  9.78897793e-05  9.71385354e-05  9.63951668e-05
  9.56589831e-05  9.49293961e-05  9.42058986e-05  9.34880494e-05
  9.27754617e-05  9.20677934e-05  9.13647401e-05  9.06660295e-05
  8.99714164e-05  8.92806791e-05  8.85936160e-05  8.79100434e-05
  8.72297929e-05  8.65527098e-05  8.58786514e-05  8.52074860e-05
  8.45390913e-05  8.38733535e-05  8.32101667e-05  8.25494321e-05
  8.18910571e-05  8.12349548e-05  8.05810438e-05  7.99292474e-05
  7.92794932e-05  7.86317131e-05  7.79858424e-05  7.73418203e-05
  7.66995888e-05  7.60590930e-05  7.54202807e-05  7.47831025e-05
  7.41475110e-05  7.35134613e-05  7.28809105e-05  7.22498176e-05
  7.16201434e-05  7.09918507e-05  7.03649034e-05  6.97392675e-05
  6.91149099e-05  6.84917992e-05  6.78699051e-05  6.72491986e-05
  6.66296519e-05  6.60112380e-05  6.53939312e-05  6.47777067e-05
  6.41625406e-05  6.35484098e-05  6.29352922e-05  6.23231664e-05
  6.17120117e-05  6.11018084e-05  6.04925370e-05  5.98841792e-05
  5.92767169e-05  5.86701329e-05  5.80644104e-05  5.74595333e-05
  5.68554858e-05  5.62522528e-05  5.56498196e-05  5.50481722e-05
  5.44472966e-05  5.38471796e-05  5.32478083e-05  5.26491702e-05
  5.20512531e-05  5.14540454e-05  5.08575355e-05  5.02617126e-05
  4.96665658e-05  4.90720847e-05  4.84782592e-05  4.78850797e-05
  4.72925364e-05  4.67006202e-05  4.61093222e-05  4.55186336e-05
  4.49285459e-05  4.43390509e-05  4.37501407e-05  4.31618074e-05
  4.25740436e-05  4.19868419e-05  4.14001952e-05  4.08140965e-05
  4.02285391e-05  3.96435164e-05  3.90590222e-05  3.84750501e-05
  3.78915942e-05  3.73086486e-05  3.67262077e-05  3.61442658e-05
  3.55628176e-05  3.49818579e-05  3.44013815e-05  3.38213834e-05
  3.32418589e-05  3.26628033e-05  3.20842120e-05  3.15060805e-05
  3.09284045e-05  3.03511799e-05  2.97744024e-05  2.91980682e-05
  2.86221734e-05  2.80467142e-05  2.74716869e-05  2.68970880e-05
  2.63229140e-05  2.57491616e-05  2.51758274e-05  2.46029082e-05
  2.40304011e-05  2.34583028e-05  2.28866107e-05  2.23153216e-05
  2.17444330e-05  2.11739421e-05  2.06038463e-05  2.00341431e-05
  1.94648299e-05  1.88959044e-05  1.83273643e-05  1.77592073e-05
  1.71914311e-05  1.66240337e-05  1.60570131e-05  1.54903671e-05
  1.49240938e-05  1.43581914e-05  1.37926580e-05  1.32274918e-05
  1.26626911e-05  1.20982543e-05  1.15341797e-05  1.09704658e-05
  1.04071110e-05  9.84411395e-06  9.28147313e-06  8.71918720e-06
  8.15725483e-06  7.59567476e-06  7.03444574e-06  6.47356657e-06
  5.91303611e-06  5.35285325e-06  4.79301692e-06  4.23352609e-06
  3.67437976e-06  3.11557699e-06  2.55711685e-06  1.99899848e-06
  1.44122101e-06  8.83783658e-07  3.26685632e-07 -2.30073803e-07
 -7.86495356e-07 -1.34257970e-06 -1.89832749e-06 -2.45373932e-06
 -3.00881579e-06 -3.56355745e-06 -4.11796482e-06 -4.67203839e-06
 -5.22577863e-06 -5.77918599e-06 -6.33226087e-06 -6.88500366e-06
 -7.43741472e-06 -7.98949438e-06 -8.54124295e-06 -9.09266072e-06
 -9.64374795e-06 -1.01945049e-05 -1.07449317e-05 -1.12950286e-05
 -1.18447958e-05 -1.23942335e-05 -1.29433416e-05 -1.34921205e-05
 -1.40405701e-05 -1.45886905e-05 -1.51364817e-05 -1.56839439e-05
 -1.62310769e-05 -1.67778808e-05 -1.73243555e-05 -1.78705010e-05
 -1.84163172e-05 -1.89618040e-05 -1.95069613e-05 -2.00517890e-05
 -2.05962870e-05 -2.11404551e-05 -2.16842932e-05 -2.22278010e-05
 -2.27709783e-05 -2.33138249e-05 -2.38563407e-05 -2.43985253e-05
 -2.49403784e-05 -2.54818999e-05 -2.60230894e-05 -2.65639466e-05
 -2.71044712e-05 -2.76446629e-05 -2.81845213e-05 -2.87240460e-05
 -2.92632368e-05 -2.98020931e-05 -3.03406147e-05 -3.08788011e-05
 -3.14166518e-05 -3.19541666e-05 -3.24913448e-05 -3.30281861e-05
 -3.35646900e-05 -3.41008560e-05 -3.46366837e-05 -3.51721725e-05
 -3.57073219e-05 -3.62421315e-05 -3.67766007e-05 -3.73107289e-05
 -3.78445156e-05 -3.83779602e-05 -3.89110623e-05 -3.94438212e-05
 -3.99762362e-05 -4.05083070e-05 -4.10400327e-05 -4.15714129e-05
 -4.21024469e-05 -4.26331340e-05 -4.31634737e-05 -4.36934653e-05
 -4.42231081e-05 -4.47524015e-05 -4.52813448e-05 -4.58099374e-05
 -4.63381785e-05 -4.68660675e-05 -4.73936037e-05 -4.79207863e-05
 -4.84476147e-05 -4.89740881e-05 -4.95002058e-05 -5.00259671e-05
 -5.05513712e-05 -5.10764174e-05 -5.16011050e-05 -5.21254332e-05
 -5.26494011e-05 -5.31730081e-05 -5.36962534e-05 -5.42191362e-05
 -5.47416557e-05 -5.52638111e-05 -5.57856016e-05 -5.63070264e-05
 -5.68280847e-05 -5.73487756e-05 -5.78690984e-05 -5.83890523e-05
 -5.89086363e-05 -5.94278497e-05 -5.99466916e-05 -6.04651612e-05
 -6.09832576e-05 -6.15009800e-05 -6.20183274e-05 -6.25352991e-05
 -6.30518942e-05 -6.35681117e-05 -6.40839509e-05 -6.45994107e-05
 -6.51144904e-05 -6.56291891e-05 -6.61435057e-05 -6.66574396e-05
 -6.71709896e-05 -6.76841550e-05 -6.81969348e-05 -6.87093282e-05
 -6.92213341e-05 -6.97329517e-05 -7.02441800e-05 -7.07550181e-05
 -7.12654651e-05 -7.17755200e-05 -7.22851819e-05 -7.27944499e-05
 -7.33033230e-05 -7.38118002e-05 -7.43198807e-05 -7.48275634e-05
 -7.53348474e-05 -7.58417316e-05 -7.63482153e-05 -7.68542973e-05
 -7.73599768e-05 -7.78652527e-05 -7.83701240e-05 -7.88745899e-05
 -7.93786492e-05 -7.98823011e-05 -8.03855445e-05 -8.08883784e-05
 -8.13908018e-05 -8.18928138e-05 -8.23944134e-05 -8.28955995e-05
 -8.33963711e-05 -8.38967273e-05 -8.43966670e-05 -8.48961892e-05
 -8.53952929e-05 -8.58939771e-05 -8.63922408e-05 -8.68900829e-05
 -8.73875025e-05 -8.78844985e-05 -8.83810698e-05 -8.88772155e-05
 -8.93729346e-05 -8.98682259e-05 -9.03630885e-05 -9.08575213e-05
 -9.13515233e-05 -9.18450934e-05 -9.23382307e-05 -9.28309340e-05
 -9.33232024e-05 -9.38150347e-05 -9.43064300e-05 -9.47973871e-05
 -9.52879050e-05 -9.57779828e-05 -9.62676192e-05 -9.67568134e-05
 -9.72455641e-05 -9.77338704e-05 -9.82217312e-05 -9.87091454e-05
 -9.91961120e-05 -9.96826299e-05 -1.00168698e-04 -1.00654315e-04
 -1.01139481e-04 -1.01624193e-04 -1.02108452e-04 -1.02592255e-04
 -1.03075602e-04 -1.03558492e-04 -1.04040923e-04 -1.04522895e-04
 -1.05004407e-04 -1.05485457e-04 -1.05966045e-04 -1.06446168e-04
 -1.06925827e-04 -1.07405020e-04 -1.07883746e-04 -1.08362004e-04
 -1.08839793e-04 -1.09317112e-04 -1.09793959e-04 -1.10270334e-04
 -1.10746236e-04 -1.11221663e-04 -1.11696614e-04 -1.12171088e-04
 -1.12645085e-04 -1.13118603e-04 -1.13591640e-04 -1.14064197e-04
 -1.14536271e-04 -1.15007862e-04 -1.15478969e-04 -1.15949590e-04
 -1.16419724e-04 -1.16889371e-04 -1.17358529e-04 -1.17827197e-04
 -1.18295374e-04 -1.18763059e-04 -1.19230250e-04 -1.19696948e-04
 -1.20163150e-04 -1.20628855e-04 -1.21094063e-04 -1.21558772e-04
 -1.22022981e-04 -1.22486690e-04 -1.22949896e-04 -1.23412599e-04
 -1.23874798e-04 -1.24336492e-04 -1.24797679e-04 -1.25258359e-04
 -1.25718530e-04 -1.26178191e-04 -1.26637341e-04 -1.27095979e-04
 -1.27554105e-04 -1.28011716e-04 -1.28468811e-04 -1.28925391e-04
 -1.29381452e-04 -1.29836996e-04 -1.30292019e-04 -1.30746521e-04
 -1.31200502e-04 -1.31653960e-04 -1.32106893e-04 -1.32559301e-04
 -1.33011183e-04 -1.33462537e-04 -1.33913362e-04 -1.34363658e-04
 -1.34813423e-04 -1.35262656e-04 -1.35711356e-04 -1.36159522e-04
 -1.36607152e-04 -1.37054246e-04 -1.37500803e-04 -1.37946821e-04
 -1.38392299e-04 -1.38837236e-04 -1.39281632e-04 -1.39725484e-04
 -1.40168793e-04 -1.40611556e-04 -1.41053772e-04 -1.41495441e-04
 -1.41936562e-04 -1.42377133e-04 -1.42817153e-04 -1.43256621e-04
 -1.43695536e-04 -1.44133897e-04 -1.44571703e-04 -1.45008952e-04
 -1.45445644e-04 -1.45881777e-04 -1.46317351e-04 -1.46752363e-04
 -1.47186814e-04 -1.47620702e-04 -1.48054026e-04 -1.48486785e-04
 -1.48918977e-04 -1.49350602e-04 -1.49781658e-04 -1.50212145e-04
 -1.50642061e-04 -1.51071405e-04 -1.51500176e-04 -1.51928373e-04
 -1.52355995e-04 -1.52783040e-04 -1.53209509e-04 -1.53635398e-04
 -1.54060709e-04 -1.54485438e-04 -1.54909586e-04 -1.55333151e-04
 -1.55756132e-04 -1.56178528e-04 -1.56600337e-04 -1.57021560e-04
 -1.57442194e-04 -1.57862238e-04 -1.58281692e-04 -1.58700554e-04
 -1.59118824e-04 -1.59536500e-04 -1.59953580e-04 -1.60370065e-04
 -1.60785952e-04 -1.61201242e-04 -1.61615932e-04 -1.62030021e-04
 -1.62443509e-04 -1.62856394e-04 -1.63268676e-04 -1.63680353e-04
 -1.64091424e-04 -1.64501888e-04 -1.64911744e-04 -1.65320991e-04
 -1.65729627e-04 -1.66137652e-04 -1.66545065e-04 -1.66951864e-04
 -1.67358049e-04 -1.67763618e-04 -1.68168570e-04 -1.68572904e-04
 -1.68976620e-04 -1.69379715e-04 -1.69782189e-04 -1.70184041e-04
 -1.70585270e-04 -1.70985875e-04 -1.71385854e-04 -1.71785206e-04
 -1.72183931e-04 -1.72582027e-04 -1.72979494e-04 -1.73376330e-04
 -1.73772534e-04 -1.74168105e-04 -1.74563042e-04 -1.74957343e-04
 -1.75351009e-04 -1.75744037e-04 -1.76136427e-04 -1.76528178e-04
 -1.76919288e-04 -1.77309757e-04 -1.77699583e-04 -1.78088765e-04
 -1.78477303e-04 -1.78865195e-04 -1.79252440e-04 -1.79639037e-04
 -1.80024985e-04 -1.80410283e-04 -1.80794930e-04 -1.81178925e-04
 -1.81562266e-04 -1.81944953e-04 -1.82326985e-04 -1.82708361e-04
 -1.83089079e-04 -1.83469138e-04 -1.83848538e-04 -1.84227277e-04
 -1.84605355e-04 -1.84982770e-04 -1.85359521e-04 -1.85735607e-04
 -1.86111028e-04 -1.86485781e-04 -1.86859867e-04 -1.87233283e-04
 -1.87606029e-04 -1.87978105e-04 -1.88349508e-04 -1.88720238e-04
 -1.89090293e-04 -1.89459674e-04 -1.89828378e-04 -1.90196405e-04
 -1.90563753e-04 -1.90930422e-04 -1.91296410e-04 -1.91661717e-04
 -1.92026342e-04 -1.92390282e-04 -1.92753539e-04 -1.93116109e-04
 -1.93477993e-04 -1.93839189e-04 -1.94199697e-04 -1.94559515e-04
 -1.94918642e-04 -1.95277077e-04 -1.95634819e-04 -1.95991868e-04
 -1.96348221e-04 -1.96703879e-04 -1.97058840e-04 -1.97413103e-04
 -1.97766667e-04 -1.98119531e-04 -1.98471694e-04 -1.98823155e-04
 -1.99173914e-04 -1.99523968e-04 -1.99873317e-04 -2.00221960e-04
 -2.00569896e-04 -2.00917124e-04 -2.01263643e-04 -2.01609452e-04
 -2.01954550e-04 -2.02298935e-04 -2.02642608e-04 -2.02985567e-04
 -2.03327810e-04 -2.03669338e-04 -2.04010148e-04 -2.04350241e-04
 -2.04689614e-04 -2.05028267e-04 -2.05366200e-04 -2.05703410e-04
 -2.06039897e-04 -2.06375661e-04 -2.06710699e-04 -2.07045011e-04
 -2.07378597e-04 -2.07711454e-04 -2.08043583e-04 -2.08374981e-04
 -2.08705649e-04 -2.09035585e-04 -2.09364788e-04 -2.09693257e-04
 -2.10020991e-04 -2.10347990e-04 -2.10674252e-04 -2.10999776e-04
 -2.11324562e-04 -2.11648608e-04 -2.11971913e-04 -2.12294477e-04
 -2.12616298e-04 -2.12937376e-04 -2.13257709e-04 -2.13577297e-04
 -2.13896138e-04 -2.14214232e-04 -2.14531578e-04 -2.14848174e-04
 -2.15164021e-04 -2.15479116e-04 -2.15793459e-04 -2.16107049e-04
 -2.16419885e-04 -2.16731966e-04 -2.17043291e-04 -2.17353860e-04
 -2.17663670e-04 -2.17972722e-04 -2.18281014e-04 -2.18588546e-04
 -2.18895316e-04 -2.19201323e-04 -2.19506567e-04 -2.19811047e-04
 -2.20114761e-04 -2.20417710e-04 -2.20719891e-04 -2.21021304e-04
 -2.21321948e-04 -2.21621822e-04 -2.21920926e-04 -2.22219257e-04
 -2.22516816e-04 -2.22813602e-04 -2.23109612e-04 -2.23404848e-04
 -2.23699307e-04 -2.23992989e-04 -2.24285893e-04 -2.24578017e-04
 -2.24869362e-04 -2.25159926e-04 -2.25449708e-04 -2.25738707e-04
 -2.26026923e-04 -2.26314354e-04 -2.26601000e-04 -2.26886860e-04
 -2.27171932e-04 -2.27456216e-04 -2.27739712e-04 -2.28022417e-04
 -2.28304332e-04 -2.28585455e-04 -2.28865786e-04 -2.29145323e-04
 -2.29424066e-04 -2.29702014e-04 -2.29979166e-04 -2.30255521e-04
 -2.30531078e-04 -2.30805836e-04 -2.31079795e-04 -2.31352953e-04
 -2.31625311e-04 -2.31896866e-04 -2.32167618e-04 -2.32437566e-04
 -2.32706709e-04 -2.32975047e-04 -2.33242579e-04 -2.33509303e-04
 -2.33775218e-04 -2.34040325e-04 -2.34304622e-04 -2.34568109e-04
 -2.34830783e-04 -2.35092646e-04 -2.35353695e-04 -2.35613930e-04
 -2.35873350e-04 -2.36131954e-04 -2.36389741e-04 -2.36646711e-04
 -2.36902863e-04 -2.37158196e-04 -2.37412709e-04 -2.37666400e-04
 -2.37919271e-04 -2.38171319e-04 -2.38422543e-04 -2.38672944e-04
 -2.38922519e-04 -2.39171269e-04 -2.39419192e-04 -2.39666288e-04
 -2.39912556e-04 -2.40157995e-04 -2.40402604e-04 -2.40646383e-04
 -2.40889330e-04 -2.41131444e-04 -2.41372726e-04 -2.41613174e-04
 -2.41852788e-04 -2.42091566e-04 -2.42329508e-04 -2.42566613e-04
 -2.42802880e-04 -2.43038308e-04 -2.43272898e-04 -2.43506647e-04
 -2.43739555e-04 -2.43971621e-04 -2.44202845e-04 -2.44433226e-04
 -2.44662763e-04 -2.44891455e-04 -2.45119301e-04 -2.45346302e-04
 -2.45572455e-04 -2.45797760e-04 -2.46022216e-04 -2.46245824e-04
 -2.46468581e-04 -2.46690487e-04 -2.46911542e-04 -2.47131744e-04
 -2.47351093e-04 -2.47569588e-04 -2.47787228e-04 -2.48004014e-04
 -2.48219943e-04 -2.48435015e-04 -2.48649230e-04 -2.48862586e-04
 -2.49075083e-04 -2.49286721e-04 -2.49497498e-04 -2.49707414e-04
 -2.49916467e-04 -2.50124658e-04 -2.50331986e-04 -2.50538450e-04
 -2.50744049e-04 -2.50948782e-04 -2.51152649e-04 -2.51355649e-04
 -2.51557782e-04 -2.51759046e-04 -2.51959441e-04 -2.52158966e-04
 -2.52357621e-04 -2.52555404e-04 -2.52752316e-04 -2.52948355e-04
 -2.53143521e-04 -2.53337814e-04 -2.53531231e-04 -2.53723773e-04
 -2.53915440e-04 -2.54106230e-04 -2.54296142e-04 -2.54485177e-04
 -2.54673332e-04 -2.54860609e-04 -2.55047006e-04 -2.55232522e-04
 -2.55417156e-04 -2.55600909e-04 -2.55783780e-04 -2.55965767e-04
 -2.56146870e-04 -2.56327088e-04 -2.56506422e-04 -2.56684869e-04
 -2.56862430e-04 -2.57039104e-04 -2.57214891e-04 -2.57389789e-04
 -2.57563798e-04 -2.57736917e-04 -2.57909146e-04 -2.58080485e-04
 -2.58250932e-04 -2.58420486e-04 -2.58589149e-04 -2.58756917e-04
 -2.58923792e-04 -2.59089773e-04 -2.59254858e-04 -2.59419047e-04
 -2.59582340e-04 -2.59744737e-04 -2.59906235e-04 -2.60066836e-04
 -2.60226538e-04 -2.60385341e-04 -2.60543244e-04 -2.60700246e-04
 -2.60856347e-04 -2.61011547e-04 -2.61165845e-04 -2.61319240e-04
 -2.61471732e-04 -2.61623320e-04 -2.61774003e-04 -2.61923782e-04
 -2.62072655e-04 -2.62220622e-04 -2.62367682e-04 -2.62513835e-04
 -2.62659080e-04 -2.62803418e-04 -2.62946846e-04 -2.63089365e-04
 -2.63230975e-04 -2.63371674e-04 -2.63511462e-04 -2.63650338e-04
 -2.63788303e-04 -2.63925355e-04 -2.64061494e-04 -2.64196720e-04
 -2.64331032e-04 -2.64464429e-04 -2.64596912e-04 -2.64728479e-04
 -2.64859129e-04 -2.64988864e-04 -2.65117681e-04 -2.65245581e-04
 -2.65372563e-04 -2.65498627e-04 -2.65623771e-04 -2.65747997e-04
 -2.65871302e-04 -2.65993687e-04 -2.66115151e-04 -2.66235695e-04
 -2.66355316e-04 -2.66474015e-04 -2.66591792e-04 -2.66708645e-04
 -2.66824575e-04 -2.66939581e-04 -2.67053663e-04 -2.67166820e-04
 -2.67279051e-04 -2.67390357e-04 -2.67500737e-04 -2.67610190e-04
 -2.67718716e-04 -2.67826315e-04 -2.67932986e-04 -2.68038729e-04
 -2.68143543e-04 -2.68247428e-04 -2.68350384e-04 -2.68452410e-04
 -2.68553505e-04 -2.68653670e-04 -2.68752904e-04 -2.68851206e-04
 -2.68948577e-04 -2.69045016e-04 -2.69140522e-04 -2.69235095e-04
 -2.69328735e-04 -2.69421441e-04 -2.69513213e-04 -2.69604051e-04
 -2.69693954e-04 -2.69782922e-04 -2.69870954e-04 -2.69958051e-04
 -2.70044211e-04 -2.70129436e-04 -2.70213723e-04 -2.70297073e-04
 -2.70379486e-04 -2.70460961e-04 -2.70541498e-04 -2.70621096e-04
 -2.70699756e-04 -2.70777476e-04 -2.70854258e-04 -2.70930099e-04
 -2.71005001e-04 -2.71078962e-04 -2.71151983e-04 -2.71224063e-04
 -2.71295202e-04 -2.71365399e-04 -2.71434655e-04 -2.71502968e-04
 -2.71570340e-04 -2.71636769e-04 -2.71702255e-04 -2.71766798e-04
 -2.71830398e-04 -2.71893054e-04 -2.71954766e-04 -2.72015535e-04
 -2.72075359e-04 -2.72134238e-04 -2.72192173e-04 -2.72249162e-04
 -2.72305207e-04 -2.72360306e-04 -2.72414459e-04 -2.72467666e-04
 -2.72519927e-04 -2.72571242e-04 -2.72621610e-04 -2.72671032e-04
 -2.72719506e-04 -2.72767034e-04 -2.72813614e-04 -2.72859246e-04
 -2.72903931e-04 -2.72947668e-04 -2.72990456e-04 -2.73032297e-04
 -2.73073189e-04 -2.73113132e-04 -2.73152127e-04 -2.73190173e-04
 -2.73227269e-04 -2.73263417e-04 -2.73298615e-04 -2.73332863e-04
 -2.73366162e-04 -2.73398511e-04 -2.73429910e-04 -2.73460359e-04
 -2.73489858e-04 -2.73518406e-04 -2.73546004e-04 -2.73572651e-04
 -2.73598348e-04 -2.73623094e-04 -2.73646889e-04 -2.73669733e-04
 -2.73691626e-04 -2.73712568e-04 -2.73732558e-04 -2.73751597e-04
 -2.73769685e-04 -2.73786821e-04 -2.73803006e-04 -2.73818239e-04
 -2.73832520e-04 -2.73845850e-04 -2.73858227e-04 -2.73869653e-04
 -2.73880127e-04 -2.73889649e-04 -2.73898218e-04 -2.73905836e-04
 -2.73912502e-04 -2.73918215e-04 -2.73922976e-04 -2.73926785e-04
 -2.73929642e-04 -2.73931546e-04 -2.73932499e-04 -2.73932499e-04]