[1.02937155e-04 1.02735768e-04 1.02543678e-04 1.02359376e-04
 1.02181715e-04 1.02009802e-04 1.01842926e-04 1.01680512e-04
 1.01522087e-04 1.01367258e-04 1.01215694e-04 1.01067114e-04
 1.00921276e-04 1.00777971e-04 1.00637016e-04 1.00498251e-04
 1.00361535e-04 1.00226742e-04 1.00093759e-04 9.99624851e-05
 9.98328301e-05 9.97047111e-05 9.95780535e-05 9.94527888e-05
 9.93288546e-05 9.92061935e-05 9.90847527e-05 9.89644832e-05
 9.88453400e-05 9.87272811e-05 9.86102675e-05 9.84942628e-05
 9.83792330e-05 9.82651463e-05 9.81519729e-05 9.80396847e-05
 9.79282554e-05 9.78176600e-05 9.77078752e-05 9.75988786e-05
 9.74906494e-05 9.73831675e-05 9.72764141e-05 9.71703712e-05
 9.70650217e-05 9.69603493e-05 9.68563384e-05 9.67529743e-05
 9.66502428e-05 9.65481303e-05 9.64466238e-05 9.63457110e-05
 9.62453799e-05 9.61456191e-05 9.60464175e-05 9.59477647e-05
 9.58496505e-05 9.57520650e-05 9.56549989e-05 9.55584431e-05
 9.54623888e-05 9.53668277e-05 9.52717514e-05 9.51771522e-05
 9.50830224e-05 9.49893546e-05 9.48961417e-05 9.48033768e-05
 9.47110531e-05 9.46191643e-05 9.45277040e-05 9.44366661e-05
 9.43460446e-05 9.42558338e-05 9.41660281e-05 9.40766222e-05
 9.39876106e-05 9.38989882e-05 9.38107502e-05 9.37228915e-05
 9.36354074e-05 9.35482934e-05 9.34615449e-05 9.33751575e-05
 9.32891271e-05 9.32034493e-05 9.31181201e-05 9.30331357e-05
 9.29484920e-05 9.28641853e-05 9.27802119e-05 9.26965682e-05
 9.26132507e-05 9.25302559e-05 9.24475805e-05 9.23652211e-05
 9.22831745e-05 9.22014375e-05 9.21200072e-05 9.20388803e-05
 9.19580541e-05 9.18775255e-05 9.17972918e-05 9.17173501e-05
 9.16376977e-05 9.15583319e-05 9.14792502e-05 9.14004499e-05
 9.13219285e-05 9.12436836e-05 9.11657127e-05 9.10880134e-05
 9.10105834e-05 9.09334204e-05 9.08565221e-05 9.07798863e-05
 9.07035109e-05 9.06273937e-05 9.05515326e-05 9.04759255e-05
 9.04005705e-05 9.03254655e-05 9.02506085e-05 9.01759977e-05
 9.01016311e-05 9.00275069e-05 8.99536232e-05 8.98799783e-05
 8.98065703e-05 8.97333975e-05 8.96604583e-05 8.95877508e-05
 8.95152735e-05 8.94430247e-05 8.93710028e-05 8.92992061e-05
 8.92276332e-05 8.91562825e-05 8.90851524e-05 8.90142415e-05
 8.89435483e-05 8.88730713e-05 8.88028091e-05 8.87327603e-05
 8.86629235e-05 8.85932973e-05 8.85238804e-05 8.84546714e-05
 8.83856691e-05 8.83168720e-05 8.82482790e-05 8.81798887e-05
 8.81117000e-05 8.80437115e-05 8.79759222e-05 8.79083307e-05
 8.78409359e-05 8.77737366e-05 8.77067317e-05 8.76399200e-05
 8.75733005e-05 8.75068720e-05 8.74406333e-05 8.73745835e-05
 8.73087215e-05 8.72430462e-05 8.71775565e-05 8.71122515e-05
 8.70471301e-05 8.69821913e-05 8.69174342e-05 8.68528577e-05
 8.67884608e-05 8.67242427e-05 8.66602023e-05 8.65963388e-05
 8.65326512e-05 8.64691385e-05 8.64058000e-05 8.63426347e-05
 8.62796417e-05 8.62168201e-05 8.61541691e-05 8.60916878e-05
 8.60293754e-05 8.59672310e-05 8.59052539e-05 8.58434431e-05
 8.57817979e-05 8.57203176e-05 8.56590012e-05 8.55978480e-05
 8.55368573e-05 8.54760282e-05 8.54153601e-05 8.53548521e-05
 8.52945036e-05 8.52343137e-05 8.51742818e-05 8.51144071e-05
 8.50546889e-05 8.49951266e-05 8.49357194e-05 8.48764665e-05
 8.48173675e-05 8.47584215e-05 8.46996279e-05 8.46409860e-05
 8.45824951e-05 8.45241547e-05 8.44659641e-05 8.44079226e-05
 8.43500295e-05 8.42922844e-05 8.42346864e-05 8.41772352e-05
 8.41199299e-05 8.40627700e-05 8.40057550e-05 8.39488841e-05
 8.38921569e-05 8.38355728e-05 8.37791311e-05 8.37228313e-05
 8.36666729e-05 8.36106552e-05 8.35547777e-05 8.34990399e-05
 8.34434413e-05 8.33879811e-05 8.33326591e-05 8.32774745e-05
 8.32224269e-05 8.31675158e-05 8.31127406e-05 8.30581008e-05
 8.30035959e-05 8.29492254e-05 8.28949888e-05 8.28408856e-05
 8.27869154e-05 8.27330775e-05 8.26793716e-05 8.26257972e-05
 8.25723537e-05 8.25190408e-05 8.24658578e-05 8.24128045e-05
 8.23598803e-05 8.23070847e-05 8.22544173e-05 8.22018777e-05
 8.21494654e-05 8.20971799e-05 8.20450209e-05 8.19929878e-05
 8.19410803e-05 8.18892979e-05 8.18376403e-05 8.17861069e-05
 8.17346973e-05 8.16834112e-05 8.16322482e-05 8.15812077e-05
 8.15302895e-05 8.14794930e-05 8.14288180e-05 8.13782640e-05
 8.13278306e-05 8.12775175e-05 8.12273242e-05 8.11772503e-05
 8.11272955e-05 8.10774594e-05 8.10277416e-05 8.09781418e-05
 8.09286595e-05 8.08792944e-05 8.08300462e-05 8.07809144e-05
 8.07318988e-05 8.06829989e-05 8.06342144e-05 8.05855450e-05
 8.05369902e-05 8.04885498e-05 8.04402234e-05 8.03920107e-05
 8.03439112e-05 8.02959248e-05 8.02480510e-05 8.02002895e-05
 8.01526400e-05 8.01051022e-05 8.00576757e-05 8.00103602e-05
 7.99631553e-05 7.99160609e-05 7.98690764e-05 7.98222018e-05
 7.97754365e-05 7.97287803e-05 7.96822329e-05 7.96357940e-05
 7.95894633e-05 7.95432405e-05 7.94971252e-05 7.94511173e-05
 7.94052163e-05 7.93594220e-05 7.93137341e-05 7.92681523e-05
 7.92226763e-05 7.91773059e-05 7.91320407e-05 7.90868804e-05
 7.90418249e-05 7.89968737e-05 7.89520266e-05 7.89072834e-05
 7.88626438e-05 7.88181075e-05 7.87736742e-05 7.87293437e-05
 7.86851156e-05 7.86409898e-05 7.85969659e-05 7.85530437e-05
 7.85092230e-05 7.84655034e-05 7.84218848e-05 7.83783668e-05
 7.83349493e-05 7.82916319e-05 7.82484144e-05 7.82052965e-05
 7.81622781e-05 7.81193588e-05 7.80765385e-05 7.80338168e-05
 7.79911935e-05 7.79486684e-05 7.79062413e-05 7.78639119e-05
 7.78216800e-05 7.77795453e-05 7.77375076e-05 7.76955667e-05
 7.76537223e-05 7.76119743e-05 7.75703223e-05 7.75287662e-05
 7.74873057e-05 7.74459407e-05 7.74046708e-05 7.73634959e-05
 7.73224157e-05 7.72814301e-05 7.72405387e-05 7.71997415e-05
 7.71590381e-05 7.71184284e-05 7.70779122e-05 7.70374891e-05
 7.69971592e-05 7.69569220e-05 7.69167774e-05 7.68767253e-05
 7.68367653e-05 7.67968974e-05 7.67571212e-05 7.67174366e-05
 7.66778435e-05 7.66383415e-05 7.65989304e-05 7.65596102e-05
 7.65203806e-05 7.64812414e-05 7.64421924e-05 7.64032334e-05
 7.63643642e-05 7.63255846e-05 7.62868945e-05 7.62482937e-05
 7.62097819e-05 7.61713590e-05 7.61330247e-05 7.60947790e-05
 7.60566216e-05 7.60185523e-05 7.59805710e-05 7.59426775e-05
 7.59048715e-05 7.58671530e-05 7.58295217e-05 7.57919775e-05
 7.57545201e-05 7.57171495e-05 7.56798654e-05 7.56426676e-05
 7.56055561e-05 7.55685305e-05 7.55315908e-05 7.54947368e-05
 7.54579683e-05 7.54212851e-05 7.53846871e-05 7.53481741e-05
 7.53117460e-05 7.52754025e-05 7.52391436e-05 7.52029690e-05
 7.51668785e-05 7.51308721e-05 7.50949496e-05 7.50591108e-05
 7.50233555e-05 7.49876836e-05 7.49520950e-05 7.49165894e-05
 7.48811668e-05 7.48458269e-05 7.48105696e-05 7.47753948e-05
 7.47403023e-05 7.47052920e-05 7.46703636e-05 7.46355171e-05
 7.46007524e-05 7.45660691e-05 7.45314673e-05 7.44969468e-05
 7.44625073e-05 7.44281489e-05 7.43938712e-05 7.43596743e-05
 7.43255579e-05 7.42915219e-05 7.42575661e-05 7.42236904e-05
 7.41898948e-05 7.41561789e-05 7.41225427e-05 7.40889861e-05
 7.40555090e-05 7.40221111e-05 7.39887923e-05 7.39555525e-05
 7.39223916e-05 7.38893095e-05 7.38563059e-05 7.38233809e-05
 7.37905341e-05 7.37577656e-05 7.37250751e-05 7.36924626e-05
 7.36599279e-05 7.36274709e-05 7.35950914e-05 7.35627894e-05
 7.35305647e-05 7.34984171e-05 7.34663466e-05 7.34343530e-05
 7.34024362e-05 7.33705960e-05 7.33388324e-05 7.33071453e-05
 7.32755344e-05 7.32439997e-05 7.32125411e-05 7.31811584e-05
 7.31498515e-05 7.31186203e-05 7.30874647e-05 7.30563845e-05
 7.30253797e-05 7.29944501e-05 7.29635956e-05 7.29328161e-05
 7.29021115e-05 7.28714816e-05 7.28409264e-05 7.28104457e-05
 7.27800394e-05 7.27497074e-05 7.27194495e-05 7.26892658e-05
 7.26591560e-05 7.26291201e-05 7.25991579e-05 7.25692693e-05
 7.25394543e-05 7.25097126e-05 7.24800443e-05 7.24504492e-05
 7.24209271e-05 7.23914780e-05 7.23621018e-05 7.23327984e-05
 7.23035676e-05 7.22744093e-05 7.22453236e-05 7.22163101e-05
 7.21873689e-05 7.21584999e-05 7.21297028e-05 7.21009777e-05
 7.20723245e-05 7.20437429e-05 7.20152330e-05 7.19867946e-05
 7.19584277e-05 7.19301320e-05 7.19019076e-05 7.18737543e-05
 7.18456721e-05 7.18176607e-05 7.17897202e-05 7.17618505e-05
 7.17340514e-05 7.17063228e-05 7.16786647e-05 7.16510769e-05
 7.16235594e-05 7.15961120e-05 7.15687348e-05 7.15414274e-05
 7.15141900e-05 7.14870224e-05 7.14599244e-05 7.14328961e-05
 7.14059373e-05 7.13790479e-05 7.13522278e-05 7.13254770e-05
 7.12987953e-05 7.12721826e-05 7.12456390e-05 7.12191642e-05
 7.11927582e-05 7.11664210e-05 7.11401523e-05 7.11139522e-05
 7.10878205e-05 7.10617572e-05 7.10357621e-05 7.10098353e-05
 7.09839765e-05 7.09581857e-05 7.09324629e-05 7.09068079e-05
 7.08812207e-05 7.08557012e-05 7.08302492e-05 7.08048648e-05
 7.07795478e-05 7.07542982e-05 7.07291158e-05 7.07040006e-05
 7.06789525e-05 7.06539714e-05 7.06290573e-05 7.06042100e-05
 7.05794295e-05 7.05547157e-05 7.05300686e-05 7.05054879e-05
 7.04809738e-05 7.04565260e-05 7.04321446e-05 7.04078294e-05
 7.03835803e-05 7.03593974e-05 7.03352804e-05 7.03112294e-05
 7.02872442e-05 7.02633248e-05 7.02394711e-05 7.02156830e-05
 7.01919605e-05 7.01683035e-05 7.01447118e-05 7.01211856e-05
 7.00977245e-05 7.00743287e-05 7.00509979e-05 7.00277323e-05
 7.00045315e-05 6.99813957e-05 6.99583248e-05 6.99353185e-05
 6.99123770e-05 6.98895001e-05 6.98666877e-05 6.98439398e-05
 6.98212563e-05 6.97986372e-05 6.97760823e-05 6.97535916e-05
 6.97311651e-05 6.97088026e-05 6.96865042e-05 6.96642696e-05
 6.96420989e-05 6.96199921e-05 6.95979489e-05 6.95759694e-05
 6.95540536e-05 6.95322012e-05 6.95104124e-05 6.94886869e-05
 6.94670248e-05 6.94454259e-05 6.94238903e-05 6.94024178e-05
 6.93810083e-05 6.93596619e-05 6.93383785e-05 6.93171580e-05
 6.92960003e-05 6.92749053e-05 6.92538731e-05 6.92329035e-05
 6.92119965e-05 6.91911520e-05 6.91703700e-05 6.91496504e-05
 6.91289931e-05 6.91083982e-05 6.90878654e-05 6.90673948e-05
 6.90469863e-05 6.90266398e-05 6.90063554e-05 6.89861328e-05
 6.89659721e-05 6.89458733e-05 6.89258362e-05 6.89058607e-05
 6.88859470e-05 6.88660948e-05 6.88463041e-05 6.88265749e-05
 6.88069071e-05 6.87873006e-05 6.87677555e-05 6.87482716e-05
 6.87288489e-05 6.87094873e-05 6.86901868e-05 6.86709473e-05
 6.86517688e-05 6.86326512e-05 6.86135945e-05 6.85945986e-05
 6.85756634e-05 6.85567889e-05 6.85379751e-05 6.85192219e-05
 6.85005292e-05 6.84818970e-05 6.84633252e-05 6.84448139e-05
 6.84263629e-05 6.84079721e-05 6.83896416e-05 6.83713713e-05
 6.83531611e-05 6.83350109e-05 6.83169209e-05 6.82988908e-05
 6.82809206e-05 6.82630103e-05 6.82451598e-05 6.82273691e-05
 6.82096382e-05 6.81919669e-05 6.81743553e-05 6.81568033e-05
 6.81393108e-05 6.81218778e-05 6.81045042e-05 6.80871901e-05
 6.80699353e-05 6.80527398e-05 6.80356035e-05 6.80185265e-05
 6.80015086e-05 6.79845499e-05 6.79676502e-05 6.79508096e-05
 6.79340279e-05 6.79173052e-05 6.79006413e-05 6.78840363e-05
 6.78674901e-05 6.78510027e-05 6.78345740e-05 6.78182039e-05
 6.78018925e-05 6.77856396e-05 6.77694453e-05 6.77533095e-05
 6.77372321e-05 6.77212131e-05 6.77052526e-05 6.76893503e-05
 6.76735063e-05 6.76577205e-05 6.76419930e-05 6.76263236e-05
 6.76107123e-05 6.75951591e-05 6.75796639e-05 6.75642267e-05
 6.75488475e-05 6.75335262e-05 6.75182627e-05 6.75030571e-05
 6.74879092e-05 6.74728191e-05 6.74577867e-05 6.74428120e-05
 6.74278949e-05 6.74130355e-05 6.73982335e-05 6.73834891e-05
 6.73688022e-05 6.73541726e-05 6.73396005e-05 6.73250858e-05
 6.73106284e-05 6.72962282e-05 6.72818853e-05 6.72675997e-05
 6.72533712e-05 6.72391998e-05 6.72250856e-05 6.72110284e-05
 6.71970282e-05 6.71830850e-05 6.71691988e-05 6.71553695e-05
 6.71415971e-05 6.71278815e-05 6.71142228e-05 6.71006208e-05
 6.70870756e-05 6.70735871e-05 6.70601553e-05 6.70467801e-05
 6.70334615e-05 6.70201995e-05 6.70069940e-05 6.69938451e-05
 6.69807526e-05 6.69677165e-05 6.69547369e-05 6.69418136e-05
 6.69289466e-05 6.69161360e-05 6.69033817e-05 6.68906836e-05
 6.68780417e-05 6.68654559e-05 6.68529264e-05 6.68404529e-05
 6.68280355e-05 6.68156742e-05 6.68033689e-05 6.67911196e-05
 6.67789262e-05 6.67667888e-05 6.67547073e-05 6.67426816e-05
 6.67307118e-05 6.67187978e-05 6.67069395e-05 6.66951370e-05
 6.66833903e-05 6.66716992e-05 6.66600637e-05 6.66484839e-05
 6.66369598e-05 6.66254911e-05 6.66140781e-05 6.66027205e-05
 6.65914184e-05 6.65801718e-05 6.65689806e-05 6.65578449e-05
 6.65467645e-05 6.65357394e-05 6.65247697e-05 6.65138553e-05
 6.65029961e-05 6.64921922e-05 6.64814435e-05 6.64707499e-05
 6.64601116e-05 6.64495283e-05 6.64390002e-05 6.64285272e-05
 6.64181092e-05 6.64077462e-05 6.63974383e-05 6.63871853e-05
 6.63769873e-05 6.63668442e-05 6.63567561e-05 6.63467228e-05
 6.63367443e-05 6.63268207e-05 6.63169519e-05 6.63071379e-05
 6.62973786e-05 6.62876741e-05 6.62780243e-05 6.62684292e-05
 6.62588887e-05 6.62494029e-05 6.62399717e-05 6.62305951e-05
 6.62212731e-05 6.62120056e-05 6.62027926e-05 6.61936342e-05
 6.61845302e-05 6.61754807e-05 6.61664856e-05 6.61575450e-05
 6.61486587e-05 6.61398268e-05 6.61310493e-05 6.61223261e-05
 6.61136572e-05 6.61050426e-05 6.60964822e-05 6.60879761e-05
 6.60795243e-05 6.60711266e-05 6.60627832e-05 6.60544938e-05
 6.60462587e-05 6.60380776e-05 6.60299507e-05 6.60218779e-05
 6.60138591e-05 6.60058944e-05 6.59979837e-05 6.59901270e-05
 6.59823243e-05 6.59745756e-05 6.59668808e-05 6.59592400e-05
 6.59516531e-05 6.59441200e-05 6.59366409e-05 6.59292156e-05
 6.59218442e-05 6.59145266e-05 6.59072628e-05 6.59000528e-05
 6.58928966e-05 6.58857941e-05 6.58787454e-05 6.58717504e-05
 6.58648091e-05 6.58579215e-05 6.58510876e-05 6.58443073e-05
 6.58375807e-05 6.58309077e-05 6.58242883e-05 6.58177225e-05
 6.58112103e-05 6.58047517e-05 6.57983466e-05 6.57919950e-05
 6.57856970e-05 6.57794524e-05 6.57732614e-05 6.57671238e-05
 6.57610397e-05 6.57550090e-05 6.57490318e-05 6.57431079e-05
 6.57372375e-05 6.57314205e-05 6.57256568e-05 6.57199465e-05
 6.57142896e-05 6.57086859e-05 6.57031356e-05 6.56976387e-05
 6.56921950e-05 6.56868046e-05 6.56814674e-05 6.56761835e-05
 6.56709529e-05 6.56657755e-05 6.56606513e-05 6.56555803e-05
 6.56505625e-05 6.56455979e-05 6.56406865e-05 6.56358283e-05
 6.56310231e-05 6.56262712e-05 6.56215723e-05 6.56169266e-05
 6.56123340e-05 6.56077944e-05 6.56033080e-05 6.55988746e-05
 6.55944943e-05 6.55901670e-05 6.55858928e-05 6.55816716e-05
 6.55775035e-05 6.55733883e-05 6.55693262e-05 6.55653170e-05
 6.55613608e-05 6.55574576e-05 6.55536074e-05 6.55498101e-05
 6.55460658e-05 6.55423744e-05 6.55387360e-05 6.55351504e-05
 6.55316178e-05 6.55281381e-05 6.55247113e-05 6.55213374e-05
 6.55180163e-05 6.55147482e-05 6.55115328e-05 6.55083704e-05
 6.55052608e-05 6.55022041e-05 6.54992001e-05 6.54962490e-05
 6.54933508e-05 6.54905053e-05 6.54877127e-05 6.54849729e-05
 6.54822858e-05 6.54796516e-05 6.54770701e-05 6.54745414e-05
 6.54720655e-05 6.54696424e-05 6.54672720e-05 6.54649543e-05
 6.54626895e-05 6.54604773e-05 6.54583179e-05 6.54562113e-05
 6.54541573e-05 6.54521561e-05 6.54502076e-05 6.54483119e-05
 6.54464688e-05 6.54446784e-05 6.54429408e-05 6.54412558e-05
 6.54396236e-05 6.54380440e-05 6.54365171e-05 6.54350429e-05
 6.54336214e-05 6.54322526e-05 6.54309364e-05 6.54296729e-05
 6.54284621e-05 6.54273039e-05 6.54261984e-05 6.54251456e-05
 6.54241454e-05 6.54231979e-05 6.54223030e-05 6.54214608e-05
 6.54206712e-05 6.54199342e-05 6.54192500e-05 6.54186183e-05
 6.54180393e-05 6.54175130e-05 6.54170392e-05 6.54166182e-05
 6.54162497e-05 6.54159339e-05 6.54156707e-05 6.54154602e-05
 6.54153023e-05 6.54151970e-05 6.54151444e-05 6.54151444e-05]