[4.90505437e-05 4.85391834e-05 4.80489645e-05 4.75745108e-05
 4.70973791e-05 4.66282436e-05 4.61539318e-05 4.56801443e-05
 4.51985395e-05 4.47237282e-05 4.42437872e-05 4.37655946e-05
 4.32907447e-05 4.28151791e-05 4.23422479e-05 4.18739493e-05
 4.14028858e-05 4.09333076e-05 4.04666134e-05 4.00019700e-05
 3.95390245e-05 3.90813618e-05 3.86251435e-05 3.81715902e-05
 3.77227517e-05 3.72793204e-05 3.68407604e-05 3.64055831e-05
 3.59756188e-05 3.55517360e-05 3.51319875e-05 3.47157672e-05
 3.43021326e-05 3.38935271e-05 3.34868107e-05 3.30841725e-05
 3.26813548e-05 3.22821565e-05 3.18858965e-05 3.14934349e-05
 3.11059923e-05 3.07230906e-05 3.03422453e-05 2.99657304e-05
 2.95919667e-05 2.92208017e-05 2.88548862e-05 2.84936219e-05
 2.81351020e-05 2.77798156e-05 2.74281229e-05 2.70809517e-05
 2.67371671e-05 2.63979998e-05 2.60625586e-05 2.57306435e-05
 2.54014625e-05 2.50742317e-05 2.47509845e-05 2.44336824e-05
 2.41195487e-05 2.38081941e-05 2.35000629e-05 2.31963998e-05
 2.28964314e-05 2.25993878e-05 2.23041520e-05 2.20128926e-05
 2.17260559e-05 2.14425956e-05 2.11622085e-05 2.08862600e-05
 2.06143450e-05 2.03445949e-05 2.00794268e-05 1.98170413e-05
 1.95572852e-05 1.93003399e-05 1.90467438e-05 1.87963860e-05
 1.85502591e-05 1.83071610e-05 1.80659878e-05 1.78273257e-05
 1.75912017e-05 1.73579515e-05 1.71277975e-05 1.69003013e-05
 1.66749873e-05 1.64529811e-05 1.62343724e-05 1.60179463e-05
 1.58047496e-05 1.55943186e-05 1.53862121e-05 1.51806164e-05
 1.49770034e-05 1.47754794e-05 1.45767982e-05 1.43816189e-05
 1.41885855e-05 1.39974179e-05 1.38087068e-05 1.36221874e-05
 1.34389894e-05 1.32581397e-05 1.30795335e-05 1.29034453e-05
 1.27292292e-05 1.25571009e-05 1.23870326e-05 1.22195355e-05
 1.20540809e-05 1.18901591e-05 1.17283711e-05 1.15685079e-05
 1.14114253e-05 1.12561947e-05 1.11030983e-05 1.09521108e-05
 1.08027286e-05 1.06556968e-05 1.05106539e-05 1.03670625e-05
 1.02256357e-05 1.00858537e-05 9.94769605e-06 9.81169316e-06
 9.67759824e-06 9.54522091e-06 9.41462411e-06 9.28609695e-06
 9.15904998e-06 9.03354711e-06 8.90976164e-06 8.78730700e-06
 8.66637951e-06 8.54685221e-06 8.42859755e-06 8.31235245e-06
 8.19782789e-06 8.08478572e-06 7.97331923e-06 7.86338986e-06
 7.75471248e-06 7.64755610e-06 7.54146974e-06 7.43644539e-06
 7.33285991e-06 7.23056275e-06 7.12987139e-06 7.03034598e-06
 6.93227772e-06 6.83522707e-06 6.73985088e-06 6.64587142e-06
 6.55286168e-06 6.46104383e-06 6.37034181e-06 6.28098008e-06
 6.19286029e-06 6.10580008e-06 6.02005337e-06 5.93575421e-06
 5.85254509e-06 5.77075656e-06 5.69008905e-06 5.61027589e-06
 5.53171406e-06 5.45392615e-06 5.37701177e-06 5.30116978e-06
 5.22624093e-06 5.15236851e-06 5.07972387e-06 5.00802571e-06
 4.93738334e-06 4.86767171e-06 4.79891362e-06 4.73131688e-06
 4.66464358e-06 4.59898814e-06 4.53433042e-06 4.47034723e-06
 4.40741196e-06 4.34553284e-06 4.28452198e-06 4.22451179e-06
 4.16550794e-06 4.10749274e-06 4.05013859e-06 3.99372659e-06
 3.93818429e-06 3.88317100e-06 3.82885618e-06 3.77532546e-06
 3.72239387e-06 3.67027822e-06 3.61882328e-06 3.56825416e-06
 3.51836943e-06 3.46928777e-06 3.42089763e-06 3.37319190e-06
 3.32619717e-06 3.27990251e-06 3.23421174e-06 3.18912888e-06
 3.14463677e-06 3.10072668e-06 3.05745039e-06 3.01461299e-06
 2.97239592e-06 2.93073446e-06 2.88983994e-06 2.84955606e-06
 2.80981259e-06 2.77069160e-06 2.73211564e-06 2.69403554e-06
 2.65632372e-06 2.61922711e-06 2.58271995e-06 2.54668373e-06
 2.51111508e-06 2.47604050e-06 2.44132842e-06 2.40715932e-06
 2.37357603e-06 2.34043253e-06 2.30763162e-06 2.27534005e-06
 2.24351015e-06 2.21199748e-06 2.18096863e-06 2.15042553e-06
 2.12034360e-06 2.09059086e-06 2.06127217e-06 2.03241201e-06
 2.00402721e-06 1.97608852e-06 1.94850907e-06 1.92134209e-06
 1.89448882e-06 1.86805898e-06 1.84206540e-06 1.81644577e-06
 1.79117163e-06 1.76625842e-06 1.74169407e-06 1.71744892e-06
 1.69355017e-06 1.66990408e-06 1.64654928e-06 1.62357586e-06
 1.60085060e-06 1.57832814e-06 1.55610566e-06 1.53415911e-06
 1.51251158e-06 1.49112258e-06 1.47006548e-06 1.44929232e-06
 1.42874595e-06 1.40853200e-06 1.38859057e-06 1.36891774e-06
 1.34956095e-06 1.33056981e-06 1.31186220e-06 1.29344270e-06
 1.27523703e-06 1.25732454e-06 1.23967917e-06 1.22225449e-06
 1.20507341e-06 1.18815427e-06 1.17147350e-06 1.15502383e-06
 1.13880609e-06 1.12276334e-06 1.10692000e-06 1.09137475e-06
 1.07608888e-06 1.06101034e-06 1.04613645e-06 1.03149939e-06
 1.01706996e-06 1.00286275e-06 9.88900685e-07 9.75176132e-07
 9.61649121e-07 9.48295198e-07 9.35094005e-07 9.22102452e-07
 9.09262339e-07 8.96612452e-07 8.84167239e-07 8.71911830e-07
 8.59826810e-07 8.47923235e-07 8.36187806e-07 8.24657856e-07
 8.13286437e-07 8.02057445e-07 7.90997988e-07 7.80121921e-07
 7.69403920e-07 7.58834133e-07 7.48432480e-07 7.38186110e-07
 7.28065173e-07 7.18050958e-07 7.08176619e-07 6.98456766e-07
 6.88894280e-07 6.79466579e-07 6.70160892e-07 6.60995043e-07
 6.51957885e-07 6.43059427e-07 6.34272082e-07 6.25639125e-07
 6.17100588e-07 6.08695943e-07 6.00409797e-07 5.92246544e-07
 5.84200476e-07 5.76255702e-07 5.68443875e-07 5.60720001e-07
 5.53097056e-07 5.45576831e-07 5.38156258e-07 5.30840695e-07
 5.23626763e-07 5.16506118e-07 5.09486147e-07 5.02561365e-07
 4.95732688e-07 4.88993172e-07 4.82356463e-07 4.75810837e-07
 4.69342702e-07 4.62956838e-07 4.56657695e-07 4.50448277e-07
 4.44303099e-07 4.38250955e-07 4.32295222e-07 4.26432809e-07
 4.20643517e-07 4.14924974e-07 4.09294255e-07 4.03753482e-07
 3.98297909e-07 3.92907556e-07 3.87576435e-07 3.82299730e-07
 3.77075052e-07 3.71911266e-07 3.66821387e-07 3.61812974e-07
 3.56879701e-07 3.52025452e-07 3.47244086e-07 3.42537970e-07
 3.37904431e-07 3.33337526e-07 3.28830042e-07 3.24386192e-07
 3.20002518e-07 3.15686485e-07 3.11433479e-07 3.07243753e-07
 3.03118082e-07 2.99052140e-07 2.95039743e-07 2.91082743e-07
 2.87183197e-07 2.83342472e-07 2.79554785e-07 2.75824015e-07
 2.72146421e-07 2.68520124e-07 2.64943318e-07 2.61406769e-07
 2.57919512e-07 2.54484121e-07 2.51096043e-07 2.47755195e-07
 2.44462397e-07 2.41209818e-07 2.38000341e-07 2.34834767e-07
 2.31704651e-07 2.28612148e-07 2.25555126e-07 2.22536752e-07
 2.19557595e-07 2.16620269e-07 2.13721983e-07 2.10865934e-07
 2.08048023e-07 2.05267795e-07 2.02525433e-07 1.99819048e-07
 1.97145834e-07 1.94505540e-07 1.91899816e-07 1.89328844e-07
 1.86791683e-07 1.84288555e-07 1.81817124e-07 1.79377091e-07
 1.76971190e-07 1.74595527e-07 1.72249474e-07 1.69933171e-07
 1.67645855e-07 1.65389568e-07 1.63169235e-07 1.60980103e-07
 1.58820983e-07 1.56692102e-07 1.54592056e-07 1.52518456e-07
 1.50471029e-07 1.48452268e-07 1.46463523e-07 1.44497688e-07
 1.42557811e-07 1.40645663e-07 1.38760522e-07 1.36901180e-07
 1.35069168e-07 1.33260215e-07 1.31473681e-07 1.29709276e-07
 1.27968963e-07 1.26250849e-07 1.24556116e-07 1.22882588e-07
 1.21230984e-07 1.19601893e-07 1.17995163e-07 1.16410517e-07
 1.14847197e-07 1.13304312e-07 1.11781735e-07 1.10279764e-07
 1.08799489e-07 1.07338856e-07 1.05896894e-07 1.04474312e-07
 1.03071834e-07 1.01687070e-07 1.00319111e-07 9.89686931e-08
 9.76362813e-08 9.63195451e-08 9.50204240e-08 9.37386039e-08
 9.24715072e-08 9.12193451e-08 8.99839789e-08 8.87641749e-08
 8.75595627e-08 8.63688357e-08 8.51929306e-08 8.40319358e-08
 8.28853654e-08 8.17545936e-08 8.06388691e-08 7.95357717e-08
 7.84480303e-08 7.73726123e-08 7.63100327e-08 7.52606497e-08
 7.42243598e-08 7.32000979e-08 7.21883998e-08 7.11885140e-08
 7.02004997e-08 6.92263060e-08 6.82635988e-08 6.73119613e-08
 6.63724948e-08 6.54438658e-08 6.45247676e-08 6.36147436e-08
 6.27164359e-08 6.18298627e-08 6.09542280e-08 6.00895956e-08
 5.92352733e-08 5.83921532e-08 5.75599565e-08 5.67374806e-08
 5.59242786e-08 5.51198773e-08 5.43241728e-08 5.35369379e-08
 5.27582997e-08 5.19893673e-08 5.12295744e-08 5.04787246e-08
 4.97366554e-08 4.90044089e-08 4.82811831e-08 4.75670615e-08
 4.68608944e-08 4.61632946e-08 4.54737690e-08 4.47947065e-08
 4.41257441e-08 4.34675210e-08 4.28191443e-08 4.21811599e-08
 4.15532890e-08 4.09358060e-08 4.03285443e-08 3.97314249e-08
 3.91441356e-08 3.85670693e-08 3.79998808e-08 3.74424976e-08
 3.68941087e-08 3.63543107e-08 3.58237628e-08 3.53013021e-08
 3.47866859e-08 3.42797318e-08 3.37808094e-08 3.32894291e-08
 3.28054800e-08 3.23293825e-08 3.18609542e-08 3.14003200e-08
 3.09471296e-08 3.05014500e-08 3.00635343e-08 2.96333324e-08
 2.92106099e-08 2.87954570e-08 2.83870290e-08 2.79853062e-08
 2.75899594e-08 2.72008717e-08 2.68178617e-08 2.64409125e-08
 2.60697896e-08 2.57043553e-08 2.53443765e-08 2.49899559e-08
 2.46408529e-08 2.42972025e-08 2.39590925e-08 2.36258223e-08
 2.32975922e-08 2.29742867e-08 2.26560845e-08 2.23429526e-08
 2.20348249e-08 2.17315859e-08 2.14332519e-08 2.11398664e-08
 2.08515323e-08 2.05684414e-08 2.02902861e-08 2.00170312e-08
 1.97484800e-08 1.94847035e-08 1.92255901e-08 1.89709871e-08
 1.87207388e-08 1.84747254e-08 1.82329963e-08 1.79953260e-08
 1.77618646e-08 1.75321340e-08 1.73060575e-08 1.70835578e-08
 1.68644705e-08 1.66488320e-08 1.64364604e-08 1.62273096e-08
 1.60213400e-08 1.58184549e-08 1.56186120e-08 1.54218732e-08
 1.52282027e-08 1.50370690e-08 1.48484273e-08 1.46622055e-08
 1.44784222e-08 1.42971250e-08 1.41182722e-08 1.39419049e-08
 1.37680260e-08 1.35966374e-08 1.34277507e-08 1.32613249e-08
 1.30975177e-08 1.29363269e-08 1.27774803e-08 1.26209854e-08
 1.24668470e-08 1.23150929e-08 1.21657185e-08 1.20187186e-08
 1.18741242e-08 1.17319371e-08 1.15922684e-08 1.14551406e-08
 1.13202927e-08 1.11877292e-08 1.10574452e-08 1.09294497e-08
 1.08037499e-08 1.06803472e-08 1.05592488e-08 1.04404622e-08
 1.03240776e-08 1.02100996e-08 1.00985346e-08 9.98920653e-09
 9.88208933e-09 9.77714521e-09 9.67433725e-09 9.57362941e-09
 9.47506351e-09 9.37860506e-09 9.28422051e-09 9.19172343e-09
 9.10108191e-09 9.01226475e-09 8.92524148e-09 8.83998237e-09
 8.75654167e-09 8.67489092e-09 8.59500247e-09 8.51668323e-09
 8.43990693e-09 8.36464793e-09 8.29088118e-09 8.21858223e-09
 8.14772722e-09 8.07833772e-09 8.01039093e-09 7.94386467e-09
 7.87873732e-09 7.81489863e-09 7.75238198e-09 7.69116731e-09
 7.63123510e-09 7.57256638e-09 7.51503548e-09 7.45862443e-09
 7.40331573e-09 7.34913053e-09 7.29605211e-09 7.24406425e-09
 7.19315116e-09 7.14322144e-09 7.09430185e-09 7.04637777e-09
 6.99943503e-09 6.95345985e-09 6.90835594e-09 6.86414590e-09
 6.82081703e-09 6.77835698e-09 6.73675379e-09 6.69592498e-09
 6.65588625e-09 6.61662658e-09 6.57813526e-09 6.54040192e-09
 6.50338830e-09 6.46708460e-09 6.43148128e-09 6.39658933e-09
 6.36234900e-09 6.32875160e-09 6.29581252e-09 6.26352352e-09
 6.23183665e-09 6.20074426e-09 6.17025664e-09 6.14031939e-09
 6.11092555e-09 6.08208604e-09 6.05375906e-09 6.02595499e-09
 5.99866769e-09 5.97185612e-09 5.94553330e-09 5.91969370e-09
 5.89429886e-09 5.86935820e-09 5.84482945e-09 5.82072293e-09
 5.79703398e-09 5.77374033e-09 5.75083765e-09 5.72833810e-09
 5.70620769e-09 5.68444257e-09 5.66303223e-09 5.64197309e-09
 5.62123719e-09 5.60082888e-09 5.58071456e-09 5.56090064e-09
 5.54139549e-09 5.52218077e-09 5.50324528e-09 5.48457383e-09
 5.46617222e-09 5.44801571e-09 5.43010962e-09 5.41244452e-09
 5.39501149e-09 5.37779810e-09 5.36080825e-09 5.34402986e-09
 5.32745631e-09 5.31108199e-09 5.29489816e-09 5.27890202e-09
 5.26308268e-09 5.24743402e-09 5.23194633e-09 5.21661705e-09
 5.20142750e-09 5.18638162e-09 5.17146725e-09 5.15667950e-09
 5.14200864e-09 5.12745251e-09 5.11300524e-09 5.09876548e-09
 5.08472039e-09 5.07086618e-09 5.05719566e-09 5.04369659e-09
 5.03035457e-09 5.01715550e-09 5.00408746e-09 4.99113830e-09
 4.97829957e-09 4.96556909e-09 4.95294471e-09 4.94042434e-09
 4.92800592e-09 4.91568743e-09 4.90346689e-09 4.89134236e-09
 4.87931195e-09 4.86737378e-09 4.85552605e-09 4.84376694e-09
 4.83209472e-09 4.82050766e-09 4.80900408e-09 4.79758233e-09
 4.78624077e-09 4.77497784e-09 4.76379197e-09 4.75268164e-09
 4.74164535e-09 4.73068163e-09 4.71978906e-09 4.70896623e-09
 4.69821174e-09 4.68752426e-09 4.67690245e-09 4.66634502e-09
 4.65585069e-09 4.64541821e-09 4.63504636e-09 4.62473395e-09
 4.61447978e-09 4.60428272e-09 4.59414163e-09 4.58405540e-09
 4.57402295e-09 4.56404322e-09 4.55411516e-09 4.54423775e-09
 4.53440998e-09 4.52463088e-09 4.51489948e-09 4.50521484e-09
 4.49557604e-09 4.48598216e-09 4.47643232e-09 4.46692565e-09
 4.45746129e-09 4.44803841e-09 4.43865618e-09 4.42931380e-09
 4.42001049e-09 4.41074547e-09 4.40151799e-09 4.39232730e-09
 4.38317267e-09 4.37405339e-09 4.36496876e-09 4.35591810e-09
 4.34690074e-09 4.33791601e-09 4.32896327e-09 4.32004189e-09
 4.31115126e-09 4.30229075e-09 4.29345978e-09 4.28465776e-09
 4.27594162e-09 4.26730966e-09 4.25876021e-09 4.25029164e-09
 4.24190237e-09 4.23359081e-09 4.22535544e-09 4.21719475e-09
 4.20910726e-09 4.20109153e-09 4.19314614e-09 4.18526971e-09
 4.17746086e-09 4.16971827e-09 4.16204063e-09 4.15442666e-09
 4.14687510e-09 4.13938471e-09 4.13195430e-09 4.12458267e-09
 4.11726867e-09 4.11001116e-09 4.10280903e-09 4.09566119e-09
 4.08856656e-09 4.08152409e-09 4.07453276e-09 4.06759156e-09
 4.06069950e-09 4.05385562e-09 4.04705896e-09 4.04030860e-09
 4.03360362e-09 4.02694313e-09 4.02032626e-09 4.01375214e-09
 4.00721993e-09 4.00072882e-09 3.99427800e-09 3.98786666e-09
 3.98149404e-09 3.97515938e-09 3.96886192e-09 3.96260095e-09
 3.95637573e-09 3.95018559e-09 3.94402981e-09 3.93790774e-09
 3.93181870e-09 3.92576206e-09 3.91973718e-09 3.91374344e-09
 3.90778023e-09 3.90184694e-09 3.89594301e-09 3.89010646e-09
 3.88433600e-09 3.87863032e-09 3.87298817e-09 3.86740830e-09
 3.86188951e-09 3.85643060e-09 3.85103041e-09 3.84568781e-09
 3.84040166e-09 3.83517089e-09 3.82999440e-09 3.82487116e-09
 3.81980013e-09 3.81478030e-09 3.80981068e-09 3.80489030e-09
 3.80001822e-09 3.79519351e-09 3.79041524e-09 3.78568254e-09
 3.78099453e-09 3.77635034e-09 3.77174915e-09 3.76719012e-09
 3.76267246e-09 3.75819537e-09 3.75375809e-09 3.74935986e-09
 3.74499993e-09 3.74067759e-09 3.73639212e-09 3.73214282e-09
 3.72792902e-09 3.72375005e-09 3.71960525e-09 3.71549399e-09
 3.71141563e-09 3.70736958e-09 3.70335522e-09 3.69937197e-09
 3.69541926e-09 3.69149652e-09 3.68760320e-09 3.68376894e-09
 3.67999267e-09 3.67627333e-09 3.67260988e-09 3.66900132e-09
 3.66544666e-09 3.66194493e-09 3.65849519e-09 3.65509651e-09
 3.65174799e-09 3.64844874e-09 3.64519791e-09 3.64199464e-09
 3.63883811e-09 3.63572751e-09 3.63266205e-09 3.62964097e-09
 3.62666350e-09 3.62372892e-09 3.62083650e-09 3.61798555e-09
 3.61517537e-09 3.61240530e-09 3.60967469e-09 3.60698290e-09
 3.60432930e-09 3.60171330e-09 3.59913430e-09 3.59659171e-09
 3.59408499e-09 3.59161359e-09 3.58917696e-09 3.58677460e-09
 3.58440599e-09 3.58207064e-09 3.57976808e-09 3.57749783e-09
 3.57525945e-09 3.57305249e-09 3.57087653e-09 3.56873115e-09
 3.56661595e-09 3.56453053e-09 3.56247452e-09 3.56044756e-09
 3.55848589e-09 3.55658875e-09 3.55475537e-09 3.55298502e-09
 3.55127700e-09 3.54963061e-09 3.54804521e-09 3.54652015e-09
 3.54505484e-09 3.54364867e-09 3.54230110e-09 3.54101158e-09
 3.53977960e-09 3.53860466e-09 3.53748630e-09 3.53642407e-09
 3.53541754e-09 3.53446631e-09 3.53357000e-09 3.53272826e-09
 3.53194074e-09 3.53120713e-09 3.53052715e-09 3.52990050e-09
 3.52932696e-09 3.52880628e-09 3.52833826e-09 3.52792272e-09
 3.52755948e-09 3.52724840e-09 3.52698935e-09 3.52678224e-09
 3.52662698e-09 3.52652351e-09 3.52647178e-09 3.52647178e-09]