[4.85180745e-05 4.73678659e-05 4.63144077e-05 4.53285803e-05
 4.43905835e-05 4.34975679e-05 4.26377884e-05 4.18009390e-05
 4.09929192e-05 4.02152536e-05 3.94631667e-05 3.87301120e-05
 3.80181164e-05 3.73259285e-05 3.66515143e-05 3.59973059e-05
 3.53637663e-05 3.47507648e-05 3.41524633e-05 3.35679160e-05
 3.29959668e-05 3.24356418e-05 3.18859236e-05 3.13469178e-05
 3.08178286e-05 3.03003503e-05 2.97929615e-05 2.92961743e-05
 2.88112054e-05 2.83368376e-05 2.78729044e-05 2.74178588e-05
 2.69717681e-05 2.65359043e-05 2.61074608e-05 2.56859940e-05
 2.52722925e-05 2.48684133e-05 2.44742435e-05 2.40885298e-05
 2.37103395e-05 2.33388584e-05 2.29729275e-05 2.26126821e-05
 2.22593868e-05 2.19115262e-05 2.15709425e-05 2.12372736e-05
 2.09096913e-05 2.05893753e-05 2.02735733e-05 1.99627268e-05
 1.96567064e-05 1.93551514e-05 1.90589580e-05 1.87678605e-05
 1.84816855e-05 1.81993395e-05 1.79218005e-05 1.76505591e-05
 1.73835158e-05 1.71198145e-05 1.68602362e-05 1.66049624e-05
 1.63540743e-05 1.61070180e-05 1.58638765e-05 1.56252309e-05
 1.53906758e-05 1.51603338e-05 1.49336936e-05 1.47104157e-05
 1.44906200e-05 1.42739880e-05 1.40607607e-05 1.38500439e-05
 1.36415909e-05 1.34360963e-05 1.32340272e-05 1.30351158e-05
 1.28394572e-05 1.26463915e-05 1.24555951e-05 1.22673212e-05
 1.20823829e-05 1.19005238e-05 1.17209224e-05 1.15440951e-05
 1.13703189e-05 1.11984747e-05 1.10295927e-05 1.08635216e-05
 1.06995158e-05 1.05381090e-05 1.03796827e-05 1.02240127e-05
 1.00705227e-05 9.91884276e-06 9.76908968e-06 9.62184104e-06
 9.47757052e-06 9.33565474e-06 9.19575487e-06 9.05795907e-06
 8.92239523e-06 8.78917344e-06 8.65777123e-06 8.52913567e-06
 8.40256851e-06 8.27763078e-06 8.15464129e-06 8.03390667e-06
 7.91454423e-06 7.79729700e-06 7.68240259e-06 7.56970519e-06
 7.45896982e-06 7.35020923e-06 7.24281470e-06 7.13681357e-06
 7.03236281e-06 6.92914674e-06 6.82735021e-06 6.72740149e-06
 6.62900376e-06 6.53177971e-06 6.43577641e-06 6.34127575e-06
 6.24807527e-06 6.15608074e-06 6.06553957e-06 5.97609739e-06
 5.88800091e-06 5.80135210e-06 5.71635828e-06 5.63255465e-06
 5.54989982e-06 5.46858978e-06 5.38884587e-06 5.31053152e-06
 5.23353957e-06 5.15771933e-06 5.08304377e-06 5.00942552e-06
 4.93698614e-06 4.86582861e-06 4.79545188e-06 4.72612660e-06
 4.65765699e-06 4.58970163e-06 4.52296176e-06 4.45744151e-06
 4.39283647e-06 4.32911864e-06 4.26671147e-06 4.20562918e-06
 4.14559928e-06 4.08652762e-06 4.02828316e-06 3.97070959e-06
 3.91380844e-06 3.85774342e-06 3.80254032e-06 3.74810656e-06
 3.69430931e-06 3.64122628e-06 3.58890914e-06 3.53713730e-06
 3.48581433e-06 3.43538586e-06 3.38581254e-06 3.33704310e-06
 3.28883179e-06 3.24132758e-06 3.19462838e-06 3.14859359e-06
 3.10317048e-06 3.05850705e-06 3.01455438e-06 2.97109538e-06
 2.92816155e-06 2.88578907e-06 2.84408795e-06 2.80294398e-06
 2.76215319e-06 2.72190281e-06 2.68227121e-06 2.64318565e-06
 2.60460087e-06 2.56654073e-06 2.52904898e-06 2.49204514e-06
 2.45562547e-06 2.41975436e-06 2.38448328e-06 2.34977177e-06
 2.31565632e-06 2.28214439e-06 2.24919377e-06 2.21682507e-06
 2.18505626e-06 2.15373079e-06 2.12293458e-06 2.09258492e-06
 2.06270042e-06 2.03336322e-06 2.00448424e-06 1.97595438e-06
 1.94784265e-06 1.92011486e-06 1.89275770e-06 1.86582336e-06
 1.83933479e-06 1.81321407e-06 1.78746524e-06 1.76200783e-06
 1.73681592e-06 1.71195995e-06 1.68751435e-06 1.66356425e-06
 1.64004185e-06 1.61678671e-06 1.59379914e-06 1.57113990e-06
 1.54870580e-06 1.52651024e-06 1.50464986e-06 1.48314712e-06
 1.46195208e-06 1.44104650e-06 1.42044089e-06 1.40015042e-06
 1.38019892e-06 1.36052094e-06 1.34107239e-06 1.32188802e-06
 1.30304191e-06 1.28453758e-06 1.26635171e-06 1.24848476e-06
 1.23093927e-06 1.21367594e-06 1.19663402e-06 1.17988924e-06
 1.16338561e-06 1.14707361e-06 1.13100894e-06 1.11514217e-06
 1.09944757e-06 1.08395184e-06 1.06865842e-06 1.05361312e-06
 1.03880366e-06 1.02425872e-06 1.00995666e-06 9.95867571e-07
 9.82004944e-07 9.68354307e-07 9.54925123e-07 9.41708832e-07
 9.28677984e-07 9.15772386e-07 9.02999084e-07 8.90395092e-07
 8.77959750e-07 8.65751791e-07 8.53754112e-07 8.41954345e-07
 8.30287409e-07 8.18776374e-07 8.07425608e-07 7.96184726e-07
 7.85090443e-07 7.74106979e-07 7.63248764e-07 7.52535973e-07
 7.41914602e-07 7.31461382e-07 7.21204352e-07 7.11102000e-07
 7.01139728e-07 6.91281576e-07 6.81539630e-07 6.71890121e-07
 6.62356731e-07 6.52998191e-07 6.43780737e-07 6.34691694e-07
 6.25755518e-07 6.16962702e-07 6.08267858e-07 5.99692903e-07
 5.91283327e-07 5.83008715e-07 5.74857716e-07 5.66852470e-07
 5.58982872e-07 5.51205013e-07 5.43503319e-07 5.35913612e-07
 5.28443482e-07 5.21116306e-07 5.13928190e-07 5.06868111e-07
 4.99940502e-07 4.93122580e-07 4.86403737e-07 4.79790225e-07
 4.73305565e-07 4.66956827e-07 4.60705869e-07 4.54517567e-07
 4.48411929e-07 4.42403687e-07 4.36470119e-07 4.30637652e-07
 4.24888688e-07 4.19247130e-07 4.13737892e-07 4.08324962e-07
 4.03000387e-07 3.97733112e-07 3.92513558e-07 3.87369418e-07
 3.82301122e-07 3.77300080e-07 3.72347844e-07 3.67458493e-07
 3.62620942e-07 3.57832119e-07 3.53092218e-07 3.48434672e-07
 3.43847620e-07 3.39339181e-07 3.34897823e-07 3.30528206e-07
 3.26224488e-07 3.21984215e-07 3.17801527e-07 3.13676756e-07
 3.09609660e-07 3.05606481e-07 3.01667080e-07 2.97784677e-07
 2.93958476e-07 2.90189234e-07 2.86464722e-07 2.82795827e-07
 2.79189571e-07 2.75643326e-07 2.72151888e-07 2.68701889e-07
 2.65293798e-07 2.61929138e-07 2.58606749e-07 2.55330890e-07
 2.52107940e-07 2.48942384e-07 2.45823722e-07 2.42743630e-07
 2.39699757e-07 2.36696723e-07 2.33736450e-07 2.30827371e-07
 2.27976868e-07 2.25176081e-07 2.22423788e-07 2.19707134e-07
 2.17026638e-07 2.14383172e-07 2.11776513e-07 2.09199250e-07
 2.06649496e-07 2.04124482e-07 2.01617983e-07 1.99137213e-07
 1.96676102e-07 1.94240093e-07 1.91835220e-07 1.89465439e-07
 1.87129069e-07 1.84823367e-07 1.82553811e-07 1.80314742e-07
 1.78102227e-07 1.75912910e-07 1.73749581e-07 1.71609482e-07
 1.69490763e-07 1.67394132e-07 1.65323941e-07 1.63280912e-07
 1.61262324e-07 1.59273162e-07 1.57313432e-07 1.55379847e-07
 1.53472505e-07 1.51588210e-07 1.49724856e-07 1.47891786e-07
 1.46088260e-07 1.44314493e-07 1.42564775e-07 1.40837346e-07
 1.39134408e-07 1.37451007e-07 1.35788647e-07 1.34151382e-07
 1.32537008e-07 1.30945619e-07 1.29375547e-07 1.27827281e-07
 1.26298940e-07 1.24793978e-07 1.23309674e-07 1.21846938e-07
 1.20403826e-07 1.18980443e-07 1.17577861e-07 1.16192130e-07
 1.14824959e-07 1.13476542e-07 1.12145912e-07 1.10833240e-07
 1.09540057e-07 1.08261782e-07 1.06998808e-07 1.05753121e-07
 1.04526237e-07 1.03317378e-07 1.02125723e-07 1.00950589e-07
 9.97898312e-08 9.86434891e-08 9.75121427e-08 9.63959525e-08
 9.52945991e-08 9.42070680e-08 9.31330482e-08 9.20722785e-08
 9.10244908e-08 8.99932531e-08 8.89786791e-08 8.79783726e-08
 8.69897362e-08 8.60120717e-08 8.50461831e-08 8.40920464e-08
 8.31494439e-08 8.22179402e-08 8.12971883e-08 8.03872528e-08
 7.94889753e-08 7.86012556e-08 7.77252080e-08 7.68604040e-08
 7.60071313e-08 7.51645030e-08 7.43333714e-08 7.35104015e-08
 7.26962551e-08 7.18917083e-08 7.10964335e-08 7.03106018e-08
 6.95344919e-08 6.87680853e-08 6.80107857e-08 6.72639149e-08
 6.65268145e-08 6.57989336e-08 6.50790973e-08 6.43668899e-08
 6.36626827e-08 6.29664745e-08 6.22777770e-08 6.15958486e-08
 6.09211492e-08 6.02536232e-08 5.95951593e-08 5.89454735e-08
 5.83034707e-08 5.76689044e-08 5.70416920e-08 5.64213945e-08
 5.58077141e-08 5.52001215e-08 5.45985126e-08 5.40029627e-08
 5.34144320e-08 5.28324911e-08 5.22576037e-08 5.16898309e-08
 5.11294894e-08 5.05753228e-08 5.00279609e-08 4.94871861e-08
 4.89528854e-08 4.84242812e-08 4.79019674e-08 4.73857887e-08
 4.68751991e-08 4.63702147e-08 4.58698838e-08 4.53745077e-08
 4.48846808e-08 4.44003569e-08 4.39212066e-08 4.34470475e-08
 4.29783805e-08 4.25152516e-08 4.20569847e-08 4.16037108e-08
 4.11554933e-08 4.07124133e-08 4.02748094e-08 3.98424024e-08
 3.94151160e-08 3.89931884e-08 3.85763224e-08 3.81644162e-08
 3.77570004e-08 3.73545671e-08 3.69568962e-08 3.65639568e-08
 3.61751222e-08 3.57903743e-08 3.54097634e-08 3.50330869e-08
 3.46603206e-08 3.42917027e-08 3.39269746e-08 3.35661947e-08
 3.32094948e-08 3.28569175e-08 3.25083307e-08 3.21638631e-08
 3.18236101e-08 3.14871712e-08 3.11545827e-08 3.08255768e-08
 3.05004875e-08 3.01792463e-08 2.98619109e-08 2.95485045e-08
 2.92389246e-08 2.89327787e-08 2.86300171e-08 2.83305049e-08
 2.80342917e-08 2.77412622e-08 2.74513733e-08 2.71644447e-08
 2.68802941e-08 2.65987553e-08 2.63196956e-08 2.60430966e-08
 2.57690035e-08 2.54972986e-08 2.52278715e-08 2.49604582e-08
 2.46949708e-08 2.44314488e-08 2.41700069e-08 2.39103291e-08
 2.36524981e-08 2.33965982e-08 2.31426028e-08 2.28906184e-08
 2.26404651e-08 2.23922145e-08 2.21459067e-08 2.19015663e-08
 2.16591030e-08 2.14185360e-08 2.11799361e-08 2.09433651e-08
 2.07086959e-08 2.04759994e-08 2.02453290e-08 2.00165269e-08
 1.97896545e-08 1.95645662e-08 1.93412358e-08 1.91195419e-08
 1.88997072e-08 1.86817071e-08 1.84653970e-08 1.82507552e-08
 1.80375671e-08 1.78257160e-08 1.76153860e-08 1.74065574e-08
 1.71991360e-08 1.69930290e-08 1.67882448e-08 1.65847658e-08
 1.63824712e-08 1.61812618e-08 1.59812353e-08 1.57823140e-08
 1.55844326e-08 1.53876792e-08 1.51919525e-08 1.49971713e-08
 1.48032813e-08 1.46103756e-08 1.44184415e-08 1.42274671e-08
 1.40375543e-08 1.38486900e-08 1.36609809e-08 1.34744130e-08
 1.32891115e-08 1.31050613e-08 1.29223324e-08 1.27409094e-08
 1.25608417e-08 1.23821924e-08 1.22049456e-08 1.20291626e-08
 1.18548770e-08 1.16821358e-08 1.15109718e-08 1.13414171e-08
 1.11735145e-08 1.10073216e-08 1.08428741e-08 1.06802047e-08
 1.05193615e-08 1.03603782e-08 1.02032965e-08 1.00481509e-08
 9.89700372e-09 9.74981278e-09 9.60637263e-09 9.46662634e-09
 9.33051842e-09 9.19799490e-09 9.06886607e-09 8.94308074e-09
 8.82047625e-09 8.70100399e-09 8.58461661e-09 8.47126797e-09
 8.36091315e-09 8.25338007e-09 8.14862614e-09 8.04660987e-09
 7.94729087e-09 7.85050520e-09 7.75621456e-09 7.66438164e-09
 7.57487260e-09 7.48765205e-09 7.40268549e-09 7.31993937e-09
 7.23938099e-09 7.16090315e-09 7.08447487e-09 7.01006599e-09
 6.93756923e-09 6.86695598e-09 6.79810783e-09 6.73099765e-09
 6.66559900e-09 6.60188611e-09 6.53978022e-09 6.47925691e-09
 6.42029234e-09 6.36286335e-09 6.30690791e-09 6.25240405e-09
 6.19928278e-09 6.14752328e-09 6.09710521e-09 6.04796304e-09
 6.00004794e-09 5.95334114e-09 5.90782436e-09 5.86344317e-09
 5.82015173e-09 5.77793311e-09 5.73677082e-09 5.69662137e-09
 5.65746909e-09 5.61926587e-09 5.58198022e-09 5.54559761e-09
 5.51010388e-09 5.47546181e-09 5.44162983e-09 5.40858149e-09
 5.37629093e-09 5.34474564e-09 5.31391024e-09 5.28376256e-09
 5.25429093e-09 5.22547451e-09 5.19729226e-09 5.16972736e-09
 5.14275690e-09 5.11635991e-09 5.09051609e-09 5.06520310e-09
 5.04040183e-09 5.01609410e-09 4.99226066e-09 4.96888333e-09
 4.94594988e-09 4.92345154e-09 4.90137970e-09 4.87972592e-09
 4.85848191e-09 4.83763957e-09 4.81719096e-09 4.79712826e-09
 4.77744386e-09 4.75813025e-09 4.73918011e-09 4.72058624e-09
 4.70234158e-09 4.68443922e-09 4.66687240e-09 4.64963446e-09
 4.63271890e-09 4.61611934e-09 4.59982952e-09 4.58384331e-09
 4.56815471e-09 4.55275782e-09 4.53764687e-09 4.52281620e-09
 4.50826027e-09 4.49397363e-09 4.47995095e-09 4.46618702e-09
 4.45267671e-09 4.43941499e-09 4.42639696e-09 4.41361778e-09
 4.40107273e-09 4.38875718e-09 4.37666658e-09 4.36479649e-09
 4.35314253e-09 4.34170043e-09 4.33046600e-09 4.31943512e-09
 4.30860377e-09 4.29796800e-09 4.28752394e-09 4.27726779e-09
 4.26719583e-09 4.25730443e-09 4.24759000e-09 4.23804905e-09
 4.22867813e-09 4.21947389e-09 4.21043303e-09 4.20155231e-09
 4.19282857e-09 4.18425869e-09 4.17583963e-09 4.16756842e-09
 4.15944211e-09 4.15145785e-09 4.14361282e-09 4.13590427e-09
 4.12832949e-09 4.12088585e-09 4.11357074e-09 4.10638162e-09
 4.09931600e-09 4.09237143e-09 4.08554552e-09 4.07883592e-09
 4.07224033e-09 4.06575649e-09 4.05938219e-09 4.05311527e-09
 4.04695360e-09 4.04089509e-09 4.03493771e-09 4.02907946e-09
 4.02331836e-09 4.01765251e-09 4.01208001e-09 4.00659903e-09
 4.00120774e-09 3.99590437e-09 3.99068719e-09 3.98555449e-09
 3.98050460e-09 3.97553588e-09 3.97064672e-09 3.96583556e-09
 3.96110084e-09 3.95644105e-09 3.95185472e-09 3.94734039e-09
 3.94289663e-09 3.93852206e-09 3.93421529e-09 3.92997500e-09
 3.92579986e-09 3.92168859e-09 3.91763992e-09 3.91365262e-09
 3.90972547e-09 3.90585729e-09 3.90204690e-09 3.89829316e-09
 3.89459496e-09 3.89095120e-09 3.88736080e-09 3.88382270e-09
 3.88033587e-09 3.87689930e-09 3.87351200e-09 3.87017298e-09
 3.86688131e-09 3.86363603e-09 3.86043623e-09 3.85728103e-09
 3.85416952e-09 3.85110086e-09 3.84807419e-09 3.84508868e-09
 3.84214353e-09 3.83923793e-09 3.83637110e-09 3.83354228e-09
 3.83075072e-09 3.82799568e-09 3.82527645e-09 3.82259230e-09
 3.81994256e-09 3.81732654e-09 3.81474357e-09 3.81219301e-09
 3.80967422e-09 3.80718656e-09 3.80472943e-09 3.80230222e-09
 3.79990435e-09 3.79753523e-09 3.79519429e-09 3.79288099e-09
 3.79059478e-09 3.78833512e-09 3.78610149e-09 3.78389338e-09
 3.78171029e-09 3.77955172e-09 3.77741719e-09 3.77530623e-09
 3.77321837e-09 3.77115317e-09 3.76911017e-09 3.76708894e-09
 3.76508904e-09 3.76311007e-09 3.76115161e-09 3.75921326e-09
 3.75729463e-09 3.75539532e-09 3.75351495e-09 3.75165317e-09
 3.74980959e-09 3.74798387e-09 3.74617566e-09 3.74438461e-09
 3.74261039e-09 3.74085267e-09 3.73911113e-09 3.73738544e-09
 3.73567531e-09 3.73398042e-09 3.73230049e-09 3.73063521e-09
 3.72898431e-09 3.72734750e-09 3.72572451e-09 3.72411507e-09
 3.72251892e-09 3.72093580e-09 3.71936546e-09 3.71780765e-09
 3.71626212e-09 3.71472865e-09 3.71320699e-09 3.71169692e-09
 3.71019822e-09 3.70871066e-09 3.70723404e-09 3.70576814e-09
 3.70431276e-09 3.70286769e-09 3.70143274e-09 3.70000772e-09
 3.69859243e-09 3.69718668e-09 3.69579031e-09 3.69440313e-09
 3.69302496e-09 3.69165563e-09 3.69029499e-09 3.68894286e-09
 3.68759908e-09 3.68626349e-09 3.68493596e-09 3.68361631e-09
 3.68230441e-09 3.68100011e-09 3.67970327e-09 3.67841375e-09
 3.67713141e-09 3.67585614e-09 3.67458778e-09 3.67332623e-09
 3.67207134e-09 3.67082301e-09 3.66958111e-09 3.66834553e-09
 3.66711615e-09 3.66589287e-09 3.66467557e-09 3.66346414e-09
 3.66225849e-09 3.66105851e-09 3.65986410e-09 3.65867516e-09
 3.65749161e-09 3.65631334e-09 3.65514026e-09 3.65397230e-09
 3.65280935e-09 3.65165134e-09 3.65049818e-09 3.64934979e-09
 3.64820610e-09 3.64706702e-09 3.64593249e-09 3.64480242e-09
 3.64367675e-09 3.64255540e-09 3.64143831e-09 3.64032542e-09
 3.63921665e-09 3.63811195e-09 3.63701125e-09 3.63591449e-09
 3.63484698e-09 3.63380830e-09 3.63279802e-09 3.63181574e-09
 3.63086108e-09 3.62993365e-09 3.62903307e-09 3.62815900e-09
 3.62731107e-09 3.62648896e-09 3.62569232e-09 3.62492085e-09
 3.62417424e-09 3.62345218e-09 3.62275440e-09 3.62208060e-09
 3.62143052e-09 3.62080390e-09 3.62020049e-09 3.61962005e-09
 3.61906235e-09 3.61852716e-09 3.61801427e-09 3.61752347e-09
 3.61705458e-09 3.61660740e-09 3.61618174e-09 3.61577746e-09
 3.61539437e-09 3.61503233e-09 3.61469119e-09 3.61437082e-09
 3.61407109e-09 3.61379188e-09 3.61353307e-09 3.61329457e-09
 3.61307628e-09 3.61287811e-09 3.61269998e-09 3.61254182e-09
 3.61240357e-09 3.61228517e-09 3.61218658e-09 3.61210775e-09
 3.61204866e-09 3.61200928e-09 3.61198959e-09 3.61198959e-09]