
=========2023-07-03===
Zrange_fem= [0.         0.00018519 0.00037037 0.00055556 0.00074074 0.00092593
 0.00111111 0.0012963  0.00148148 0.00166667 0.00185185 0.00203704
 0.00222222 0.00240741 0.00259259 0.00277778 0.00296296 0.00314815
 0.00333333 0.00351852 0.0037037  0.00388889 0.00407407 0.00425926
 0.00444444 0.00462963 0.00481481 0.005     ] 
======================
CMTS= [ 0.94484719  0.80648418  0.72466942  0.66308166  0.61212062  0.5678459
  0.52823605  0.4921096   0.45871277  0.42753189  0.39819929  0.37044185
  0.34405046  0.318861    0.29474195  0.27158608  0.2493046   0.22782307
  0.20707832  0.18701621  0.16758996  0.14875879  0.13048688  0.11274261
  0.09549788  0.07872756  0.06240913  0.04652223  0.03104847  0.01597111
  0.00127488 -0.01305419 -0.02702892 -0.04066111 -0.05396165 -0.06694062
 -0.07960735 -0.09197053 -0.10403823 -0.11581799 -0.12731686 -0.13854141
 -0.14949784 -0.16019192 -0.17062912 -0.18081456 -0.19075306 -0.20044919
 -0.20990724 -0.21913129 -0.22812517 -0.23689253 -0.24543682 -0.25376131
 -0.26186909 -0.26976313 -0.2774462  -0.28492098 -0.29218999 -0.29925563
 -0.30612019 -0.31278585 -0.31925468 -0.32552865 -0.33160964 -0.33749944
 -0.34319975 -0.34871219 -0.3540383  -0.35917956 -0.36413735 -0.36891302
 -0.37350782 -0.37792294 -0.38215955 -0.3862187  -0.39010144 -0.39380872
 -0.39734148 -0.40070057 -0.40388681 -0.40690098 -0.4097438  -0.41241595
 -0.41491805 -0.41725072 -0.41941448 -0.42140985 -0.42323731 -0.42489726
 -0.42639011 -0.4277162  -0.42887585 -0.42986932 -0.43069686 -0.43135865
 -0.43185485 -0.43218559 -0.43235094 -0.43235094] 
======================
CH2= [0.94484719 0.94486116 0.94486635 0.94486885 0.94487012 0.94487071
 0.94487089 0.9448708  0.94487053 0.94487013 0.94486966 0.94486912
 0.94486854 0.94486793 0.94486731 0.94486668 0.94486605 0.94486541
 0.94486478 0.94486416 0.94486354 0.94486294 0.94486234 0.94486176
 0.9448612  0.94486065 0.94486011 0.94485958 0.94485907 0.94485858
 0.9448581  0.94485763 0.94485718 0.94485674 0.94485632 0.94485591
 0.94485551 0.94485513 0.94485476 0.94485441 0.94485406 0.94485373
 0.94485342 0.94485311 0.94485282 0.94485253 0.94485226 0.944852
 0.94485175 0.94485151 0.94485129 0.94485107 0.94485086 0.94485066
 0.94485047 0.94485028 0.94485011 0.94484995 0.94484979 0.94484964
 0.9448495  0.94484937 0.94484924 0.94484912 0.94484901 0.9448489
 0.9448488  0.94484871 0.94484862 0.94484854 0.94484847 0.9448484
 0.94484833 0.94484827 0.94484821 0.94484816 0.94484811 0.94484807
 0.94484803 0.944848   0.94484796 0.94484794 0.94484791 0.94484789
 0.94484787 0.94484785 0.94484783 0.94484782 0.94484781 0.9448478
 0.9448478  0.94484779 0.94484779 0.94484778 0.94484778 0.94484778
 0.94484778 0.94484778 0.94484778 0.94484778] 
======================
CHCl= [0.         0.20567334 0.32729239 0.41884992 0.49461453 0.56044243
 0.61933774 0.67305625 0.72271812 0.76908674 0.81270843 0.85398906
 0.89323938 0.93070327 0.96657615 1.00101738 1.03415887 1.06611125
 1.0969684  1.12681073 1.15570779 1.18372017 1.21090106 1.23729748
 1.26295118 1.28789947 1.31217587 1.33581057 1.35883095 1.38126186
 1.40312599 1.42444409 1.44523523 1.46551693 1.48530538 1.50461554
 1.52346131 1.54185558 1.55981035 1.57733683 1.59444547 1.61114607
 1.62744781 1.6433593  1.65888863 1.67404344 1.68883089 1.70325776
 1.71733044 1.73105498 1.74443709 1.75748218 1.77019538 1.78258155
 1.79464531 1.80639102 1.81782286 1.82894478 1.83976052 1.85027368
 1.86048764 1.87040564 1.88003077 1.88936595 1.89841399 1.90717753
 1.91565912 1.92386116 1.93178594 1.93943566 1.94681239 1.95391811
 1.96075469 1.96732394 1.97362753 1.97966708 1.98544412 1.99096009
 1.99621636 2.00121422 2.0059549  2.01043953 2.0146692  2.01864491
 2.02236762 2.0258382  2.02905748 2.03202621 2.03474509 2.03721476
 2.03943579 2.04140872 2.043134   2.04461204 2.0458432  2.04682777
 2.04756598 2.04805803 2.04830402 2.04830402] 
======================
phi= [9.57964318e-07 3.34398332e-06 5.49718701e-06 7.49774981e-06
 9.38089597e-06 1.11754538e-05 1.28924535e-05 1.45386741e-05
 1.61242823e-05 1.76562246e-05 1.91385647e-05 2.05750041e-05
 2.19686726e-05 2.33222727e-05 2.46381462e-05 2.59183532e-05
 2.71647158e-05 2.83788565e-05 2.95622281e-05 3.07161423e-05
 3.18417878e-05 3.29402500e-05 3.40125207e-05 3.50595123e-05
 3.60820656e-05 3.70809585e-05 3.80569133e-05 3.90106008e-05
 3.99426484e-05 4.08536402e-05 4.17441269e-05 4.26146230e-05
 4.34656142e-05 4.42975561e-05 4.51108777e-05 4.59059865e-05
 4.66832666e-05 4.74430851e-05 4.81857875e-05 4.89117041e-05
 4.96211468e-05 5.03144151e-05 5.09917915e-05 5.16535499e-05
 5.22999465e-05 5.29312328e-05 5.35476423e-05 5.41494040e-05
 5.47367315e-05 5.53098304e-05 5.58688993e-05 5.64141270e-05
 5.69457012e-05 5.74637960e-05 5.79685840e-05 5.84602250e-05
 5.89388776e-05 5.94046908e-05 5.98578111e-05 6.02983758e-05
 6.07265186e-05 6.11423670e-05 6.15460461e-05 6.19376772e-05
 6.23173757e-05 6.26852534e-05 6.30414150e-05 6.33859636e-05
 6.37189972e-05 6.40406108e-05 6.43508951e-05 6.46499375e-05
 6.49378214e-05 6.52146268e-05 6.54804303e-05 6.57353047e-05
 6.59793196e-05 6.62125409e-05 6.64350313e-05 6.66468495e-05
 6.68480511e-05 6.70386874e-05 6.72188061e-05 6.73884508e-05
 6.75476603e-05 6.76964688e-05 6.78349047e-05 6.79629904e-05
 6.80807411e-05 6.81881637e-05 6.82852549e-05 6.83719998e-05
 6.84483681e-05 6.85143113e-05 6.85697564e-05 6.86145978e-05
 6.86486818e-05 6.86717811e-05 6.86835715e-05 6.86835715e-05] 
======================
d= [4.95210178e-05 4.83280083e-05 4.72514065e-05 4.62511251e-05
 4.53095520e-05 4.44122731e-05 4.35537732e-05 4.27306629e-05
 4.19378588e-05 4.11718877e-05 4.04307177e-05 3.97124980e-05
 3.90156637e-05 3.83388636e-05 3.76809269e-05 3.70408234e-05
 3.64176421e-05 3.58105718e-05 3.52188859e-05 3.46419288e-05
 3.40791061e-05 3.35298750e-05 3.29937397e-05 3.24702438e-05
 3.19589672e-05 3.14595207e-05 3.09715434e-05 3.04946996e-05
 3.00286758e-05 2.95731799e-05 2.91279366e-05 2.86926885e-05
 2.82671929e-05 2.78512220e-05 2.74445611e-05 2.70470067e-05
 2.66583667e-05 2.62784575e-05 2.59071063e-05 2.55441480e-05
 2.51894266e-05 2.48427924e-05 2.45041042e-05 2.41732251e-05
 2.38500268e-05 2.35343836e-05 2.32261788e-05 2.29252980e-05
 2.26316343e-05 2.23450848e-05 2.20655504e-05 2.17929365e-05
 2.15271494e-05 2.12681020e-05 2.10157080e-05 2.07698875e-05
 2.05305612e-05 2.02976546e-05 2.00710944e-05 1.98508121e-05
 1.96367407e-05 1.94288165e-05 1.92269770e-05 1.90311614e-05
 1.88413121e-05 1.86573733e-05 1.84792925e-05 1.83070182e-05
 1.81405014e-05 1.79796946e-05 1.78245524e-05 1.76750313e-05
 1.75310893e-05 1.73926866e-05 1.72597849e-05 1.71323477e-05
 1.70103402e-05 1.68937295e-05 1.67824844e-05 1.66765752e-05
 1.65759745e-05 1.64806563e-05 1.63905969e-05 1.63057746e-05
 1.62261698e-05 1.61517656e-05 1.60825477e-05 1.60185048e-05
 1.59596294e-05 1.59059182e-05 1.58573725e-05 1.58140001e-05
 1.57758160e-05 1.57428444e-05 1.57151218e-05 1.56927011e-05
 1.56756591e-05 1.56641094e-05 1.56582142e-05 1.56582142e-05] 
======================
xi= [2.7530869039799276e-05, 0.002640036274823998, 0.006341191357570814, 0.012699923798807362, 0.01821114750721695, 0.026217759921632305, 0.032551802094149374, 0.04124992458997389, 0.05007059759575503, 0.05667778853574905, 0.06537982154629594, 0.07177064384241891, 0.08004267643647595, 0.08602049993949734, 0.09364001718337545, 0.10081070202914691, 0.10586751856350697, 0.11215167126535498, 0.11650365957701662, 0.12180331804649623, 0.12538843250297652, 0.12963390848751744, 0.13325407662294092, 0.13555103698376778, 0.1380472287679942, 0.13948876990962442, 0.1408263254537403, 0.1413792453308706] 
======================
tf_hrs= 0.419167002 
======================
rpt= [4.996718289076145e-05, 4.99343657815229e-05, 4.990154867228435e-05, 4.98687315630458e-05, 4.983591445380725e-05, 4.98030973445687e-05, 4.977028023533015e-05, 4.97374631260916e-05, 4.970464601685305e-05, 4.96718289076145e-05, 4.963901179837595e-05, 4.96061946891374e-05, 4.957337757989885e-05, 4.95405604706603e-05, 4.950774336142175e-05, 4.9474926252183203e-05, 4.9442109142944653e-05, 4.9409292033706104e-05, 4.9376474924467554e-05, 4.9343657815229004e-05, 4.9310840705990454e-05, 4.9278023596751904e-05, 4.9245206487513354e-05, 4.9212389378274804e-05, 4.9179572269036254e-05, 4.9146755159797704e-05, 4.9113938050559154e-05, 4.9081120941320604e-05, 4.9048303832082054e-05, 4.9015486722843504e-05, 4.8982669613604954e-05, 4.8949852504366404e-05, 4.8917035395127855e-05, 4.8884218285889305e-05, 4.8851401176650755e-05, 4.8818584067412205e-05, 4.8785766958173655e-05, 4.8752949848935105e-05, 4.8720132739696555e-05, 4.8687315630458005e-05, 4.8654498521219455e-05, 4.8621681411980905e-05, 4.8588864302742355e-05, 4.8556047193503805e-05, 4.8523230084265255e-05, 4.8490412975026705e-05, 4.8457595865788155e-05, 4.8424778756549605e-05, 4.8391961647311056e-05, 4.8359144538072506e-05, 4.8326327428833956e-05, 4.8293510319595406e-05, 4.8260693210356856e-05, 4.8227876101118306e-05, 4.8195058991879756e-05, 4.8162241882641206e-05, 4.8129424773402656e-05, 4.8096607664164106e-05, 4.8063790554925556e-05, 4.8030973445687006e-05, 4.7998156336448456e-05, 4.7965339227209906e-05, 4.7932522117971356e-05, 4.7899705008732807e-05, 4.7866887899494257e-05, 4.783407079025571e-05, 4.780125368101716e-05, 4.776843657177861e-05, 4.773561946254006e-05, 4.770280235330151e-05, 4.766998524406296e-05, 4.763716813482441e-05, 4.760435102558586e-05, 4.757153391634731e-05, 4.753871680710876e-05, 4.750589969787021e-05, 4.747308258863166e-05, 4.744026547939311e-05, 4.740744837015456e-05, 4.737463126091601e-05, 4.734181415167746e-05, 4.730899704243891e-05, 4.727617993320036e-05, 4.724336282396181e-05, 4.721054571472326e-05, 4.717772860548471e-05, 4.714491149624616e-05, 4.711209438700761e-05, 4.707927727776906e-05, 4.704646016853051e-05, 4.701364305929196e-05, 4.698082595005341e-05, 4.694800884081486e-05, 4.691519173157631e-05, 4.688237462233776e-05, 4.684955751309921e-05, 4.681674040386066e-05, 4.678392329462211e-05, 4.675110618538356e-05, 4.671828907614501e-05, 4.668547196690646e-05, 4.665265485766791e-05, 4.661983774842936e-05, 4.658702063919081e-05, 4.655420352995226e-05, 4.652138642071371e-05, 4.648856931147516e-05, 4.645575220223661e-05, 4.642293509299806e-05, 4.639011798375951e-05, 4.635730087452096e-05, 4.632448376528241e-05, 4.629166665604386e-05, 4.625884954680531e-05, 4.622603243756676e-05, 4.619321532832821e-05, 4.616039821908966e-05, 4.612758110985111e-05, 4.609476400061256e-05, 4.606194689137401e-05, 4.602912978213546e-05, 4.599631267289691e-05, 4.596349556365836e-05, 4.593067845441981e-05, 4.589786134518126e-05, 4.586504423594271e-05, 4.583222712670416e-05, 4.579941001746561e-05, 4.576659290822706e-05, 4.573377579898851e-05, 4.570095868974996e-05, 4.566814158051141e-05, 4.563532447127286e-05, 4.560250736203431e-05, 4.556969025279576e-05, 4.553687314355721e-05, 4.550405603431866e-05, 4.547123892508011e-05, 4.543842181584156e-05, 4.540560470660301e-05, 4.537278759736446e-05, 4.533997048812591e-05, 4.530715337888736e-05, 4.527433626964881e-05, 4.524151916041026e-05, 4.520870205117171e-05, 4.517588494193316e-05, 4.514306783269461e-05, 4.511025072345606e-05, 4.507743361421751e-05, 4.504461650497896e-05, 4.501179939574041e-05, 4.497898228650186e-05, 4.494616517726331e-05, 4.491334806802476e-05, 4.488053095878621e-05, 4.484771384954766e-05, 4.481489674030911e-05, 4.478207963107056e-05, 4.474926252183201e-05, 4.471644541259346e-05, 4.468362830335491e-05, 4.465081119411636e-05, 4.461799408487781e-05, 4.458517697563926e-05, 4.455235986640071e-05, 4.451954275716216e-05, 4.448672564792361e-05, 4.445390853868506e-05, 4.442109142944651e-05, 4.4388274320207963e-05, 4.4355457210969413e-05, 4.4322640101730864e-05, 4.4289822992492314e-05, 4.4257005883253764e-05, 4.4224188774015214e-05, 4.4191371664776664e-05, 4.4158554555538114e-05, 4.4125737446299564e-05, 4.4092920337061014e-05, 4.4060103227822464e-05, 4.4027286118583914e-05, 4.3994469009345364e-05, 4.3961651900106814e-05, 4.3928834790868264e-05, 4.3896017681629714e-05, 4.3863200572391164e-05, 4.3830383463152615e-05, 4.3797566353914065e-05, 4.3764749244675515e-05, 4.3731932135436965e-05, 4.3699115026198415e-05, 4.3666297916959865e-05, 4.3633480807721315e-05, 4.3600663698482765e-05, 4.3567846589244215e-05, 4.3535029480005665e-05, 4.3502212370767115e-05, 4.3469395261528565e-05, 4.3436578152290015e-05, 4.3403761043051465e-05, 4.3370943933812915e-05, 4.3338126824574365e-05, 4.3305309715335816e-05, 4.3272492606097266e-05, 4.3239675496858716e-05, 4.3206858387620166e-05, 4.3174041278381616e-05, 4.3141224169143066e-05, 4.3108407059904516e-05, 4.3075589950665966e-05, 4.3042772841427416e-05, 4.3009955732188866e-05, 4.2977138622950316e-05, 4.2944321513711766e-05, 4.2911504404473216e-05, 4.2878687295234666e-05, 4.2845870185996116e-05, 4.2813053076757567e-05, 4.2780235967519017e-05, 4.274741885828047e-05, 4.271460174904192e-05, 4.268178463980337e-05, 4.264896753056482e-05, 4.261615042132627e-05, 4.258333331208772e-05, 4.255051620284917e-05, 4.251769909361062e-05, 4.248488198437207e-05, 4.245206487513352e-05, 4.241924776589497e-05, 4.238643065665642e-05, 4.235361354741787e-05, 4.232079643817932e-05, 4.228797932894077e-05, 4.225516221970222e-05, 4.222234511046367e-05, 4.218952800122512e-05, 4.215671089198657e-05, 4.212389378274802e-05, 4.209107667350947e-05, 4.205825956427092e-05, 4.202544245503237e-05, 4.199262534579382e-05, 4.195980823655527e-05, 4.192699112731672e-05, 4.189417401807817e-05, 4.186135690883962e-05, 4.182853979960107e-05, 4.179572269036252e-05, 4.176290558112397e-05, 4.173008847188542e-05, 4.169727136264687e-05, 4.166445425340832e-05, 4.163163714416977e-05, 4.159882003493122e-05, 4.156600292569267e-05, 4.153318581645412e-05, 4.150036870721557e-05, 4.146755159797702e-05, 4.143473448873847e-05, 4.140191737949992e-05, 4.136910027026137e-05, 4.133628316102282e-05, 4.130346605178427e-05, 4.127064894254572e-05, 4.123783183330717e-05, 4.120501472406862e-05, 4.117219761483007e-05, 4.113938050559152e-05, 4.110656339635297e-05, 4.107374628711442e-05, 4.104092917787587e-05, 4.100811206863732e-05, 4.097529495939877e-05, 4.094247785016022e-05, 4.090966074092167e-05, 4.087684363168312e-05, 4.084402652244457e-05, 4.081120941320602e-05, 4.077839230396747e-05, 4.074557519472892e-05, 4.071275808549037e-05, 4.067994097625182e-05, 4.064712386701327e-05, 4.061430675777472e-05, 4.058148964853617e-05, 4.054867253929762e-05, 4.051585543005907e-05, 4.048303832082052e-05, 4.045022121158197e-05, 4.041740410234342e-05, 4.038458699310487e-05, 4.035176988386632e-05, 4.031895277462777e-05, 4.028613566538922e-05, 4.025331855615067e-05, 4.022050144691212e-05, 4.018768433767357e-05, 4.015486722843502e-05, 4.012205011919647e-05, 4.008923300995792e-05, 4.005641590071937e-05, 4.002359879148082e-05, 3.999078168224227e-05, 3.995796457300372e-05, 3.992514746376517e-05, 3.989233035452662e-05, 3.985951324528807e-05, 3.982669613604952e-05, 3.979387902681097e-05, 3.976106191757242e-05, 3.972824480833387e-05, 3.969542769909532e-05, 3.966261058985677e-05, 3.962979348061822e-05, 3.959697637137967e-05, 3.956415926214112e-05, 3.953134215290257e-05, 3.949852504366402e-05, 3.946570793442547e-05, 3.943289082518692e-05, 3.940007371594837e-05, 3.936725660670982e-05, 3.933443949747127e-05, 3.9301622388232723e-05, 3.9268805278994173e-05, 3.9235988169755624e-05, 3.9203171060517074e-05, 3.9170353951278524e-05, 3.9137536842039974e-05, 3.9104719732801424e-05, 3.9071902623562874e-05, 3.9039085514324324e-05, 3.9006268405085774e-05, 3.8973451295847224e-05, 3.8940634186608674e-05, 3.8907817077370124e-05, 3.8874999968131574e-05, 3.8842182858893024e-05, 3.8809365749654474e-05, 3.8776548640415924e-05, 3.8743731531177374e-05, 3.8710914421938825e-05, 3.8678097312700275e-05, 3.8645280203461725e-05, 3.8612463094223175e-05, 3.8579645984984625e-05, 3.8546828875746075e-05, 3.8514011766507525e-05, 3.8481194657268975e-05, 3.8448377548030425e-05, 3.8415560438791875e-05, 3.8382743329553325e-05, 3.8349926220314775e-05, 3.8317109111076225e-05, 3.8284292001837675e-05, 3.8251474892599125e-05, 3.8218657783360576e-05, 3.8185840674122026e-05, 3.8153023564883476e-05, 3.8120206455644926e-05, 3.8087389346406376e-05, 3.8054572237167826e-05, 3.8021755127929276e-05, 3.7988938018690726e-05, 3.7956120909452176e-05, 3.7923303800213626e-05, 3.7890486690975076e-05, 3.7857669581736526e-05, 3.7824852472497976e-05, 3.7792035363259426e-05, 3.7759218254020876e-05, 3.7726401144782326e-05, 3.7693584035543777e-05, 3.766076692630523e-05, 3.762794981706668e-05, 3.759513270782813e-05, 3.756231559858958e-05, 3.752949848935103e-05, 3.749668138011248e-05, 3.746386427087393e-05, 3.743104716163538e-05, 3.739823005239683e-05, 3.736541294315828e-05, 3.733259583391973e-05, 3.729977872468118e-05, 3.726696161544263e-05, 3.723414450620408e-05, 3.720132739696553e-05, 3.716851028772698e-05, 3.713569317848843e-05, 3.710287606924988e-05, 3.707005896001133e-05, 3.703724185077278e-05, 3.700442474153423e-05, 3.697160763229568e-05, 3.693879052305713e-05, 3.690597341381858e-05, 3.687315630458003e-05, 3.684033919534148e-05, 3.680752208610293e-05, 3.677470497686438e-05, 3.674188786762583e-05, 3.670907075838728e-05, 3.667625364914873e-05, 3.664343653991018e-05, 3.661061943067163e-05, 3.657780232143308e-05, 3.654498521219453e-05, 3.651216810295598e-05, 3.647935099371743e-05, 3.644653388447888e-05, 3.641371677524033e-05, 3.638089966600178e-05, 3.634808255676323e-05, 3.631526544752468e-05, 3.628244833828613e-05, 3.624963122904758e-05, 3.621681411980903e-05, 3.618399701057048e-05, 3.615117990133193e-05, 3.611836279209338e-05, 3.608554568285483e-05, 3.605272857361628e-05, 3.601991146437773e-05, 3.598709435513918e-05, 3.595427724590063e-05, 3.592146013666208e-05, 3.588864302742353e-05, 3.585582591818498e-05, 3.582300880894643e-05, 3.579019169970788e-05, 3.575737459046933e-05, 3.572455748123078e-05, 3.569174037199223e-05, 3.565892326275368e-05, 3.562610615351513e-05, 3.559328904427658e-05, 3.556047193503803e-05, 3.552765482579948e-05, 3.549483771656093e-05, 3.546202060732238e-05, 3.542920349808383e-05, 3.539638638884528e-05, 3.536356927960673e-05, 3.533075217036818e-05, 3.529793506112963e-05, 3.526511795189108e-05, 3.523230084265253e-05, 3.519948373341398e-05, 3.516666662417543e-05, 3.513384951493688e-05, 3.510103240569833e-05, 3.506821529645978e-05, 3.503539818722123e-05, 3.500258107798268e-05, 3.496976396874413e-05, 3.493694685950558e-05, 3.490412975026703e-05, 3.487131264102848e-05, 3.483849553178993e-05, 3.480567842255138e-05, 3.477286131331283e-05, 3.474004420407428e-05, 3.470722709483573e-05, 3.467440998559718e-05, 3.464159287635863e-05, 3.460877576712008e-05, 3.457595865788153e-05, 3.454314154864298e-05, 3.451032443940443e-05, 3.447750733016588e-05, 3.444469022092733e-05, 3.441187311168878e-05, 3.437905600245023e-05, 3.434623889321168e-05, 3.431342178397313e-05, 3.428060467473458e-05, 3.424778756549603e-05, 3.421497045625748e-05, 3.4182153347018933e-05, 3.4149336237780384e-05, 3.4116519128541834e-05, 3.4083702019303284e-05, 3.4050884910064734e-05, 3.4018067800826184e-05, 3.3985250691587634e-05, 3.3952433582349084e-05, 3.3919616473110534e-05, 3.3886799363871984e-05, 3.3853982254633434e-05, 3.3821165145394884e-05, 3.3788348036156334e-05, 3.3755530926917784e-05, 3.3722713817679234e-05, 3.3689896708440684e-05, 3.3657079599202134e-05, 3.3624262489963585e-05, 3.3591445380725035e-05, 3.3558628271486485e-05, 3.3525811162247935e-05, 3.3492994053009385e-05, 3.3460176943770835e-05, 3.3427359834532285e-05, 3.3394542725293735e-05, 3.3361725616055185e-05, 3.3328908506816635e-05, 3.3296091397578085e-05, 3.3263274288339535e-05, 3.3230457179100985e-05, 3.3197640069862435e-05, 3.3164822960623885e-05, 3.3132005851385336e-05, 3.3099188742146786e-05, 3.3066371632908236e-05, 3.3033554523669686e-05, 3.3000737414431136e-05, 3.2967920305192586e-05, 3.2935103195954036e-05, 3.2902286086715486e-05, 3.2869468977476936e-05, 3.2836651868238386e-05, 3.2803834758999836e-05, 3.2771017649761286e-05, 3.2738200540522736e-05, 3.2705383431284186e-05, 3.2672566322045636e-05, 3.2639749212807086e-05, 3.2606932103568537e-05, 3.2574114994329987e-05, 3.254129788509144e-05, 3.250848077585289e-05, 3.247566366661434e-05, 3.244284655737579e-05, 3.241002944813724e-05, 3.237721233889869e-05, 3.234439522966014e-05, 3.231157812042159e-05, 3.227876101118304e-05, 3.224594390194449e-05, 3.221312679270594e-05, 3.218030968346739e-05, 3.214749257422884e-05, 3.211467546499029e-05, 3.208185835575174e-05, 3.204904124651319e-05, 3.201622413727464e-05, 3.198340702803609e-05, 3.195058991879754e-05, 3.191777280955899e-05, 3.188495570032044e-05, 3.185213859108189e-05, 3.181932148184334e-05, 3.178650437260479e-05, 3.175368726336624e-05, 3.172087015412769e-05, 3.168805304488914e-05, 3.165523593565059e-05, 3.162241882641204e-05, 3.158960171717349e-05, 3.155678460793494e-05, 3.152396749869639e-05, 3.149115038945784e-05, 3.145833328021929e-05, 3.142551617098074e-05, 3.139269906174219e-05, 3.135988195250364e-05, 3.132706484326509e-05, 3.129424773402654e-05, 3.126143062478799e-05, 3.122861351554944e-05, 3.119579640631089e-05, 3.116297929707234e-05, 3.113016218783379e-05, 3.109734507859524e-05, 3.106452796935669e-05, 3.103171086011814e-05, 3.099889375087959e-05, 3.096607664164104e-05, 3.093325953240249e-05, 3.090044242316394e-05, 3.086762531392539e-05, 3.083480820468684e-05, 3.080199109544829e-05, 3.076917398620974e-05, 3.073635687697119e-05, 3.070353976773264e-05, 3.067072265849409e-05, 3.063790554925554e-05, 3.060508844001699e-05, 3.057227133077844e-05, 3.053945422153989e-05, 3.0506637112301337e-05, 3.0473820003062784e-05, 3.044100289382423e-05, 3.0408185784585677e-05, 3.0375368675347124e-05, 3.034255156610857e-05, 3.0309734456870017e-05, 3.0276917347631464e-05, 3.024410023839291e-05, 3.0211283129154357e-05, 3.0178466019915804e-05, 3.014564891067725e-05, 3.0112831801438697e-05, 3.0080014692200144e-05, 3.004719758296159e-05, 3.0014380473723037e-05, 2.9981563364484484e-05, 2.994874625524593e-05, 2.9915929146007377e-05, 2.9883112036768824e-05, 2.985029492753027e-05, 2.9817477818291717e-05, 2.9784660709053164e-05, 2.975184359981461e-05, 2.9719026490576058e-05, 2.9686209381337504e-05, 2.965339227209895e-05, 2.9620575162860398e-05, 2.9587758053621844e-05, 2.955494094438329e-05, 2.9522123835144738e-05, 2.9489306725906184e-05, 2.945648961666763e-05, 2.9423672507429078e-05, 2.9390855398190524e-05, 2.935803828895197e-05, 2.9325221179713418e-05, 2.9292404070474864e-05, 2.925958696123631e-05, 2.9226769851997758e-05, 2.9193952742759204e-05, 2.916113563352065e-05, 2.9128318524282098e-05, 2.9095501415043544e-05, 2.906268430580499e-05, 2.9029867196566438e-05, 2.8997050087327884e-05, 2.896423297808933e-05, 2.8931415868850778e-05, 2.8898598759612224e-05, 2.886578165037367e-05, 2.8832964541135118e-05, 2.8800147431896564e-05, 2.876733032265801e-05, 2.8734513213419458e-05, 2.8701696104180904e-05, 2.866887899494235e-05, 2.8636061885703798e-05, 2.8603244776465245e-05, 2.857042766722669e-05, 2.8537610557988138e-05, 2.8504793448749585e-05, 2.847197633951103e-05, 2.8439159230272478e-05, 2.8406342121033925e-05, 2.837352501179537e-05, 2.8340707902556818e-05, 2.8307890793318265e-05, 2.827507368407971e-05, 2.8242256574841158e-05, 2.8209439465602605e-05, 2.817662235636405e-05, 2.8143805247125498e-05, 2.8110988137886945e-05, 2.807817102864839e-05, 2.8045353919409838e-05, 2.8012536810171285e-05, 2.797971970093273e-05, 2.7946902591694178e-05, 2.7914085482455625e-05, 2.788126837321707e-05, 2.7848451263978518e-05, 2.7815634154739965e-05, 2.778281704550141e-05, 2.7749999936262858e-05, 2.7717182827024305e-05, 2.768436571778575e-05, 2.7651548608547198e-05, 2.7618731499308645e-05, 2.758591439007009e-05, 2.7553097280831538e-05, 2.7520280171592985e-05, 2.748746306235443e-05, 2.7454645953115878e-05, 2.7421828843877325e-05, 2.738901173463877e-05, 2.7356194625400218e-05, 2.7323377516161665e-05, 2.729056040692311e-05, 2.7257743297684558e-05, 2.7224926188446005e-05, 2.719210907920745e-05, 2.7159291969968898e-05, 2.7126474860730345e-05, 2.709365775149179e-05, 2.7060840642253238e-05, 2.7028023533014685e-05, 2.699520642377613e-05, 2.696238931453758e-05, 2.6929572205299025e-05, 2.689675509606047e-05, 2.686393798682192e-05, 2.6831120877583365e-05, 2.6798303768344812e-05, 2.676548665910626e-05, 2.6732669549867705e-05, 2.6699852440629152e-05, 2.66670353313906e-05, 2.6634218222152045e-05, 2.6601401112913492e-05, 2.656858400367494e-05, 2.6535766894436385e-05, 2.6502949785197832e-05, 2.647013267595928e-05, 2.6437315566720725e-05, 2.6404498457482172e-05, 2.637168134824362e-05, 2.6338864239005065e-05, 2.6306047129766512e-05, 2.627323002052796e-05, 2.6240412911289405e-05, 2.6207595802050852e-05, 2.61747786928123e-05, 2.6141961583573745e-05, 2.6109144474335192e-05, 2.607632736509664e-05, 2.6043510255858085e-05, 2.6010693146619532e-05, 2.597787603738098e-05, 2.5945058928142425e-05, 2.5912241818903872e-05, 2.587942470966532e-05, 2.5846607600426765e-05, 2.5813790491188212e-05, 2.578097338194966e-05, 2.5748156272711105e-05, 2.5715339163472552e-05, 2.5682522054234e-05, 2.5649704944995445e-05, 2.5616887835756892e-05, 2.558407072651834e-05, 2.5551253617279785e-05, 2.5518436508041232e-05, 2.548561939880268e-05, 2.5452802289564125e-05, 2.5419985180325572e-05, 2.538716807108702e-05, 2.5354350961848465e-05, 2.5321533852609912e-05, 2.528871674337136e-05, 2.5255899634132805e-05, 2.5223082524894252e-05, 2.51902654156557e-05, 2.5157448306417146e-05, 2.5124631197178592e-05, 2.509181408794004e-05, 2.5058996978701486e-05, 2.5026179869462932e-05, 2.499336276022438e-05, 2.4960545650985826e-05, 2.4927728541747272e-05, 2.489491143250872e-05, 2.4862094323270166e-05, 2.4829277214031612e-05, 2.479646010479306e-05, 2.4763642995554506e-05, 2.4730825886315952e-05, 2.46980087770774e-05, 2.4665191667838846e-05, 2.4632374558600292e-05, 2.459955744936174e-05, 2.4566740340123186e-05, 2.4533923230884632e-05, 2.450110612164608e-05, 2.4468289012407526e-05, 2.4435471903168972e-05, 2.440265479393042e-05, 2.4369837684691866e-05, 2.4337020575453312e-05, 2.430420346621476e-05, 2.4271386356976206e-05, 2.4238569247737652e-05, 2.42057521384991e-05, 2.4172935029260546e-05, 2.4140117920021992e-05, 2.410730081078344e-05, 2.4074483701544886e-05, 2.4041666592306333e-05, 2.400884948306778e-05, 2.3976032373829226e-05, 2.3943215264590673e-05, 2.391039815535212e-05, 2.3877581046113566e-05, 2.3844763936875013e-05, 2.381194682763646e-05, 2.3779129718397906e-05, 2.3746312609159353e-05, 2.37134954999208e-05, 2.3680678390682246e-05, 2.3647861281443693e-05, 2.361504417220514e-05, 2.3582227062966586e-05, 2.3549409953728033e-05, 2.351659284448948e-05, 2.3483775735250926e-05, 2.3450958626012373e-05, 2.341814151677382e-05, 2.3385324407535266e-05, 2.3352507298296713e-05, 2.331969018905816e-05, 2.3286873079819606e-05, 2.3254055970581053e-05, 2.32212388613425e-05, 2.3188421752103946e-05, 2.3155604642865393e-05, 2.312278753362684e-05, 2.3089970424388286e-05, 2.3057153315149733e-05, 2.302433620591118e-05, 2.2991519096672626e-05, 2.2958701987434073e-05, 2.292588487819552e-05, 2.2893067768956966e-05, 2.2860250659718413e-05, 2.282743355047986e-05, 2.2794616441241306e-05, 2.2761799332002753e-05, 2.27289822227642e-05, 2.2696165113525646e-05, 2.2663348004287093e-05, 2.263053089504854e-05, 2.2597713785809986e-05, 2.2564896676571433e-05, 2.253207956733288e-05, 2.2499262458094326e-05, 2.2466445348855773e-05, 2.243362823961722e-05, 2.2400811130378666e-05, 2.2367994021140113e-05, 2.233517691190156e-05, 2.2302359802663006e-05, 2.2269542693424453e-05, 2.22367255841859e-05, 2.2203908474947346e-05, 2.2171091365708793e-05, 2.213827425647024e-05, 2.2105457147231686e-05, 2.2072640037993133e-05, 2.203982292875458e-05, 2.2007005819516026e-05, 2.1974188710277473e-05, 2.194137160103892e-05, 2.1908554491800366e-05, 2.1875737382561813e-05, 2.184292027332326e-05, 2.1810103164084706e-05, 2.1777286054846153e-05, 2.17444689456076e-05, 2.1711651836369047e-05, 2.1678834727130493e-05, 2.164601761789194e-05, 2.1613200508653387e-05, 2.1580383399414833e-05, 2.154756629017628e-05, 2.1514749180937727e-05, 2.1481932071699173e-05, 2.144911496246062e-05, 2.1416297853222067e-05, 2.1383480743983513e-05, 2.135066363474496e-05, 2.1317846525506407e-05, 2.1285029416267853e-05, 2.12522123070293e-05, 2.1219395197790747e-05, 2.1186578088552193e-05, 2.115376097931364e-05, 2.1120943870075087e-05, 2.1088126760836533e-05, 2.105530965159798e-05, 2.1022492542359427e-05, 2.0989675433120873e-05, 2.095685832388232e-05, 2.0924041214643767e-05, 2.0891224105405213e-05, 2.085840699616666e-05, 2.0825589886928107e-05, 2.0792772777689553e-05, 2.0759955668451e-05, 2.0727138559212447e-05, 2.0694321449973893e-05, 2.066150434073534e-05, 2.0628687231496787e-05, 2.0595870122258234e-05, 2.056305301301968e-05, 2.0530235903781127e-05, 2.0497418794542574e-05, 2.046460168530402e-05, 2.0431784576065467e-05, 2.0398967466826914e-05, 2.036615035758836e-05, 2.0333333248349807e-05, 2.0300516139111254e-05, 2.02676990298727e-05, 2.0234881920634147e-05, 2.0202064811395594e-05, 2.016924770215704e-05, 2.0136430592918487e-05, 2.0103613483679934e-05, 2.007079637444138e-05, 2.0037979265202827e-05, 2.0005162155964274e-05, 1.997234504672572e-05, 1.9939527937487167e-05, 1.9906710828248614e-05, 1.987389371901006e-05, 1.9841076609771507e-05, 1.9808259500532954e-05, 1.97754423912944e-05, 1.9742625282055847e-05, 1.9709808172817294e-05, 1.967699106357874e-05, 1.9644173954340187e-05, 1.9611356845101634e-05, 1.957853973586308e-05, 1.9545722626624527e-05, 1.9512905517385974e-05, 1.948008840814742e-05, 1.9447271298908867e-05, 1.9414454189670314e-05, 1.938163708043176e-05, 1.9348819971193207e-05, 1.9316002861954654e-05, 1.92831857527161e-05, 1.9250368643477547e-05, 1.9217551534238994e-05, 1.918473442500044e-05, 1.9151917315761887e-05, 1.9119100206523334e-05, 1.908628309728478e-05, 1.9053465988046227e-05, 1.9020648878807674e-05, 1.898783176956912e-05, 1.8955014660330567e-05, 1.8922197551092014e-05, 1.888938044185346e-05, 1.8856563332614907e-05, 1.8823746223376354e-05, 1.87909291141378e-05, 1.8758112004899247e-05, 1.8725294895660694e-05, 1.869247778642214e-05, 1.8659660677183587e-05, 1.8626843567945034e-05, 1.859402645870648e-05, 1.8561209349467927e-05, 1.8528392240229374e-05, 1.849557513099082e-05, 1.8462758021752267e-05, 1.8429940912513714e-05, 1.839712380327516e-05, 1.8364306694036608e-05, 1.8331489584798054e-05, 1.82986724755595e-05, 1.8265855366320948e-05, 1.8233038257082394e-05, 1.820022114784384e-05, 1.8167404038605288e-05, 1.8134586929366734e-05, 1.810176982012818e-05, 1.8068952710889628e-05, 1.8036135601651074e-05, 1.800331849241252e-05, 1.7970501383173968e-05, 1.7937684273935414e-05, 1.790486716469686e-05, 1.7872050055458308e-05, 1.7839232946219754e-05, 1.78064158369812e-05, 1.7773598727742648e-05, 1.7740781618504094e-05, 1.770796450926554e-05, 1.7675147400026988e-05, 1.7642330290788434e-05, 1.760951318154988e-05, 1.7576696072311328e-05, 1.7543878963072774e-05, 1.751106185383422e-05, 1.7478244744595668e-05, 1.7445427635357114e-05, 1.741261052611856e-05, 1.7379793416880008e-05, 1.7346976307641454e-05, 1.73141591984029e-05, 1.7281342089164348e-05, 1.7248524979925795e-05, 1.721570787068724e-05, 1.7182890761448688e-05, 1.7150073652210135e-05, 1.711725654297158e-05, 1.7084439433733028e-05, 1.7051622324494475e-05, 1.701880521525592e-05, 1.6985988106017368e-05, 1.6953170996778815e-05, 1.692035388754026e-05, 1.6887536778301708e-05, 1.6854719669063155e-05, 1.68219025598246e-05, 1.6789085450586048e-05, 1.6756268341347495e-05, 1.672345123210894e-05, 1.6690634122870388e-05, 1.6657817013631835e-05, 1.662499990439328e-05, 1.6592182795154728e-05, 1.6559365685916175e-05, 1.652654857667762e-05, 1.6493731467439068e-05, 1.6460914358200515e-05, 1.642809724896196e-05, 1.6395280139723408e-05, 1.6362463030484855e-05, 1.63296459212463e-05, 1.6296828812007748e-05, 1.6264011702769195e-05, 1.623119459353064e-05, 1.6198377484292088e-05, 1.6165560375053535e-05, 1.613274326581498e-05, 1.6099926156576428e-05, 1.6067109047337875e-05, 1.603429193809932e-05, 1.6001474828860768e-05, 1.5968657719622215e-05, 1.593584061038366e-05, 1.5903023501145108e-05, 1.5870206391906555e-05, 1.5837389282668e-05, 1.5804572173429448e-05, 1.5771755064190895e-05, 1.573893795495234e-05, 1.5706120845713788e-05, 1.5673303736475235e-05, 1.564048662723668e-05, 1.560766951799813e-05, 1.5574852408759575e-05, 1.554203529952102e-05, 1.550921819028247e-05, 1.5476401081043915e-05, 1.5443583971805362e-05, 1.541076686256681e-05, 1.5377949753328255e-05, 1.5345132644089702e-05, 1.531231553485115e-05, 1.5279498425612595e-05, 1.5246681316374043e-05, 1.5213864207135492e-05, 1.518104709789694e-05, 1.5148229988658389e-05, 1.5115412879419837e-05, 1.5082595770181285e-05, 1.5049778660942734e-05, 1.5016961551704182e-05, 1.498414444246563e-05, 1.4951327333227079e-05, 1.4918510223988527e-05, 1.4885693114749976e-05, 1.4852876005511424e-05, 1.4820058896272872e-05, 1.478724178703432e-05, 1.4754424677795769e-05, 1.4721607568557217e-05, 1.4688790459318666e-05, 1.4655973350080114e-05, 1.4623156240841562e-05, 1.4590339131603011e-05, 1.455752202236446e-05, 1.4524704913125908e-05, 1.4491887803887356e-05, 1.4459070694648804e-05, 1.4426253585410253e-05, 1.4393436476171701e-05, 1.436061936693315e-05, 1.4327802257694598e-05, 1.4294985148456046e-05, 1.4262168039217495e-05, 1.4229350929978943e-05, 1.4196533820740391e-05, 1.416371671150184e-05, 1.4130899602263288e-05, 1.4098082493024736e-05, 1.4065265383786185e-05, 1.4032448274547633e-05, 1.3999631165309082e-05, 1.396681405607053e-05, 1.3933996946831978e-05, 1.3901179837593427e-05, 1.3868362728354875e-05, 1.3835545619116323e-05, 1.3802728509877772e-05, 1.376991140063922e-05, 1.3737094291400668e-05, 1.3704277182162117e-05, 1.3671460072923565e-05, 1.3638642963685014e-05, 1.3605825854446462e-05, 1.357300874520791e-05, 1.3540191635969359e-05, 1.3507374526730807e-05, 1.3474557417492255e-05, 1.3441740308253704e-05, 1.3408923199015152e-05, 1.33761060897766e-05, 1.3343288980538049e-05, 1.3310471871299497e-05, 1.3277654762060946e-05, 1.3244837652822394e-05, 1.3212020543583842e-05, 1.317920343434529e-05, 1.314638632510674e-05, 1.3113569215868188e-05, 1.3080752106629636e-05, 1.3047934997391084e-05, 1.3015117888152533e-05, 1.2982300778913981e-05, 1.294948366967543e-05, 1.2916666560436878e-05, 1.2883849451198326e-05, 1.2851032341959774e-05, 1.2818215232721223e-05, 1.2785398123482671e-05, 1.275258101424412e-05, 1.2719763905005568e-05, 1.2686946795767016e-05, 1.2654129686528465e-05, 1.2621312577289913e-05, 1.2588495468051361e-05, 1.255567835881281e-05, 1.2522861249574258e-05, 1.2490044140335707e-05, 1.2457227031097155e-05, 1.2424409921858603e-05, 1.2391592812620052e-05, 1.23587757033815e-05, 1.2325958594142948e-05, 1.2293141484904397e-05, 1.2260324375665845e-05, 1.2227507266427294e-05, 1.2194690157188742e-05, 1.216187304795019e-05, 1.2129055938711639e-05, 1.2096238829473087e-05, 1.2063421720234535e-05, 1.2030604610995984e-05, 1.1997787501757432e-05, 1.196497039251888e-05, 1.1932153283280329e-05, 1.1899336174041777e-05, 1.1866519064803226e-05, 1.1833701955564674e-05, 1.1800884846326122e-05, 1.176806773708757e-05, 1.1735250627849019e-05, 1.1702433518610467e-05, 1.1669616409371916e-05, 1.1636799300133364e-05, 1.1603982190894813e-05, 1.1571165081656261e-05, 1.153834797241771e-05, 1.1505530863179158e-05, 1.1472713753940606e-05, 1.1439896644702054e-05, 1.1407079535463503e-05, 1.1374262426224951e-05, 1.13414453169864e-05, 1.1308628207747848e-05, 1.1275811098509296e-05, 1.1242993989270745e-05, 1.1210176880032193e-05, 1.1177359770793641e-05, 1.114454266155509e-05, 1.1111725552316538e-05, 1.1078908443077986e-05, 1.1046091333839435e-05, 1.1013274224600883e-05, 1.0980457115362332e-05, 1.094764000612378e-05, 1.0914822896885228e-05, 1.0882005787646677e-05, 1.0849188678408125e-05, 1.0816371569169573e-05, 1.0783554459931022e-05, 1.075073735069247e-05, 1.0717920241453919e-05, 1.0685103132215367e-05, 1.0652286022976815e-05, 1.0619468913738264e-05, 1.0586651804499712e-05, 1.055383469526116e-05, 1.0521017586022609e-05, 1.0488200476784057e-05, 1.0455383367545506e-05, 1.0422566258306954e-05, 1.0389749149068402e-05, 1.035693203982985e-05, 1.0324114930591299e-05, 1.0291297821352747e-05, 1.0258480712114196e-05, 1.0225663602875644e-05, 1.0192846493637092e-05, 1.0160029384398541e-05, 1.012721227515999e-05, 1.0094395165921438e-05, 1.0061578056682886e-05, 1.0028760947444334e-05, 9.995943838205783e-06, 9.963126728967231e-06, 9.93030961972868e-06, 9.897492510490128e-06, 9.864675401251576e-06, 9.831858292013025e-06, 9.799041182774473e-06, 9.766224073535921e-06, 9.73340696429737e-06, 9.700589855058818e-06, 9.667772745820266e-06, 9.634955636581715e-06, 9.602138527343163e-06, 9.569321418104612e-06, 9.53650430886606e-06, 9.503687199627508e-06, 9.470870090388957e-06, 9.438052981150405e-06, 9.405235871911853e-06, 9.372418762673302e-06, 9.33960165343475e-06, 9.306784544196198e-06, 9.273967434957647e-06, 9.241150325719095e-06, 9.208333216480544e-06, 9.175516107241992e-06, 9.14269899800344e-06, 9.109881888764889e-06, 9.077064779526337e-06, 9.044247670287785e-06, 9.011430561049234e-06, 8.978613451810682e-06, 8.94579634257213e-06, 8.912979233333579e-06, 8.880162124095027e-06, 8.847345014856476e-06, 8.814527905617924e-06, 8.781710796379372e-06, 8.74889368714082e-06, 8.71607657790227e-06, 8.683259468663718e-06, 8.650442359425166e-06, 8.617625250186614e-06, 8.584808140948063e-06, 8.551991031709511e-06, 8.51917392247096e-06, 8.486356813232408e-06, 8.453539703993856e-06, 8.420722594755304e-06, 8.387905485516753e-06, 8.355088376278201e-06, 8.32227126703965e-06, 8.289454157801098e-06, 8.256637048562546e-06, 8.223819939323995e-06, 8.191002830085443e-06, 8.158185720846891e-06, 8.12536861160834e-06, 8.092551502369788e-06, 8.059734393131237e-06, 8.026917283892685e-06, 7.994100174654133e-06, 7.961283065415582e-06, 7.92846595617703e-06, 7.895648846938478e-06, 7.862831737699927e-06, 7.830014628461375e-06, 7.797197519222824e-06, 7.764380409984272e-06, 7.73156330074572e-06, 7.698746191507169e-06, 7.665929082268617e-06, 7.633111973030065e-06, 7.600294863791514e-06, 7.567477754552962e-06, 7.5346606453144105e-06, 7.501843536075859e-06, 7.469026426837307e-06, 7.436209317598756e-06, 7.403392208360204e-06, 7.370575099121652e-06, 7.337757989883101e-06, 7.304940880644549e-06, 7.2721237714059974e-06, 7.239306662167446e-06, 7.206489552928894e-06, 7.1736724436903426e-06, 7.140855334451791e-06, 7.108038225213239e-06, 7.075221115974688e-06, 7.042404006736136e-06, 7.009586897497584e-06, 6.976769788259033e-06, 6.943952679020481e-06, 6.9111355697819295e-06, 6.878318460543378e-06, 6.845501351304826e-06, 6.812684242066275e-06, 6.779867132827723e-06, 6.747050023589171e-06, 6.71423291435062e-06, 6.681415805112068e-06, 6.6485986958735165e-06, 6.615781586634965e-06, 6.582964477396413e-06, 6.550147368157862e-06, 6.51733025891931e-06, 6.484513149680758e-06, 6.451696040442207e-06, 6.418878931203655e-06, 6.3860618219651034e-06, 6.353244712726552e-06, 6.320427603488e-06, 6.2876104942494486e-06, 6.254793385010897e-06, 6.221976275772345e-06, 6.189159166533794e-06, 6.156342057295242e-06, 6.12352494805669e-06, 6.090707838818139e-06, 6.057890729579587e-06, 6.0250736203410355e-06, 5.992256511102484e-06, 5.959439401863932e-06, 5.926622292625381e-06, 5.893805183386829e-06, 5.860988074148277e-06, 5.828170964909726e-06, 5.795353855671174e-06, 5.7625367464326225e-06, 5.729719637194071e-06, 5.696902527955519e-06, 5.664085418716968e-06, 5.631268309478416e-06, 5.598451200239864e-06, 5.565634091001313e-06, 5.532816981762761e-06, 5.4999998725242094e-06, 5.467182763285658e-06, 5.434365654047106e-06, 5.4015485448085546e-06, 5.368731435570003e-06, 5.335914326331451e-06, 5.3030972170929e-06, 5.270280107854348e-06, 5.237462998615796e-06, 5.204645889377245e-06, 5.171828780138693e-06, 5.1390116709001415e-06, 5.10619456166159e-06, 5.073377452423038e-06, 5.040560343184487e-06, 5.007743233945935e-06, 4.974926124707383e-06, 4.942109015468832e-06, 4.90929190623028e-06, 4.8764747969917285e-06, 4.843657687753177e-06, 4.810840578514625e-06, 4.778023469276074e-06, 4.745206360037522e-06, 4.71238925079897e-06, 4.679572141560419e-06, 4.646755032321867e-06, 4.6139379230833154e-06, 4.581120813844764e-06, 4.548303704606212e-06, 4.5154865953676606e-06, 4.482669486129109e-06, 4.449852376890557e-06, 4.417035267652006e-06, 4.384218158413454e-06, 4.351401049174902e-06, 4.318583939936351e-06, 4.285766830697799e-06, 4.2529497214592475e-06, 4.220132612220696e-06, 4.187315502982144e-06, 4.154498393743593e-06, 4.121681284505041e-06, 4.088864175266489e-06, 4.056047066027938e-06, 4.023229956789386e-06, 3.9904128475508345e-06, 3.957595738312283e-06, 3.924778629073731e-06, 3.89196151983518e-06, 3.859144410596628e-06, 3.826327301358076e-06, 3.7935101921195243e-06, 3.7606930828809722e-06, 3.72787597364242e-06, 3.695058864403868e-06, 3.662241755165316e-06, 3.629424645926764e-06, 3.596607536688212e-06, 3.56379042744966e-06, 3.530973318211108e-06, 3.498156208972556e-06, 3.4653390997340038e-06, 3.4325219904954517e-06, 3.3997048812568996e-06, 3.3668877720183476e-06, 3.3340706627797955e-06, 3.3012535535412435e-06, 3.2684364443026914e-06, 3.2356193350641394e-06, 3.2028022258255873e-06, 3.1699851165870353e-06, 3.1371680073484832e-06, 3.104350898109931e-06, 3.071533788871379e-06, 3.038716679632827e-06, 3.005899570394275e-06, 2.973082461155723e-06, 2.940265351917171e-06, 2.907448242678619e-06, 2.874631133440067e-06, 2.8418140242015147e-06, 2.8089969149629627e-06, 2.7761798057244106e-06, 2.7433626964858586e-06, 2.7105455872473065e-06, 2.6777284780087545e-06, 2.6449113687702024e-06, 2.6120942595316504e-06, 2.5792771502930983e-06, 2.5464600410545463e-06, 2.513642931815994e-06, 2.480825822577442e-06, 2.44800871333889e-06, 2.415191604100338e-06, 2.382374494861786e-06, 2.349557385623234e-06, 2.316740276384682e-06, 2.28392316714613e-06, 2.2511060579075778e-06, 2.2182889486690257e-06, 2.1854718394304737e-06, 2.1526547301919216e-06, 2.1198376209533696e-06, 2.0870205117148175e-06, 2.0542034024762655e-06, 2.0213862932377134e-06, 1.9885691839991614e-06, 1.9557520747606093e-06, 1.9229349655220573e-06, 1.8901178562835054e-06, 1.8573007470449536e-06, 1.8244836378064017e-06, 1.7916665285678499e-06, 1.758849419329298e-06, 1.7260323100907462e-06, 1.6932152008521944e-06, 1.6603980916136425e-06, 1.6275809823750907e-06, 1.5947638731365388e-06, 1.561946763897987e-06, 1.5291296546594352e-06, 1.4963125454208833e-06, 1.4634954361823315e-06, 1.4306783269437796e-06, 1.3978612177052278e-06, 1.365044108466676e-06, 1.3322269992281241e-06, 1.2994098899895723e-06, 1.2665927807510204e-06, 1.2337756715124686e-06, 1.2009585622739167e-06, 1.168141453035365e-06, 1.135324343796813e-06, 1.1025072345582612e-06, 1.0696901253197094e-06, 1.0368730160811575e-06, 1.0040559068426057e-06, 9.712387976040539e-07, 9.38421688365502e-07, 9.056045791269502e-07, 8.727874698883983e-07, 8.399703606498465e-07, 8.071532514112946e-07, 7.743361421727428e-07, 7.41519032934191e-07, 7.087019236956391e-07, 6.758848144570873e-07, 6.430677052185354e-07, 6.102505959799836e-07, 5.774334867414318e-07, 5.446163775028799e-07, 5.117992682643281e-07, 4.789821590257762e-07] 
======================
counter_t= [   0    1    2 ... 1506 1507 1508] 
======================
