
=========2023-07-03===
CMTS= [0.94484719 0.70143309 0.58955599 0.51701256 0.46352871 0.42141483
 0.3869211  0.35793048 0.33312718 0.31163593 0.29284447 0.27630766
 0.26169191 0.24874114 0.23725491 0.22707392 0.21807001 0.21013916
 0.2031964  0.19717211 0.19200929 0.18766144 0.18409104 0.18126835
 0.17917052 0.17778095 0.17708882 0.17708882] 
======================
CH2= [0.94484719 0.94490677 0.94493302 0.94494965 0.94496156 0.94497064
 0.94497779 0.94498355 0.94498827 0.94499216 0.94499539 0.94499807
 0.9450003  0.94500215 0.94500367 0.94500493 0.94500595 0.94500676
 0.94500741 0.9450079  0.94500828 0.94500855 0.94500873 0.94500885
 0.94500892 0.94500894 0.94500895 0.94500895] 
======================
CHCl= [0.         0.36211731 0.52854257 0.63646134 0.71602906 0.77868288
 0.83000033 0.87313042 0.91003045 0.94200249 0.96995741 0.9945575
 1.0162991  1.03556328 1.05264828 1.0677912  1.08118276 1.09297782
 1.10330286 1.11226153 1.11993874 1.12640373 1.13171241 1.13590912
 1.13902795 1.14109371 1.14212257 1.14212257] 
======================
phi= [8.92330100e-07 6.94140911e-06 1.17547138e-05 1.58726105e-05
 1.94986360e-05 2.27411123e-05 2.56677392e-05 2.83249741e-05
 3.07467022e-05 3.29587146e-05 3.49812632e-05 3.68306274e-05
 3.85201302e-05 4.00608259e-05 4.14619834e-05 4.27314341e-05
 4.38758296e-05 4.49008364e-05 4.58112835e-05 4.66112786e-05
 4.73042970e-05 4.78932532e-05 4.83805562e-05 4.87681524e-05
 4.90575602e-05 4.92498942e-05 4.93458835e-05 4.93458835e-05] 
======================
d= [4.95538350e-05 4.65292954e-05 4.41226431e-05 4.20636948e-05
 4.02506820e-05 3.86294438e-05 3.71661304e-05 3.58375129e-05
 3.46266489e-05 3.35206427e-05 3.25093684e-05 3.15846863e-05
 3.07399349e-05 2.99695870e-05 2.92690083e-05 2.86342830e-05
 2.80620852e-05 2.75495818e-05 2.70943582e-05 2.66943607e-05
 2.63478515e-05 2.60533734e-05 2.58097219e-05 2.56159238e-05
 2.54712199e-05 2.53750529e-05 2.53270582e-05 2.53270582e-05] 
======================
xi= [2.38875902e-05 1.44549481e-03 4.14519887e-03 7.55819292e-03
 1.14059042e-02 1.55147457e-02 1.97649850e-02 2.40691247e-02
 2.83607909e-02 3.25883061e-02 3.67106633e-02 4.06948535e-02
 4.45140129e-02 4.81460933e-02 5.15728821e-02 5.47792637e-02
 5.77526528e-02 6.04825532e-02 6.29602110e-02 6.51783387e-02
 6.71308954e-02 6.88129112e-02 7.02203464e-02 7.13499808e-02
 7.21993265e-02 7.27665623e-02 7.30504866e-02 7.30504866e-02] 
======================
tf_hrs= 0.41944478 
======================
rpt= [4.991795722690362e-05, 4.983591445380724e-05, 4.975387168071086e-05, 4.9671828907614476e-05, 4.9589786134518094e-05, 4.950774336142171e-05, 4.942570058832533e-05, 4.934365781522895e-05, 4.926161504213257e-05, 4.9179572269036186e-05, 4.9097529495939805e-05, 4.901548672284342e-05, 4.893344394974704e-05, 4.885140117665066e-05, 4.876935840355428e-05, 4.8687315630457897e-05, 4.8605272857361515e-05, 4.852323008426513e-05, 4.844118731116875e-05, 4.835914453807237e-05, 4.827710176497599e-05, 4.819505899187961e-05, 4.8113016218783225e-05, 4.8030973445686844e-05, 4.794893067259046e-05, 4.786688789949408e-05, 4.77848451263977e-05, 4.770280235330132e-05, 4.7620759580204936e-05, 4.7538716807108554e-05, 4.745667403401217e-05, 4.737463126091579e-05, 4.729258848781941e-05, 4.721054571472303e-05, 4.7128502941626646e-05, 4.7046460168530264e-05, 4.696441739543388e-05, 4.68823746223375e-05, 4.680033184924112e-05, 4.671828907614474e-05, 4.6636246303048356e-05, 4.6554203529951975e-05, 4.647216075685559e-05, 4.639011798375921e-05, 4.630807521066283e-05, 4.622603243756645e-05, 4.6143989664470066e-05, 4.6061946891373685e-05, 4.59799041182773e-05, 4.589786134518092e-05, 4.581581857208454e-05, 4.573377579898816e-05, 4.565173302589178e-05, 4.5569690252795395e-05, 4.5487647479699014e-05, 4.540560470660263e-05, 4.532356193350625e-05, 4.524151916040987e-05, 4.515947638731349e-05, 4.5077433614217105e-05, 4.4995390841120724e-05, 4.491334806802434e-05, 4.483130529492796e-05, 4.474926252183158e-05, 4.46672197487352e-05, 4.4585176975638816e-05, 4.4503134202542434e-05, 4.442109142944605e-05, 4.433904865634967e-05, 4.425700588325329e-05, 4.417496311015691e-05, 4.4092920337060526e-05, 4.4010877563964144e-05, 4.392883479086776e-05, 4.384679201777138e-05, 4.3764749244675e-05, 4.368270647157862e-05, 4.3600663698482236e-05, 4.3518620925385855e-05, 4.343657815228947e-05, 4.335453537919309e-05, 4.327249260609671e-05, 4.319044983300033e-05, 4.310840705990395e-05, 4.3026364286807565e-05, 4.2944321513711183e-05, 4.28622787406148e-05, 4.278023596751842e-05, 4.269819319442204e-05, 4.261615042132566e-05, 4.2534107648229275e-05, 4.2452064875132894e-05, 4.237002210203651e-05, 4.228797932894013e-05, 4.220593655584375e-05, 4.212389378274737e-05, 4.2041851009650986e-05, 4.1959808236554604e-05, 4.187776546345822e-05, 4.179572269036184e-05, 4.171367991726546e-05, 4.163163714416908e-05, 4.1549594371072696e-05, 4.1467551597976314e-05, 4.138550882487993e-05, 4.130346605178355e-05, 4.122142327868717e-05, 4.113938050559079e-05, 4.1057337732494406e-05, 4.0975294959398025e-05, 4.089325218630164e-05, 4.081120941320526e-05, 4.072916664010888e-05, 4.06471238670125e-05, 4.056508109391612e-05, 4.0483038320819735e-05, 4.0400995547723353e-05, 4.031895277462697e-05, 4.023691000153059e-05, 4.015486722843421e-05, 4.007282445533783e-05, 3.9990781682241445e-05, 3.9908738909145064e-05, 3.982669613604868e-05, 3.97446533629523e-05, 3.966261058985592e-05, 3.958056781675954e-05, 3.9498525043663156e-05, 3.9416482270566774e-05, 3.933443949747039e-05, 3.925239672437401e-05, 3.917035395127763e-05, 3.908831117818125e-05, 3.9006268405084866e-05, 3.8924225631988484e-05, 3.88421828588921e-05, 3.876014008579572e-05, 3.867809731269934e-05, 3.859605453960296e-05, 3.8514011766506576e-05, 3.8431968993410195e-05, 3.834992622031381e-05, 3.826788344721743e-05, 3.818584067412105e-05, 3.810379790102467e-05, 3.8021755127928287e-05, 3.7939712354831905e-05, 3.785766958173552e-05, 3.777562680863914e-05, 3.769358403554276e-05, 3.761154126244638e-05, 3.752949848935e-05, 3.7447455716253615e-05, 3.7365412943157234e-05, 3.728337017006085e-05, 3.720132739696447e-05, 3.711928462386809e-05, 3.703724185077171e-05, 3.6955199077675326e-05, 3.6873156304578944e-05, 3.679111353148256e-05, 3.670907075838618e-05, 3.66270279852898e-05, 3.654498521219342e-05, 3.6462942439097036e-05, 3.6380899666000654e-05, 3.629885689290427e-05, 3.621681411980789e-05, 3.613477134671151e-05, 3.605272857361513e-05, 3.5970685800518746e-05, 3.5888643027422365e-05, 3.580660025432598e-05, 3.57245574812296e-05, 3.564251470813322e-05, 3.556047193503684e-05, 3.5478429161940457e-05, 3.5396386388844075e-05, 3.531434361574769e-05, 3.523230084265131e-05, 3.515025806955493e-05, 3.506821529645855e-05, 3.498617252336217e-05, 3.4904129750265785e-05, 3.4822086977169404e-05, 3.474004420407302e-05, 3.465800143097664e-05, 3.457595865788026e-05, 3.449391588478388e-05, 3.4411873111687496e-05, 3.4329830338591114e-05, 3.424778756549473e-05, 3.416574479239835e-05, 3.408370201930197e-05, 3.400165924620559e-05, 3.3919616473109206e-05, 3.3837573700012824e-05, 3.375553092691644e-05, 3.367348815382006e-05, 3.359144538072368e-05, 3.35094026076273e-05, 3.3427359834530916e-05, 3.3345317061434535e-05, 3.326327428833815e-05, 3.318123151524177e-05, 3.309918874214539e-05, 3.301714596904901e-05, 3.2935103195952626e-05, 3.2853060422856245e-05, 3.277101764975986e-05, 3.268897487666348e-05, 3.26069321035671e-05, 3.252488933047072e-05, 3.244284655737434e-05, 3.2360803784277955e-05, 3.2278761011181574e-05, 3.219671823808519e-05, 3.211467546498881e-05, 3.203263269189243e-05, 3.195058991879605e-05, 3.1868547145699665e-05, 3.1786504372603284e-05, 3.17044615995069e-05, 3.162241882641052e-05, 3.154037605331414e-05, 3.145833328021776e-05, 3.1376290507121376e-05, 3.1294247734024994e-05, 3.121220496092861e-05, 3.113016218783223e-05, 3.104811941473585e-05, 3.096607664163947e-05, 3.0884033868543086e-05, 3.0801991095446704e-05, 3.071994832235032e-05, 3.063790554925394e-05, 3.055586277615756e-05, 3.047382000306118e-05, 3.0391777229964803e-05, 3.0309734456868425e-05, 3.0227691683772047e-05, 3.014564891067567e-05, 3.006360613757929e-05, 2.9981563364482912e-05, 2.9899520591386534e-05, 2.9817477818290156e-05, 2.9735435045193777e-05, 2.96533922720974e-05, 2.957134949900102e-05, 2.9489306725904643e-05, 2.9407263952808264e-05, 2.9325221179711886e-05, 2.9243178406615508e-05, 2.916113563351913e-05, 2.907909286042275e-05, 2.8997050087326373e-05, 2.8915007314229995e-05, 2.8832964541133617e-05, 2.875092176803724e-05, 2.866887899494086e-05, 2.8586836221844482e-05, 2.8504793448748104e-05, 2.8422750675651726e-05, 2.8340707902555347e-05, 2.825866512945897e-05, 2.817662235636259e-05, 2.8094579583266213e-05, 2.8012536810169835e-05, 2.7930494037073456e-05, 2.7848451263977078e-05, 2.77664084908807e-05, 2.768436571778432e-05, 2.7602322944687943e-05, 2.7520280171591565e-05, 2.7438237398495187e-05, 2.735619462539881e-05, 2.727415185230243e-05, 2.7192109079206052e-05, 2.7110066306109674e-05, 2.7028023533013296e-05, 2.6945980759916918e-05, 2.686393798682054e-05, 2.678189521372416e-05, 2.6699852440627783e-05, 2.6617809667531405e-05, 2.6535766894435026e-05, 2.6453724121338648e-05, 2.637168134824227e-05, 2.6289638575145892e-05, 2.6207595802049514e-05, 2.6125553028953135e-05, 2.6043510255856757e-05, 2.596146748276038e-05, 2.5879424709664e-05, 2.5797381936567622e-05, 2.5715339163471244e-05, 2.5633296390374866e-05, 2.5551253617278488e-05, 2.546921084418211e-05, 2.538716807108573e-05, 2.5305125297989353e-05, 2.5223082524892975e-05, 2.5141039751796597e-05, 2.505899697870022e-05, 2.497695420560384e-05, 2.4894911432507462e-05, 2.4812868659411084e-05, 2.4730825886314705e-05, 2.4648783113218327e-05, 2.456674034012195e-05, 2.448469756702557e-05, 2.4402654793929193e-05, 2.4320612020832814e-05, 2.4238569247736436e-05, 2.4156526474640058e-05, 2.407448370154368e-05, 2.39924409284473e-05, 2.3910398155350923e-05, 2.3828355382254545e-05, 2.3746312609158167e-05, 2.366426983606179e-05, 2.358222706296541e-05, 2.3500184289869032e-05, 2.3418141516772654e-05, 2.3336098743676276e-05, 2.3254055970579897e-05, 2.317201319748352e-05, 2.308997042438714e-05, 2.3007927651290763e-05, 2.2925884878194384e-05, 2.2843842105098006e-05, 2.2761799332001628e-05, 2.267975655890525e-05, 2.259771378580887e-05, 2.2515671012712493e-05, 2.2433628239616115e-05, 2.2351585466519737e-05, 2.226954269342336e-05, 2.218749992032698e-05, 2.2105457147230602e-05, 2.2023414374134224e-05, 2.1941371601037846e-05, 2.1859328827941468e-05, 2.177728605484509e-05, 2.169524328174871e-05, 2.1613200508652333e-05, 2.1531157735555955e-05, 2.1449114962459576e-05, 2.1367072189363198e-05, 2.128502941626682e-05, 2.1202986643170442e-05, 2.1120943870074063e-05, 2.1038901096977685e-05, 2.0956858323881307e-05, 2.087481555078493e-05, 2.079277277768855e-05, 2.0710730004592172e-05, 2.0628687231495794e-05, 2.0546644458399416e-05, 2.0464601685303038e-05, 2.038255891220666e-05, 2.030051613911028e-05, 2.0218473366013903e-05, 2.0136430592917525e-05, 2.0054387819821147e-05, 1.9972345046724768e-05, 1.989030227362839e-05, 1.9808259500532012e-05, 1.9726216727435634e-05, 1.9644173954339255e-05, 1.9562131181242877e-05, 1.94800884081465e-05, 1.939804563505012e-05, 1.9316002861953742e-05, 1.9233960088857364e-05, 1.9151917315760986e-05, 1.9069874542664608e-05, 1.898783176956823e-05, 1.890578899647185e-05, 1.8823746223375473e-05, 1.8741703450279095e-05, 1.8659660677182717e-05, 1.857761790408634e-05, 1.849557513098996e-05, 1.8413532357893582e-05, 1.8331489584797204e-05, 1.8249446811700826e-05, 1.8167404038604447e-05, 1.808536126550807e-05, 1.800331849241169e-05, 1.7921275719315313e-05, 1.7839232946218934e-05, 1.7757190173122556e-05, 1.7675147400026178e-05, 1.75931046269298e-05, 1.751106185383342e-05, 1.7429019080737043e-05, 1.7346976307640665e-05, 1.7264933534544287e-05, 1.718289076144791e-05, 1.710084798835153e-05, 1.7018805215255152e-05, 1.6936762442158774e-05, 1.6854719669062396e-05, 1.6772676895966017e-05, 1.669063412286964e-05, 1.660859134977326e-05, 1.6526548576676883e-05, 1.6444505803580505e-05, 1.6362463030484126e-05, 1.6280420257387748e-05, 1.619837748429137e-05, 1.611633471119499e-05, 1.6034291938098613e-05, 1.5952249165002235e-05, 1.5870206391905857e-05, 1.578816361880948e-05, 1.57061208457131e-05, 1.5624078072616722e-05, 1.5542035299520344e-05, 1.5459992526423966e-05, 1.5377949753327588e-05, 1.529590698023121e-05, 1.521386420713483e-05, 1.513182143403845e-05, 1.504977866094207e-05, 1.496773588784569e-05, 1.488569311474931e-05, 1.480365034165293e-05, 1.472160756855655e-05, 1.463956479546017e-05, 1.455752202236379e-05, 1.447547924926741e-05, 1.439343647617103e-05, 1.431139370307465e-05, 1.422935092997827e-05, 1.414730815688189e-05, 1.406526538378551e-05, 1.398322261068913e-05, 1.390117983759275e-05, 1.381913706449637e-05, 1.3737094291399991e-05, 1.3655051518303611e-05, 1.3573008745207231e-05, 1.3490965972110851e-05, 1.3408923199014471e-05, 1.3326880425918091e-05, 1.3244837652821711e-05, 1.3162794879725331e-05, 1.3080752106628951e-05, 1.2998709333532572e-05, 1.2916666560436192e-05, 1.2834623787339812e-05, 1.2752581014243432e-05, 1.2670538241147052e-05, 1.2588495468050672e-05, 1.2506452694954292e-05, 1.2424409921857912e-05, 1.2342367148761532e-05, 1.2260324375665152e-05, 1.2178281602568772e-05, 1.2096238829472392e-05, 1.2014196056376013e-05, 1.1932153283279633e-05, 1.1850110510183253e-05, 1.1768067737086873e-05, 1.1686024963990493e-05, 1.1603982190894113e-05, 1.1521939417797733e-05, 1.1439896644701353e-05, 1.1357853871604973e-05, 1.1275811098508593e-05, 1.1193768325412213e-05, 1.1111725552315833e-05, 1.1029682779219453e-05, 1.0947640006123074e-05, 1.0865597233026694e-05, 1.0783554459930314e-05, 1.0701511686833934e-05, 1.0619468913737554e-05, 1.0537426140641174e-05, 1.0455383367544794e-05, 1.0373340594448414e-05, 1.0291297821352034e-05, 1.0209255048255654e-05, 1.0127212275159274e-05, 1.0045169502062894e-05, 9.963126728966514e-06, 9.881083955870135e-06, 9.799041182773755e-06, 9.716998409677375e-06, 9.634955636580995e-06, 9.552912863484615e-06, 9.470870090388235e-06, 9.388827317291855e-06, 9.306784544195475e-06, 9.224741771099095e-06, 9.142698998002715e-06, 9.060656224906335e-06, 8.978613451809955e-06, 8.896570678713576e-06, 8.814527905617196e-06, 8.732485132520816e-06, 8.650442359424436e-06, 8.568399586328056e-06, 8.486356813231676e-06, 8.404314040135296e-06, 8.322271267038916e-06, 8.240228493942536e-06, 8.158185720846156e-06, 8.076142947749776e-06, 7.994100174653396e-06, 7.912057401557016e-06, 7.830014628460637e-06, 7.747971855364257e-06, 7.665929082267877e-06, 7.583886309171497e-06, 7.501843536075117e-06, 7.419800762978737e-06, 7.337757989882357e-06, 7.255715216785977e-06, 7.173672443689597e-06, 7.091629670593217e-06, 7.009586897496837e-06, 6.927544124400457e-06, 6.8455013513040775e-06, 6.7634585782076976e-06, 6.681415805111318e-06, 6.599373032014938e-06, 6.517330258918558e-06, 6.435287485822178e-06, 6.353244712725798e-06, 6.271201939629418e-06, 6.189159166533038e-06, 6.107116393436658e-06, 6.025073620340278e-06, 5.943030847243898e-06, 5.8609880741475184e-06, 5.7789453010511385e-06, 5.696902527954759e-06, 5.614859754858379e-06, 5.532816981761999e-06, 5.450774208665619e-06, 5.368731435569239e-06, 5.286688662472859e-06, 5.204645889376479e-06, 5.122603116280099e-06, 5.040560343183719e-06, 4.958517570087339e-06, 4.876474796990959e-06, 4.7944320238945795e-06, 4.7123892507981995e-06, 4.63034647770182e-06, 4.54830370460544e-06, 4.46626093150906e-06, 4.38421815841268e-06, 4.3021753853163e-06, 4.22013261221992e-06, 4.13808983912354e-06, 4.05604706602716e-06, 3.97400429293078e-06, 3.8919615198344e-06, 3.809918746738021e-06, 3.7278759736416413e-06, 3.645833200545262e-06, 3.5637904274488823e-06, 3.481747654352503e-06, 3.3997048812561233e-06, 3.317662108159744e-06, 3.2356193350633643e-06, 3.153576561966985e-06, 3.0715337888706054e-06, 2.989491015774226e-06, 2.9074482426778464e-06, 2.825405469581467e-06, 2.7433626964850874e-06, 2.661319923388708e-06, 2.5792771502923284e-06, 2.497234377195949e-06, 2.4151916040995694e-06, 2.33314883100319e-06, 2.2511060579068104e-06, 2.169063284810431e-06, 2.0870205117140514e-06, 2.004977738617672e-06, 1.9229349655212924e-06, 1.8408921924249127e-06, 1.758849419328533e-06, 1.6768066462321533e-06, 1.5947638731357735e-06, 1.5127211000393938e-06, 1.4306783269430141e-06, 1.3486355538466344e-06, 1.2665927807502547e-06, 1.184550007653875e-06, 1.1025072345574953e-06, 1.0204644614611156e-06, 9.384216883647359e-07, 8.563789152683562e-07, 7.743361421719765e-07, 6.922933690755967e-07, 6.10250595979217e-07, 5.282078228828373e-07, 4.461650497864576e-07] 
======================
counter_t= [  0.    2.5   5.    7.5  10.   12.5  15.   17.5  20.   22.5  25.   27.5
  30.   32.5  35.   37.5  40.   42.5  45.   47.5  50.   52.5  55.   57.5
  60.   62.5  65.   67.5  70.   72.5  75.   77.5  80.   82.5  85.   87.5
  90.   92.5  95.   97.5 100.  102.5 105.  107.5 110.  112.5 115.  117.5
 120.  122.5 125.  127.5 130.  132.5 135.  137.5 140.  142.5 145.  147.5
 150.  152.5 155.  157.5 160.  162.5 165.  167.5 170.  172.5 175.  177.5
 180.  182.5 185.  187.5 190.  192.5 195.  197.5 200.  202.5 205.  207.5
 210.  212.5 215.  217.5 220.  222.5 225.  227.5 230.  232.5 235.  237.5
 240.  242.5 245.  247.5 250.  252.5 255.  257.5 260.  262.5 265.  267.5
 270.  272.5 275.  277.5 280.  282.5 285.  287.5 290.  292.5 295.  297.5
 300.  302.5 305.  307.5 310.  312.5 315.  317.5 320.  322.5 325.  327.5
 330.  332.5 335.  337.5 340.  342.5 345.  347.5 350.  352.5 355.  357.5
 360.  362.5 365.  367.5 370.  372.5 375.  377.5 380.  382.5 385.  387.5
 390.  392.5 395.  397.5 400.  402.5 405.  407.5 410.  412.5 415.  417.5
 420.  422.5 425.  427.5 430.  432.5 435.  437.5 440.  442.5 445.  447.5
 450.  452.5 455.  457.5 460.  462.5 465.  467.5 470.  472.5 475.  477.5
 480.  482.5 485.  487.5 490.  492.5 495.  497.5 500.  502.5 505.  507.5
 510.  512.5 515.  517.5 520.  522.5 525.  527.5 530.  532.5 535.  537.5
 540.  542.5 545.  547.5 550.  552.5 555.  557.5 560.  562.5 565.  567.5
 570.  572.5 575.  577.5 580.  582.5 585.  587.5 590.  592.5 595.  597.5
 600.  602.5] 
======================
