
=========2023-07-03===
CMTS= [0.94484719 0.6988658  0.58613598 0.51320963 0.45954238 0.41734794
 0.38283239 0.35385547 0.32908789 0.30764602 0.28891211 0.27243729
 0.25788535 0.24499832 0.23357437 0.22345319 0.21450582 0.20662763
 0.19973321 0.19375257 0.18862842 0.18431405 0.18077178 0.17797174
 0.17589097 0.17451281 0.17382639 0.17382639] 
======================
CH2= [0.94484719 0.94490684 0.9449334  0.94495026 0.94496234 0.94497154
 0.9449788  0.94498465 0.94498943 0.94499338 0.94499665 0.94499937
 0.94500163 0.9450035  0.94500505 0.94500632 0.94500736 0.94500818
 0.94500884 0.94500934 0.94500972 0.94500999 0.94501018 0.9450103
 0.94501037 0.9450104  0.9450104  0.9450104 ] 
======================
CHCl= [0.         0.3659286  0.53362242 0.64211142 0.7219526  0.78472689
 0.83607734 0.87918754 0.91603485 0.94793381 0.97580346 1.00031163
 1.02195857 1.04112815 1.0581207  1.07317482 1.08648243 1.09819927
 1.10845252 1.11734636 1.12496612 1.13138136 1.13664824 1.14081131
 1.14390479 1.14595358 1.14697395 1.14697395] 
======================
phi= [5.64159007e-07 6.67966742e-06 1.15294643e-05 1.56737797e-05
 1.93208975e-05 2.25810539e-05 2.55229270e-05 2.81935484e-05
 3.06271715e-05 3.28498390e-05 3.48819831e-05 3.67400167e-05
 3.84373646e-05 3.99851608e-05 4.13927368e-05 4.26679747e-05
 4.38175676e-05 4.48472152e-05 4.57617746e-05 4.65653760e-05
 4.72615139e-05 4.78531182e-05 4.83426100e-05 4.87319462e-05
 4.90226525e-05 4.92158491e-05 4.93122689e-05 4.93122689e-05] 
======================
d= [4.97179205e-05 4.66601663e-05 4.42352678e-05 4.21631102e-05
 4.03395512e-05 3.87094730e-05 3.72385365e-05 3.59032258e-05
 3.46864143e-05 3.35750805e-05 3.25590085e-05 3.16299917e-05
 3.07813177e-05 3.00074196e-05 2.93036316e-05 2.86660126e-05
 2.80912162e-05 2.75763924e-05 2.71191127e-05 2.67173120e-05
 2.63692430e-05 2.60734409e-05 2.58286950e-05 2.56340269e-05
 2.54886737e-05 2.53920754e-05 2.53438655e-05 2.53438655e-05] 
======================
xi= [9.54826156e-06 1.33853871e-03 3.98785643e-03 7.37002106e-03
 1.11989125e-02 1.52971199e-02 1.95425941e-02 2.38462851e-02
 2.81407090e-02 3.23733577e-02 3.65025823e-02 4.04948648e-02
 4.43229300e-02 4.79643924e-02 5.14007597e-02 5.46166820e-02
 5.75993768e-02 6.03381812e-02 6.28242003e-02 6.50500273e-02
 6.70095209e-02 6.86976275e-02 7.01102384e-02 7.12440776e-02
 7.20966138e-02 7.26659941e-02 7.29509959e-02 7.29509959e-02] 
======================
tf_hrs= 0.42083367 
======================
rpt= [4.9753871680710864e-05, 4.9507743361421726e-05, 4.926161504213259e-05, 4.901548672284345e-05, 4.876935840355431e-05, 4.8523230084265174e-05, 4.8277101764976036e-05, 4.80309734456869e-05, 4.778484512639776e-05, 4.753871680710862e-05, 4.7292588487819484e-05, 4.7046460168530346e-05, 4.680033184924121e-05, 4.655420352995207e-05, 4.630807521066293e-05, 4.606194689137379e-05, 4.5815818572084655e-05, 4.556969025279552e-05, 4.532356193350638e-05, 4.507743361421724e-05, 4.48313052949281e-05, 4.4585176975638965e-05, 4.433904865634983e-05, 4.409292033706069e-05, 4.384679201777155e-05, 4.360066369848241e-05, 4.3354535379193275e-05, 4.3108407059904136e-05, 4.2862278740615e-05, 4.261615042132586e-05, 4.237002210203672e-05, 4.2123893782747584e-05, 4.1877765463458446e-05, 4.163163714416931e-05, 4.138550882488017e-05, 4.113938050559103e-05, 4.0893252186301894e-05, 4.0647123867012756e-05, 4.040099554772362e-05, 4.015486722843448e-05, 3.990873890914534e-05, 3.9662610589856203e-05, 3.9416482270567065e-05, 3.917035395127793e-05, 3.892422563198879e-05, 3.867809731269965e-05, 3.843196899341051e-05, 3.8185840674121375e-05, 3.793971235483224e-05, 3.76935840355431e-05, 3.744745571625396e-05, 3.720132739696482e-05, 3.6955199077675685e-05, 3.670907075838655e-05, 3.646294243909741e-05, 3.621681411980827e-05, 3.597068580051913e-05, 3.5724557481229994e-05, 3.5478429161940856e-05, 3.523230084265172e-05, 3.498617252336258e-05, 3.474004420407344e-05, 3.4493915884784304e-05, 3.4247787565495166e-05, 3.400165924620603e-05, 3.375553092691689e-05, 3.350940260762775e-05, 3.3263274288338614e-05, 3.3017145969049476e-05, 3.277101764976034e-05, 3.25248893304712e-05, 3.227876101118206e-05, 3.203263269189292e-05, 3.1786504372603785e-05, 3.154037605331465e-05, 3.129424773402551e-05, 3.104811941473637e-05, 3.080199109544723e-05, 3.0555862776158095e-05, 3.0309734456868957e-05, 3.006360613757982e-05, 2.981747781829068e-05, 2.9571349499001543e-05, 2.9325221179712405e-05, 2.9079092860423267e-05, 2.883296454113413e-05, 2.858683622184499e-05, 2.8340707902555852e-05, 2.8094579583266714e-05, 2.7848451263977576e-05, 2.7602322944688438e-05, 2.73561946253993e-05, 2.7110066306110162e-05, 2.6863937986821024e-05, 2.6617809667531886e-05, 2.6371681348242748e-05, 2.612555302895361e-05, 2.587942470966447e-05, 2.5633296390375334e-05, 2.5387168071086195e-05, 2.5141039751797057e-05, 2.489491143250792e-05, 2.464878311321878e-05, 2.4402654793929643e-05, 2.4156526474640505e-05, 2.3910398155351367e-05, 2.366426983606223e-05, 2.341814151677309e-05, 2.3172013197483953e-05, 2.2925884878194815e-05, 2.2679756558905677e-05, 2.243362823961654e-05, 2.21874999203274e-05, 2.1941371601038262e-05, 2.1695243281749124e-05, 2.1449114962459986e-05, 2.1202986643170848e-05, 2.095685832388171e-05, 2.0710730004592572e-05, 2.0464601685303434e-05, 2.0218473366014296e-05, 1.9972345046725158e-05, 1.972621672743602e-05, 1.9480088408146882e-05, 1.9233960088857744e-05, 1.8987831769568606e-05, 1.8741703450279468e-05, 1.849557513099033e-05, 1.824944681170119e-05, 1.8003318492412053e-05, 1.7757190173122915e-05, 1.7511061853833777e-05, 1.726493353454464e-05, 1.70188052152555e-05, 1.6772676895966363e-05, 1.6526548576677225e-05, 1.6280420257388087e-05, 1.603429193809895e-05, 1.578816361880981e-05, 1.5542035299520673e-05, 1.5295906980231535e-05, 1.5049778660942395e-05, 1.4803650341653255e-05, 1.4557522022364115e-05, 1.4311393703074976e-05, 1.4065265383785836e-05, 1.3819137064496696e-05, 1.3573008745207556e-05, 1.3326880425918417e-05, 1.3080752106629277e-05, 1.2834623787340137e-05, 1.2588495468050997e-05, 1.2342367148761857e-05, 1.2096238829472718e-05, 1.1850110510183578e-05, 1.1603982190894438e-05, 1.1357853871605298e-05, 1.1111725552316159e-05, 1.0865597233027019e-05, 1.0619468913737879e-05, 1.037334059444874e-05, 1.01272122751596e-05, 9.88108395587046e-06, 9.63495563658132e-06, 9.38882731729218e-06, 9.14269899800304e-06, 8.8965706787139e-06, 8.650442359424761e-06, 8.404314040135621e-06, 8.158185720846481e-06, 7.912057401557342e-06, 7.665929082268202e-06, 7.419800762979063e-06, 7.173672443689924e-06, 6.927544124400785e-06, 6.681415805111646e-06, 6.435287485822507e-06, 6.1891591665333685e-06, 5.9430308472442295e-06, 5.696902527955091e-06, 5.450774208665952e-06, 5.204645889376813e-06, 4.958517570087674e-06, 4.712389250798535e-06, 4.466260931509396e-06, 4.220132612220257e-06, 3.974004292931118e-06, 3.7278759736419793e-06, 3.4817476543528404e-06, 3.2356193350637015e-06, 2.9894910157745625e-06, 2.7433626964854236e-06, 2.4972343771962847e-06, 2.251106057907146e-06, 2.004977738618007e-06, 1.758849419328868e-06, 1.512721100039729e-06, 1.2665927807505901e-06, 1.0204644614614512e-06, 7.743361421723122e-07, 5.282078228831732e-07, 2.8207950359403415e-07] 
======================
counter_t= [  0.    7.5  15.   22.5  30.   37.5  45.   52.5  60.   67.5  75.   82.5
  90.   97.5 105.  112.5 120.  127.5 135.  142.5 150.  157.5 165.  172.5
 180.  187.5 195. ] 
======================
