
=========2023-07-10===
Zrange= [0.         0.00018519 0.00037037 0.00055556 0.00074074 0.00092593
 0.00111111 0.0012963  0.00148148 0.00166667 0.00185185 0.00203704
 0.00222222 0.00240741 0.00259259 0.00277778 0.00296296 0.00314815
 0.00333333 0.00351852 0.0037037  0.00388889 0.00407407 0.00425926
 0.00444444 0.00462963 0.00481481 0.005     ]
======================
CMTS= [ 0.94484719  0.50318037  0.29538096  0.16416469  0.07047538 -0.00103469
 -0.05792995 -0.10448383 -0.1433418  -0.1762525  -0.20442992 -0.22874961
 -0.24986227 -0.26826336 -0.28433756 -0.29838823 -0.31065768 -0.32134122
 -0.33059738 -0.33855528 -0.34532011 -0.35097725 -0.35559535 -0.35922866
 -0.36191874 -0.36369578 -0.36457944 -0.36457944]
======================
CH2= [0.94484719 0.94490416 0.94493631 0.9449591  0.94497661 0.94499059
 0.94500202 0.94501149 0.94501941 0.94502606 0.94503166 0.94503638
 0.94504034 0.94504366 0.94504643 0.94504871 0.94505057 0.94505208
 0.94505327 0.9450542  0.94505489 0.9450554  0.94505574 0.94505596
 0.94505609 0.94505614 0.94505615 0.94505615]
======================
CHCl= [0.         0.65647274 0.96535964 1.16043177 1.29972857 1.40605778
 1.4906612  1.55989015 1.61767672 1.6666201  1.70852498 1.74469297
 1.77609151 1.80345728 1.82736225 1.84825759 1.86650363 1.88239086
 1.89615509 1.90798839 1.91804728 1.9264588  1.93332512 1.93872701
 1.94272636 1.94536817 1.94668178 1.94668178]
======================
phi= [-3.12684370e-05 -1.15760985e-05 -3.25059488e-07  7.97821477e-06
  1.47154823e-05  2.04408583e-05  2.54348200e-05  2.98608925e-05
  3.38239048e-05  3.73957621e-05  4.06283236e-05  4.35604472e-05
  4.62221224e-05  4.86370353e-05  5.08242335e-05  5.27992500e-05
  5.45748842e-05  5.61617602e-05  5.75687347e-05  5.88031996e-05
  5.98713106e-05  6.07781604e-05  6.15279119e-05  6.21238996e-05
  6.25687065e-05  6.28642207e-05  6.30116757e-05  6.30116757e-05]
======================
d= [6.56342185e-05 5.57880492e-05 5.01625297e-05 4.60108926e-05
 4.26422589e-05 3.97795709e-05 3.72825900e-05 3.50695537e-05
 3.30880476e-05 3.13021190e-05 2.96858382e-05 2.82197764e-05
 2.68889388e-05 2.56814824e-05 2.45878832e-05 2.36003750e-05
 2.27125579e-05 2.19191199e-05 2.12156327e-05 2.05984002e-05
 2.00643447e-05 1.96109198e-05 1.92360441e-05 1.89380502e-05
 1.87156467e-05 1.85678896e-05 1.84941622e-05 1.84941622e-05]
======================
xi= [2.93314545e-02 4.02018167e-03 3.16991012e-06 1.90955733e-03
 6.49636256e-03 1.25348606e-02 1.94079020e-02 2.67501871e-02
 3.43216962e-02 4.19532907e-02 4.95198203e-02 5.69253768e-02
 6.40945381e-02 7.09668360e-02 7.74930814e-02 8.36328241e-02
 8.93525394e-02 9.46242991e-02 9.94247763e-02 1.03734489e-01
 1.07537215e-01 1.10819543e-01 1.13570518e-01 1.15781367e-01
 1.17445291e-01 1.18557307e-01 1.19114138e-01 1.19114138e-01]
======================
t_f_hrs= 0.555556
======================
rpt= [3.3591445380724066e-05, 1.718289076144813e-05, 7.74336142172192e-07, -1.5634218477103745e-05]
======================
counter_t= [0]
======================
