
=========2023-07-03===
CMTS= [0.94484719 0.6641816  0.53229127 0.4474702  0.38568216 0.33760787
 0.29866759 0.26627071 0.23880832 0.2152125  0.1947384  0.17684626
 0.16113297 0.14729015 0.13507727 0.12430379 0.11481692 0.10649298
 0.09923126 0.09294944 0.08758025 0.08306897 0.07937149 0.07645292
 0.07428646 0.07285267 0.0721389  0.0721389 ] 
======================
CH2= [0.94484719 0.94490368 0.94493333 0.9449531  0.9449676  0.94497877
 0.94498764 0.94499482 0.94500071 0.94500557 0.94500961 0.94501297
 0.94501577 0.94501809 0.94502001 0.94502158 0.94502286 0.94502388
 0.94502469 0.94502532 0.94502579 0.94502612 0.94502636 0.9450265
 0.94502658 0.94502662 0.94502663 0.94502663] 
======================
CHCl= [0.         0.41739545 0.61356976 0.73974742 0.83166819 0.90319029
 0.96112463 1.00932424 1.05018225 1.08528721 1.11574719 1.14236524
 1.16574109 1.18633362 1.20450074 1.22052602 1.23463686 1.24701735
 1.25781743 1.26715964 1.27514417 1.28185252 1.28735041 1.29168987
 1.29491085 1.2970424  1.29810347 1.29810347] 
======================
phi= [-5.01474956e-06  2.42588117e-06  7.97989825e-06  1.26272976e-05
  1.66735643e-05  2.02671423e-05  2.34959298e-05  2.64181114e-05
  2.90750432e-05  3.14975955e-05  3.37096425e-05  3.57301428e-05
  3.75744576e-05  3.92552273e-05  4.07829769e-05  4.21665468e-05
  4.34134080e-05  4.45298973e-05  4.55213955e-05  4.63924648e-05
  4.71469551e-05  4.77880874e-05  4.83185192e-05  4.87403946e-05
  4.90553837e-05  4.92647121e-05  4.93691810e-05  4.93691810e-05] 
======================
d= [5.25073748e-05 4.87870594e-05 4.60100509e-05 4.36863512e-05
 4.16632179e-05 3.98664288e-05 3.82520351e-05 3.67909443e-05
 3.54624784e-05 3.42512023e-05 3.31451787e-05 3.21349286e-05
 3.12127712e-05 3.03723863e-05 2.96085116e-05 2.89167266e-05
 2.82932960e-05 2.77350514e-05 2.72393022e-05 2.68037676e-05
 2.64265225e-05 2.61059563e-05 2.58407404e-05 2.56298027e-05
 2.54723081e-05 2.53676439e-05 2.53154095e-05 2.53154095e-05] 
======================
xi= [0.00075443 0.00017655 0.00191036 0.00478346 0.00834023 0.01232271
 0.01656176 0.0209375  0.02536074 0.02976296 0.0340902  0.03829929
 0.0423552  0.04622919 0.04989754 0.05334053 0.05654172 0.05948735
 0.06216592 0.06456782 0.06668506 0.06851104 0.07004038 0.07126878
 0.07219292 0.07281036 0.07311948 0.07311948] 
======================
tf_hrs= 0.44444480000000003 
======================
rpt= [4.671828907614481e-05, 4.343657815228962e-05, 4.015486722843443e-05, 3.687315630457924e-05, 3.359144538072405e-05, 3.0309734456868865e-05, 2.702802353301368e-05, 2.3746312609158492e-05, 2.0464601685303305e-05, 1.718289076144812e-05, 1.3901179837592932e-05, 1.0619468913737745e-05, 7.337757989882559e-06, 4.056047066027372e-06, 7.743361421721848e-07, -2.5073747816830023e-06] 
======================
counter_t= [0] 
======================
