
=========2023-07-03===
CMTS= [0.94484719 0.73729408 0.64274151 0.58136523 0.5358656  0.49978527
 0.47002071 0.44482811 0.42312863 0.40420432 0.3875544  0.37281665
 0.35971992 0.34805628 0.33766308 0.32841114 0.32019655 0.31293499
 0.30655763 0.30100804 0.29624003 0.29221592 0.28890531 0.28628409
 0.28433373 0.28304077 0.28239644 0.28239644] 
======================
CH2= [0.94484719 0.94489323 0.94491304 0.94492549 0.94493439 0.94494116
 0.94494649 0.9449508  0.94495432 0.94495722 0.94495963 0.94496164
 0.94496331 0.94496469 0.94496584 0.94496678 0.94496754 0.94496815
 0.94496864 0.94496901 0.94496929 0.94496949 0.94496963 0.94496972
 0.94496977 0.94496979 0.9449698  0.9449698 ] 
======================
CHCl= [0.         0.30875748 0.44942712 0.54075212 0.60846036 0.66215542
 0.70645332 0.74394793 0.77624417 0.80441012 0.82919089 0.85112548
 0.87061735 0.887976   0.90344348 0.91721212 0.92943659 0.94024242
 0.94973215 0.9579898  0.96508418 0.97107142 0.97599687 0.97989648
 0.9827979  0.98472125 0.98567968 0.98567968] 
======================
phi= [9.90781427e-07 7.76865439e-06 1.34144743e-05 1.84564170e-05
 2.30146460e-05 2.71509834e-05 3.09531613e-05 3.44556489e-05
 3.77070129e-05 4.07147249e-05 4.34845057e-05 4.60428008e-05
 4.84013549e-05 5.05700482e-05 5.25571547e-05 5.43697155e-05
 5.60137349e-05 5.74943801e-05 5.88160711e-05 5.99825867e-05
 6.09971274e-05 6.18623816e-05 6.25805487e-05 6.31533542e-05
 6.35820631e-05 6.38675257e-05 6.40102093e-05 6.40102093e-05] 
======================
d= [4.95046093e-05 4.61156728e-05 4.32927628e-05 4.07717915e-05
 3.84926770e-05 3.64245083e-05 3.45234193e-05 3.27721755e-05
 3.11464936e-05 2.96426376e-05 2.82577472e-05 2.69785996e-05
 2.57993225e-05 2.47149759e-05 2.37214226e-05 2.28151422e-05
 2.19931326e-05 2.12528099e-05 2.05919645e-05 2.00087067e-05
 1.95014363e-05 1.90688092e-05 1.87097257e-05 1.84233229e-05
 1.82089684e-05 1.80662372e-05 1.79948953e-05 1.79948953e-05] 
======================
xi= [2.94494351e-05 1.81055973e-03 5.39844364e-03 1.02191799e-02
 1.58902179e-02 2.21152770e-02 2.87429459e-02 3.56157523e-02
 4.26545646e-02 4.97306646e-02 5.67270670e-02 6.35981853e-02
 7.02807347e-02 7.67198931e-02 8.28676353e-02 8.86819790e-02
 9.41261548e-02 9.91681124e-02 1.03779906e-01 1.07937321e-01
 1.11619487e-01 1.14808628e-01 1.17489752e-01 1.19650384e-01
 1.21280362e-01 1.22371825e-01 1.22919207e-01 1.22919207e-01] 
======================
tf_hrs= 0.41902811300000004 
======================
rpt= [4.998359144538073e-05, 4.996718289076145e-05, 4.995077433614218e-05, 4.99343657815229e-05, 4.991795722690363e-05, 4.990154867228435e-05, 4.988514011766508e-05, 4.98687315630458e-05, 4.985232300842653e-05, 4.983591445380725e-05, 4.981950589918798e-05, 4.98030973445687e-05, 4.978668878994943e-05, 4.977028023533015e-05, 4.975387168071088e-05, 4.97374631260916e-05, 4.972105457147233e-05, 4.970464601685305e-05, 4.968823746223378e-05, 4.96718289076145e-05, 4.965542035299523e-05, 4.963901179837595e-05, 4.962260324375668e-05, 4.96061946891374e-05, 4.958978613451813e-05, 4.957337757989885e-05, 4.955696902527958e-05, 4.95405604706603e-05, 4.952415191604103e-05, 4.950774336142175e-05, 4.949133480680248e-05, 4.9474926252183203e-05, 4.945851769756393e-05, 4.9442109142944653e-05, 4.942570058832538e-05, 4.9409292033706104e-05, 4.939288347908683e-05, 4.9376474924467554e-05, 4.936006636984828e-05, 4.9343657815229004e-05, 4.932724926060973e-05, 4.9310840705990454e-05, 4.929443215137118e-05, 4.9278023596751904e-05, 4.926161504213263e-05, 4.9245206487513354e-05, 4.922879793289408e-05, 4.9212389378274804e-05, 4.919598082365553e-05, 4.9179572269036254e-05, 4.916316371441698e-05, 4.9146755159797704e-05, 4.913034660517843e-05, 4.9113938050559154e-05, 4.909752949593988e-05, 4.9081120941320604e-05, 4.906471238670133e-05, 4.9048303832082054e-05, 4.903189527746278e-05, 4.9015486722843504e-05, 4.899907816822423e-05, 4.8982669613604954e-05, 4.896626105898568e-05, 4.8949852504366404e-05, 4.893344394974713e-05, 4.8917035395127855e-05, 4.890062684050858e-05, 4.8884218285889305e-05, 4.886780973127003e-05, 4.8851401176650755e-05, 4.883499262203148e-05, 4.8818584067412205e-05, 4.880217551279293e-05, 4.8785766958173655e-05, 4.876935840355438e-05, 4.8752949848935105e-05, 4.873654129431583e-05, 4.8720132739696555e-05, 4.870372418507728e-05, 4.8687315630458005e-05, 4.867090707583873e-05, 4.8654498521219455e-05, 4.863808996660018e-05, 4.8621681411980905e-05, 4.860527285736163e-05, 4.8588864302742355e-05, 4.857245574812308e-05, 4.8556047193503805e-05, 4.853963863888453e-05, 4.8523230084265255e-05, 4.850682152964598e-05, 4.8490412975026705e-05, 4.847400442040743e-05, 4.8457595865788155e-05, 4.844118731116888e-05, 4.8424778756549605e-05, 4.840837020193033e-05, 4.8391961647311056e-05, 4.837555309269178e-05, 4.8359144538072506e-05, 4.834273598345323e-05, 4.8326327428833956e-05, 4.830991887421468e-05, 4.8293510319595406e-05, 4.827710176497613e-05, 4.8260693210356856e-05, 4.824428465573758e-05, 4.8227876101118306e-05, 4.821146754649903e-05, 4.8195058991879756e-05, 4.817865043726048e-05, 4.8162241882641206e-05, 4.814583332802193e-05, 4.8129424773402656e-05, 4.811301621878338e-05, 4.8096607664164106e-05, 4.808019910954483e-05, 4.8063790554925556e-05, 4.804738200030628e-05, 4.8030973445687006e-05, 4.801456489106773e-05, 4.7998156336448456e-05, 4.798174778182918e-05, 4.7965339227209906e-05, 4.794893067259063e-05, 4.7932522117971356e-05, 4.791611356335208e-05, 4.7899705008732807e-05, 4.788329645411353e-05, 4.7866887899494257e-05, 4.785047934487498e-05, 4.783407079025571e-05, 4.781766223563643e-05, 4.780125368101716e-05, 4.778484512639788e-05, 4.776843657177861e-05, 4.775202801715933e-05, 4.773561946254006e-05, 4.771921090792078e-05, 4.770280235330151e-05, 4.768639379868223e-05, 4.766998524406296e-05, 4.765357668944368e-05, 4.763716813482441e-05, 4.762075958020513e-05, 4.760435102558586e-05, 4.758794247096658e-05, 4.757153391634731e-05, 4.755512536172803e-05, 4.753871680710876e-05, 4.752230825248948e-05, 4.750589969787021e-05, 4.748949114325093e-05, 4.747308258863166e-05, 4.745667403401238e-05, 4.744026547939311e-05, 4.742385692477383e-05, 4.740744837015456e-05, 4.739103981553528e-05, 4.737463126091601e-05, 4.735822270629673e-05, 4.734181415167746e-05, 4.732540559705818e-05, 4.730899704243891e-05, 4.729258848781963e-05, 4.727617993320036e-05, 4.725977137858108e-05, 4.724336282396181e-05, 4.722695426934253e-05, 4.721054571472326e-05, 4.719413716010398e-05, 4.717772860548471e-05, 4.716132005086543e-05, 4.714491149624616e-05, 4.712850294162688e-05, 4.711209438700761e-05, 4.709568583238833e-05, 4.707927727776906e-05, 4.706286872314978e-05, 4.704646016853051e-05, 4.703005161391123e-05, 4.701364305929196e-05, 4.699723450467268e-05, 4.698082595005341e-05, 4.696441739543413e-05, 4.694800884081486e-05, 4.6931600286195583e-05, 4.691519173157631e-05, 4.6898783176957033e-05, 4.688237462233776e-05, 4.6865966067718484e-05, 4.684955751309921e-05, 4.6833148958479934e-05, 4.681674040386066e-05, 4.6800331849241384e-05, 4.678392329462211e-05, 4.6767514740002834e-05, 4.675110618538356e-05, 4.6734697630764284e-05, 4.671828907614501e-05, 4.6701880521525734e-05, 4.668547196690646e-05, 4.6669063412287184e-05, 4.665265485766791e-05, 4.6636246303048634e-05, 4.661983774842936e-05, 4.6603429193810084e-05, 4.658702063919081e-05, 4.6570612084571534e-05, 4.655420352995226e-05, 4.6537794975332984e-05, 4.652138642071371e-05, 4.6504977866094434e-05, 4.648856931147516e-05, 4.6472160756855884e-05, 4.645575220223661e-05, 4.6439343647617334e-05, 4.642293509299806e-05, 4.6406526538378784e-05, 4.639011798375951e-05, 4.6373709429140235e-05, 4.635730087452096e-05, 4.6340892319901685e-05, 4.632448376528241e-05, 4.6308075210663135e-05, 4.629166665604386e-05, 4.6275258101424585e-05, 4.625884954680531e-05, 4.6242440992186035e-05, 4.622603243756676e-05, 4.6209623882947485e-05, 4.619321532832821e-05, 4.6176806773708935e-05, 4.616039821908966e-05, 4.6143989664470385e-05, 4.612758110985111e-05, 4.6111172555231835e-05, 4.609476400061256e-05, 4.6078355445993285e-05, 4.606194689137401e-05, 4.6045538336754735e-05, 4.602912978213546e-05, 4.6012721227516185e-05, 4.599631267289691e-05, 4.5979904118277635e-05, 4.596349556365836e-05, 4.5947087009039085e-05, 4.593067845441981e-05, 4.5914269899800535e-05, 4.589786134518126e-05, 4.5881452790561985e-05, 4.586504423594271e-05, 4.5848635681323436e-05, 4.583222712670416e-05, 4.5815818572084886e-05, 4.579941001746561e-05, 4.5783001462846336e-05, 4.576659290822706e-05, 4.5750184353607786e-05, 4.573377579898851e-05, 4.5717367244369236e-05, 4.570095868974996e-05, 4.5684550135130686e-05, 4.566814158051141e-05, 4.5651733025892136e-05, 4.563532447127286e-05, 4.5618915916653586e-05, 4.560250736203431e-05, 4.5586098807415036e-05, 4.556969025279576e-05, 4.5553281698176486e-05, 4.553687314355721e-05, 4.5520464588937936e-05, 4.550405603431866e-05, 4.5487647479699386e-05, 4.547123892508011e-05, 4.5454830370460836e-05, 4.543842181584156e-05, 4.5422013261222286e-05, 4.540560470660301e-05, 4.5389196151983736e-05, 4.537278759736446e-05, 4.5356379042745187e-05, 4.533997048812591e-05, 4.5323561933506637e-05, 4.530715337888736e-05, 4.529074482426809e-05, 4.527433626964881e-05, 4.525792771502954e-05, 4.524151916041026e-05, 4.522511060579099e-05, 4.520870205117171e-05, 4.519229349655244e-05, 4.517588494193316e-05, 4.515947638731389e-05, 4.514306783269461e-05, 4.512665927807534e-05, 4.511025072345606e-05, 4.509384216883679e-05, 4.507743361421751e-05, 4.506102505959824e-05, 4.504461650497896e-05, 4.502820795035969e-05, 4.501179939574041e-05, 4.499539084112114e-05, 4.497898228650186e-05, 4.496257373188259e-05, 4.494616517726331e-05, 4.492975662264404e-05, 4.491334806802476e-05, 4.489693951340549e-05, 4.488053095878621e-05, 4.486412240416694e-05, 4.484771384954766e-05, 4.483130529492839e-05, 4.481489674030911e-05, 4.479848818568984e-05, 4.478207963107056e-05, 4.476567107645129e-05, 4.474926252183201e-05, 4.473285396721274e-05, 4.471644541259346e-05, 4.470003685797419e-05, 4.468362830335491e-05, 4.466721974873564e-05, 4.465081119411636e-05, 4.463440263949709e-05, 4.461799408487781e-05, 4.460158553025854e-05, 4.458517697563926e-05, 4.456876842101999e-05, 4.455235986640071e-05, 4.453595131178144e-05, 4.451954275716216e-05, 4.450313420254289e-05, 4.448672564792361e-05, 4.447031709330434e-05, 4.445390853868506e-05, 4.443749998406579e-05, 4.442109142944651e-05, 4.440468287482724e-05, 4.4388274320207963e-05, 4.437186576558869e-05, 4.4355457210969413e-05, 4.433904865635014e-05, 4.4322640101730864e-05, 4.430623154711159e-05, 4.4289822992492314e-05, 4.427341443787304e-05, 4.4257005883253764e-05, 4.424059732863449e-05, 4.4224188774015214e-05, 4.420778021939594e-05, 4.4191371664776664e-05, 4.417496311015739e-05, 4.4158554555538114e-05, 4.414214600091884e-05, 4.4125737446299564e-05, 4.410932889168029e-05, 4.4092920337061014e-05, 4.407651178244174e-05, 4.4060103227822464e-05, 4.404369467320319e-05, 4.4027286118583914e-05, 4.401087756396464e-05, 4.3994469009345364e-05, 4.397806045472609e-05, 4.3961651900106814e-05, 4.394524334548754e-05, 4.3928834790868264e-05, 4.391242623624899e-05, 4.3896017681629714e-05, 4.387960912701044e-05, 4.3863200572391164e-05, 4.384679201777189e-05, 4.3830383463152615e-05, 4.381397490853334e-05, 4.3797566353914065e-05, 4.378115779929479e-05, 4.3764749244675515e-05, 4.374834069005624e-05, 4.3731932135436965e-05, 4.371552358081769e-05, 4.3699115026198415e-05, 4.368270647157914e-05, 4.3666297916959865e-05, 4.364988936234059e-05, 4.3633480807721315e-05, 4.361707225310204e-05, 4.3600663698482765e-05, 4.358425514386349e-05, 4.3567846589244215e-05, 4.355143803462494e-05, 4.3535029480005665e-05, 4.351862092538639e-05, 4.3502212370767115e-05, 4.348580381614784e-05, 4.3469395261528565e-05, 4.345298670690929e-05, 4.3436578152290015e-05, 4.342016959767074e-05, 4.3403761043051465e-05, 4.338735248843219e-05, 4.3370943933812915e-05, 4.335453537919364e-05, 4.3338126824574365e-05, 4.332171826995509e-05, 4.3305309715335816e-05, 4.328890116071654e-05, 4.3272492606097266e-05, 4.325608405147799e-05, 4.3239675496858716e-05, 4.322326694223944e-05, 4.3206858387620166e-05, 4.319044983300089e-05, 4.3174041278381616e-05, 4.315763272376234e-05, 4.3141224169143066e-05, 4.312481561452379e-05, 4.3108407059904516e-05, 4.309199850528524e-05, 4.3075589950665966e-05, 4.305918139604669e-05, 4.3042772841427416e-05, 4.302636428680814e-05, 4.3009955732188866e-05, 4.299354717756959e-05, 4.2977138622950316e-05, 4.296073006833104e-05, 4.2944321513711766e-05, 4.292791295909249e-05, 4.2911504404473216e-05, 4.289509584985394e-05, 4.2878687295234666e-05, 4.286227874061539e-05, 4.2845870185996116e-05, 4.282946163137684e-05, 4.2813053076757567e-05, 4.279664452213829e-05, 4.2780235967519017e-05, 4.276382741289974e-05, 4.274741885828047e-05, 4.273101030366119e-05, 4.271460174904192e-05, 4.269819319442264e-05, 4.268178463980337e-05, 4.266537608518409e-05, 4.264896753056482e-05, 4.263255897594554e-05, 4.261615042132627e-05, 4.259974186670699e-05, 4.258333331208772e-05, 4.256692475746844e-05, 4.255051620284917e-05, 4.253410764822989e-05, 4.251769909361062e-05, 4.250129053899134e-05, 4.248488198437207e-05, 4.246847342975279e-05, 4.245206487513352e-05, 4.243565632051424e-05, 4.241924776589497e-05, 4.240283921127569e-05, 4.238643065665642e-05, 4.237002210203714e-05, 4.235361354741787e-05, 4.233720499279859e-05, 4.232079643817932e-05, 4.230438788356004e-05, 4.228797932894077e-05, 4.227157077432149e-05, 4.225516221970222e-05, 4.223875366508294e-05, 4.222234511046367e-05, 4.220593655584439e-05, 4.218952800122512e-05, 4.217311944660584e-05, 4.215671089198657e-05, 4.214030233736729e-05, 4.212389378274802e-05, 4.210748522812874e-05, 4.209107667350947e-05, 4.207466811889019e-05, 4.205825956427092e-05, 4.204185100965164e-05, 4.202544245503237e-05, 4.200903390041309e-05, 4.199262534579382e-05, 4.197621679117454e-05, 4.195980823655527e-05, 4.194339968193599e-05, 4.192699112731672e-05, 4.191058257269744e-05, 4.189417401807817e-05, 4.187776546345889e-05, 4.186135690883962e-05, 4.1844948354220343e-05, 4.182853979960107e-05, 4.1812131244981793e-05, 4.179572269036252e-05, 4.1779314135743244e-05, 4.176290558112397e-05, 4.1746497026504694e-05, 4.173008847188542e-05, 4.1713679917266144e-05, 4.169727136264687e-05, 4.1680862808027594e-05, 4.166445425340832e-05, 4.1648045698789044e-05, 4.163163714416977e-05, 4.1615228589550494e-05, 4.159882003493122e-05, 4.1582411480311944e-05, 4.156600292569267e-05, 4.1549594371073394e-05, 4.153318581645412e-05, 4.1516777261834844e-05, 4.150036870721557e-05, 4.1483960152596294e-05, 4.146755159797702e-05, 4.1451143043357744e-05, 4.143473448873847e-05, 4.1418325934119194e-05, 4.140191737949992e-05, 4.1385508824880644e-05, 4.136910027026137e-05, 4.1352691715642094e-05, 4.133628316102282e-05, 4.1319874606403544e-05, 4.130346605178427e-05, 4.1287057497164995e-05, 4.127064894254572e-05, 4.1254240387926445e-05, 4.123783183330717e-05, 4.1221423278687895e-05, 4.120501472406862e-05, 4.1188606169449345e-05, 4.117219761483007e-05, 4.1155789060210795e-05, 4.113938050559152e-05, 4.1122971950972245e-05, 4.110656339635297e-05, 4.1090154841733695e-05, 4.107374628711442e-05, 4.1057337732495145e-05, 4.104092917787587e-05, 4.1024520623256595e-05, 4.100811206863732e-05, 4.0991703514018045e-05, 4.097529495939877e-05, 4.0958886404779495e-05, 4.094247785016022e-05, 4.0926069295540945e-05, 4.090966074092167e-05, 4.0893252186302395e-05, 4.087684363168312e-05, 4.0860435077063845e-05, 4.084402652244457e-05, 4.0827617967825295e-05, 4.081120941320602e-05, 4.0794800858586745e-05, 4.077839230396747e-05, 4.0761983749348196e-05, 4.074557519472892e-05, 4.0729166640109646e-05, 4.071275808549037e-05, 4.0696349530871096e-05, 4.067994097625182e-05, 4.0663532421632546e-05, 4.064712386701327e-05, 4.0630715312393996e-05, 4.061430675777472e-05, 4.0597898203155446e-05, 4.058148964853617e-05, 4.0565081093916896e-05, 4.054867253929762e-05, 4.0532263984678346e-05, 4.051585543005907e-05, 4.0499446875439796e-05, 4.048303832082052e-05, 4.0466629766201246e-05, 4.045022121158197e-05, 4.0433812656962696e-05, 4.041740410234342e-05, 4.0400995547724146e-05, 4.038458699310487e-05, 4.0368178438485596e-05, 4.035176988386632e-05, 4.0335361329247046e-05, 4.031895277462777e-05, 4.0302544220008496e-05, 4.028613566538922e-05, 4.0269727110769946e-05, 4.025331855615067e-05, 4.0236910001531397e-05, 4.022050144691212e-05, 4.020409289229285e-05, 4.018768433767357e-05, 4.01712757830543e-05, 4.015486722843502e-05, 4.013845867381575e-05, 4.012205011919647e-05, 4.01056415645772e-05, 4.008923300995792e-05, 4.007282445533865e-05, 4.005641590071937e-05, 4.00400073461001e-05, 4.002359879148082e-05, 4.000719023686155e-05, 3.999078168224227e-05, 3.9974373127623e-05, 3.995796457300372e-05, 3.994155601838445e-05, 3.992514746376517e-05, 3.99087389091459e-05, 3.989233035452662e-05, 3.987592179990735e-05, 3.985951324528807e-05, 3.98431046906688e-05, 3.982669613604952e-05, 3.981028758143025e-05, 3.979387902681097e-05, 3.97774704721917e-05, 3.976106191757242e-05, 3.974465336295315e-05, 3.972824480833387e-05, 3.97118362537146e-05, 3.969542769909532e-05, 3.967901914447605e-05, 3.966261058985677e-05, 3.96462020352375e-05, 3.962979348061822e-05, 3.961338492599895e-05, 3.959697637137967e-05, 3.95805678167604e-05, 3.956415926214112e-05, 3.954775070752185e-05, 3.953134215290257e-05, 3.95149335982833e-05, 3.949852504366402e-05, 3.948211648904475e-05, 3.946570793442547e-05, 3.94492993798062e-05, 3.943289082518692e-05, 3.941648227056765e-05, 3.940007371594837e-05, 3.93836651613291e-05, 3.936725660670982e-05, 3.935084805209055e-05, 3.933443949747127e-05, 3.9318030942852e-05, 3.9301622388232723e-05, 3.928521383361345e-05, 3.9268805278994173e-05, 3.92523967243749e-05, 3.9235988169755624e-05, 3.921957961513635e-05, 3.9203171060517074e-05, 3.91867625058978e-05, 3.9170353951278524e-05, 3.915394539665925e-05, 3.9137536842039974e-05, 3.91211282874207e-05, 3.9104719732801424e-05, 3.908831117818215e-05, 3.9071902623562874e-05, 3.90554940689436e-05, 3.9039085514324324e-05, 3.902267695970505e-05, 3.9006268405085774e-05, 3.89898598504665e-05, 3.8973451295847224e-05, 3.895704274122795e-05, 3.8940634186608674e-05, 3.89242256319894e-05, 3.8907817077370124e-05, 3.889140852275085e-05, 3.8874999968131574e-05, 3.88585914135123e-05, 3.8842182858893024e-05, 3.882577430427375e-05, 3.8809365749654474e-05, 3.87929571950352e-05, 3.8776548640415924e-05, 3.876014008579665e-05, 3.8743731531177374e-05, 3.87273229765581e-05, 3.8710914421938825e-05, 3.869450586731955e-05, 3.8678097312700275e-05, 3.8661688758081e-05, 3.8645280203461725e-05, 3.862887164884245e-05, 3.8612463094223175e-05, 3.85960545396039e-05, 3.8579645984984625e-05, 3.856323743036535e-05, 3.8546828875746075e-05, 3.85304203211268e-05, 3.8514011766507525e-05, 3.849760321188825e-05, 3.8481194657268975e-05, 3.84647861026497e-05, 3.8448377548030425e-05, 3.843196899341115e-05, 3.8415560438791875e-05, 3.83991518841726e-05, 3.8382743329553325e-05, 3.836633477493405e-05, 3.8349926220314775e-05, 3.83335176656955e-05, 3.8317109111076225e-05, 3.830070055645695e-05, 3.8284292001837675e-05, 3.82678834472184e-05, 3.8251474892599125e-05, 3.823506633797985e-05, 3.8218657783360576e-05, 3.82022492287413e-05, 3.8185840674122026e-05, 3.816943211950275e-05, 3.8153023564883476e-05, 3.81366150102642e-05, 3.8120206455644926e-05, 3.810379790102565e-05, 3.8087389346406376e-05, 3.80709807917871e-05, 3.8054572237167826e-05, 3.803816368254855e-05, 3.8021755127929276e-05, 3.800534657331e-05, 3.7988938018690726e-05, 3.797252946407145e-05, 3.7956120909452176e-05, 3.79397123548329e-05, 3.7923303800213626e-05, 3.790689524559435e-05, 3.7890486690975076e-05, 3.78740781363558e-05, 3.7857669581736526e-05, 3.784126102711725e-05, 3.7824852472497976e-05, 3.78084439178787e-05, 3.7792035363259426e-05, 3.777562680864015e-05, 3.7759218254020876e-05, 3.77428096994016e-05, 3.7726401144782326e-05, 3.770999259016305e-05, 3.7693584035543777e-05, 3.76771754809245e-05, 3.766076692630523e-05, 3.764435837168595e-05, 3.762794981706668e-05, 3.76115412624474e-05, 3.759513270782813e-05, 3.757872415320885e-05, 3.756231559858958e-05, 3.75459070439703e-05, 3.752949848935103e-05, 3.751308993473175e-05, 3.749668138011248e-05, 3.74802728254932e-05, 3.746386427087393e-05, 3.744745571625465e-05, 3.743104716163538e-05, 3.74146386070161e-05, 3.739823005239683e-05, 3.738182149777755e-05, 3.736541294315828e-05, 3.7349004388539e-05, 3.733259583391973e-05, 3.731618727930045e-05, 3.729977872468118e-05, 3.72833701700619e-05, 3.726696161544263e-05, 3.725055306082335e-05, 3.723414450620408e-05, 3.72177359515848e-05, 3.720132739696553e-05, 3.718491884234625e-05, 3.716851028772698e-05, 3.71521017331077e-05, 3.713569317848843e-05, 3.711928462386915e-05, 3.710287606924988e-05, 3.70864675146306e-05, 3.707005896001133e-05, 3.705365040539205e-05, 3.703724185077278e-05, 3.70208332961535e-05, 3.700442474153423e-05, 3.698801618691495e-05, 3.697160763229568e-05, 3.69551990776764e-05, 3.693879052305713e-05, 3.692238196843785e-05, 3.690597341381858e-05, 3.68895648591993e-05, 3.687315630458003e-05, 3.685674774996075e-05, 3.684033919534148e-05, 3.68239306407222e-05, 3.680752208610293e-05, 3.679111353148365e-05, 3.677470497686438e-05, 3.6758296422245103e-05, 3.674188786762583e-05, 3.6725479313006553e-05, 3.670907075838728e-05, 3.6692662203768004e-05, 3.667625364914873e-05, 3.6659845094529454e-05, 3.664343653991018e-05, 3.6627027985290904e-05, 3.661061943067163e-05, 3.6594210876052354e-05, 3.657780232143308e-05, 3.6561393766813804e-05, 3.654498521219453e-05, 3.6528576657575254e-05, 3.651216810295598e-05, 3.6495759548336704e-05, 3.647935099371743e-05, 3.6462942439098154e-05, 3.644653388447888e-05, 3.6430125329859604e-05, 3.641371677524033e-05, 3.6397308220621054e-05, 3.638089966600178e-05, 3.6364491111382504e-05, 3.634808255676323e-05, 3.6331674002143954e-05, 3.631526544752468e-05, 3.6298856892905404e-05, 3.628244833828613e-05, 3.6266039783666854e-05, 3.624963122904758e-05, 3.6233222674428304e-05, 3.621681411980903e-05, 3.6200405565189754e-05, 3.618399701057048e-05, 3.6167588455951205e-05, 3.615117990133193e-05, 3.6134771346712655e-05, 3.611836279209338e-05, 3.6101954237474105e-05, 3.608554568285483e-05, 3.6069137128235555e-05, 3.605272857361628e-05, 3.6036320018997005e-05, 3.601991146437773e-05, 3.6003502909758455e-05, 3.598709435513918e-05, 3.5970685800519905e-05, 3.595427724590063e-05, 3.5937868691281355e-05, 3.592146013666208e-05, 3.5905051582042805e-05, 3.588864302742353e-05, 3.5872234472804255e-05, 3.585582591818498e-05, 3.5839417363565705e-05, 3.582300880894643e-05, 3.5806600254327155e-05, 3.579019169970788e-05, 3.5773783145088605e-05, 3.575737459046933e-05, 3.5740966035850055e-05, 3.572455748123078e-05, 3.5708148926611505e-05, 3.569174037199223e-05, 3.5675331817372956e-05, 3.565892326275368e-05, 3.5642514708134406e-05, 3.562610615351513e-05, 3.5609697598895856e-05, 3.559328904427658e-05, 3.5576880489657306e-05, 3.556047193503803e-05, 3.5544063380418756e-05, 3.552765482579948e-05, 3.5511246271180206e-05, 3.549483771656093e-05, 3.5478429161941656e-05, 3.546202060732238e-05, 3.5445612052703106e-05, 3.542920349808383e-05, 3.5412794943464556e-05, 3.539638638884528e-05, 3.5379977834226006e-05, 3.536356927960673e-05, 3.5347160724987456e-05, 3.533075217036818e-05, 3.5314343615748906e-05, 3.529793506112963e-05, 3.5281526506510356e-05, 3.526511795189108e-05, 3.5248709397271806e-05, 3.523230084265253e-05, 3.5215892288033256e-05, 3.519948373341398e-05, 3.5183075178794706e-05, 3.516666662417543e-05, 3.5150258069556157e-05, 3.513384951493688e-05, 3.511744096031761e-05, 3.510103240569833e-05, 3.508462385107906e-05, 3.506821529645978e-05, 3.505180674184051e-05, 3.503539818722123e-05, 3.501898963260196e-05, 3.500258107798268e-05, 3.498617252336341e-05, 3.496976396874413e-05, 3.495335541412486e-05, 3.493694685950558e-05, 3.492053830488631e-05, 3.490412975026703e-05, 3.488772119564776e-05, 3.487131264102848e-05, 3.485490408640921e-05, 3.483849553178993e-05, 3.482208697717066e-05, 3.480567842255138e-05, 3.478926986793211e-05, 3.477286131331283e-05, 3.475645275869356e-05, 3.474004420407428e-05, 3.472363564945501e-05, 3.470722709483573e-05, 3.469081854021646e-05, 3.467440998559718e-05, 3.465800143097791e-05, 3.464159287635863e-05, 3.462518432173936e-05, 3.460877576712008e-05, 3.459236721250081e-05, 3.457595865788153e-05, 3.455955010326226e-05, 3.454314154864298e-05, 3.452673299402371e-05, 3.451032443940443e-05, 3.449391588478516e-05, 3.447750733016588e-05, 3.446109877554661e-05, 3.444469022092733e-05, 3.442828166630806e-05, 3.441187311168878e-05, 3.439546455706951e-05, 3.437905600245023e-05, 3.436264744783096e-05, 3.434623889321168e-05, 3.432983033859241e-05, 3.431342178397313e-05, 3.429701322935386e-05, 3.428060467473458e-05, 3.426419612011531e-05, 3.424778756549603e-05, 3.423137901087676e-05, 3.421497045625748e-05, 3.419856190163821e-05, 3.4182153347018933e-05, 3.416574479239966e-05, 3.4149336237780384e-05, 3.413292768316111e-05, 3.4116519128541834e-05, 3.410011057392256e-05, 3.4083702019303284e-05, 3.406729346468401e-05, 3.4050884910064734e-05, 3.403447635544546e-05, 3.4018067800826184e-05, 3.400165924620691e-05, 3.3985250691587634e-05, 3.396884213696836e-05, 3.3952433582349084e-05, 3.393602502772981e-05, 3.3919616473110534e-05, 3.390320791849126e-05, 3.3886799363871984e-05, 3.387039080925271e-05, 3.3853982254633434e-05, 3.383757370001416e-05, 3.3821165145394884e-05, 3.380475659077561e-05, 3.3788348036156334e-05, 3.377193948153706e-05, 3.3755530926917784e-05, 3.373912237229851e-05, 3.3722713817679234e-05, 3.370630526305996e-05, 3.3689896708440684e-05, 3.367348815382141e-05, 3.3657079599202134e-05, 3.364067104458286e-05, 3.3624262489963585e-05, 3.360785393534431e-05, 3.3591445380725035e-05, 3.357503682610576e-05, 3.3558628271486485e-05, 3.354221971686721e-05, 3.3525811162247935e-05, 3.350940260762866e-05, 3.3492994053009385e-05, 3.347658549839011e-05, 3.3460176943770835e-05, 3.344376838915156e-05, 3.3427359834532285e-05, 3.341095127991301e-05, 3.3394542725293735e-05, 3.337813417067446e-05, 3.3361725616055185e-05, 3.334531706143591e-05, 3.3328908506816635e-05, 3.331249995219736e-05, 3.3296091397578085e-05, 3.327968284295881e-05, 3.3263274288339535e-05, 3.324686573372026e-05, 3.3230457179100985e-05, 3.321404862448171e-05, 3.3197640069862435e-05, 3.318123151524316e-05, 3.3164822960623885e-05, 3.314841440600461e-05, 3.3132005851385336e-05, 3.311559729676606e-05, 3.3099188742146786e-05, 3.308278018752751e-05, 3.3066371632908236e-05, 3.304996307828896e-05, 3.3033554523669686e-05, 3.301714596905041e-05, 3.3000737414431136e-05, 3.298432885981186e-05, 3.2967920305192586e-05, 3.295151175057331e-05, 3.2935103195954036e-05, 3.291869464133476e-05, 3.2902286086715486e-05, 3.288587753209621e-05, 3.2869468977476936e-05, 3.285306042285766e-05, 3.2836651868238386e-05, 3.282024331361911e-05, 3.2803834758999836e-05, 3.278742620438056e-05, 3.2771017649761286e-05, 3.275460909514201e-05, 3.2738200540522736e-05, 3.272179198590346e-05, 3.2705383431284186e-05, 3.268897487666491e-05, 3.2672566322045636e-05, 3.265615776742636e-05, 3.2639749212807086e-05, 3.262334065818781e-05, 3.2606932103568537e-05, 3.259052354894926e-05, 3.2574114994329987e-05, 3.255770643971071e-05, 3.254129788509144e-05, 3.252488933047216e-05, 3.250848077585289e-05, 3.249207222123361e-05, 3.247566366661434e-05, 3.245925511199506e-05, 3.244284655737579e-05, 3.242643800275651e-05, 3.241002944813724e-05, 3.239362089351796e-05, 3.237721233889869e-05, 3.236080378427941e-05, 3.234439522966014e-05, 3.232798667504086e-05, 3.231157812042159e-05, 3.229516956580231e-05, 3.227876101118304e-05, 3.226235245656376e-05, 3.224594390194449e-05, 3.222953534732521e-05, 3.221312679270594e-05, 3.219671823808666e-05, 3.218030968346739e-05, 3.216390112884811e-05, 3.214749257422884e-05, 3.213108401960956e-05, 3.211467546499029e-05, 3.209826691037101e-05, 3.208185835575174e-05, 3.206544980113246e-05, 3.204904124651319e-05, 3.203263269189391e-05, 3.201622413727464e-05, 3.199981558265536e-05, 3.198340702803609e-05, 3.196699847341681e-05, 3.195058991879754e-05, 3.193418136417826e-05, 3.191777280955899e-05, 3.190136425493971e-05, 3.188495570032044e-05, 3.186854714570116e-05, 3.185213859108189e-05, 3.183573003646261e-05, 3.181932148184334e-05, 3.180291292722406e-05, 3.178650437260479e-05, 3.177009581798551e-05, 3.175368726336624e-05, 3.173727870874696e-05, 3.172087015412769e-05, 3.170446159950841e-05, 3.168805304488914e-05, 3.167164449026986e-05, 3.165523593565059e-05, 3.1638827381031313e-05, 3.162241882641204e-05, 3.1606010271792764e-05, 3.158960171717349e-05, 3.1573193162554214e-05, 3.155678460793494e-05, 3.1540376053315664e-05, 3.152396749869639e-05, 3.1507558944077114e-05, 3.149115038945784e-05, 3.1474741834838564e-05, 3.145833328021929e-05, 3.1441924725600014e-05, 3.142551617098074e-05, 3.1409107616361464e-05, 3.139269906174219e-05, 3.1376290507122914e-05, 3.135988195250364e-05, 3.1343473397884364e-05, 3.132706484326509e-05, 3.1310656288645814e-05, 3.129424773402654e-05, 3.1277839179407264e-05, 3.126143062478799e-05, 3.1245022070168714e-05, 3.122861351554944e-05, 3.1212204960930164e-05, 3.119579640631089e-05, 3.1179387851691614e-05, 3.116297929707234e-05, 3.1146570742453064e-05, 3.113016218783379e-05, 3.1113753633214514e-05, 3.109734507859524e-05, 3.1080936523975965e-05, 3.106452796935669e-05, 3.1048119414737415e-05, 3.103171086011814e-05, 3.1015302305498865e-05, 3.099889375087959e-05, 3.0982485196260315e-05, 3.096607664164104e-05, 3.0949668087021765e-05, 3.093325953240249e-05, 3.0916850977783215e-05, 3.090044242316394e-05, 3.0884033868544665e-05, 3.086762531392539e-05, 3.0851216759306115e-05, 3.083480820468684e-05, 3.0818399650067565e-05, 3.080199109544829e-05, 3.0785582540829015e-05, 3.076917398620974e-05, 3.0752765431590465e-05, 3.073635687697119e-05, 3.0719948322351915e-05, 3.070353976773264e-05, 3.0687131213113365e-05, 3.067072265849409e-05, 3.0654314103874815e-05, 3.063790554925554e-05, 3.0621496994636265e-05, 3.060508844001699e-05, 3.0588679885397716e-05, 3.057227133077844e-05, 3.0555862776159166e-05, 3.053945422153989e-05, 3.0523045666920616e-05, 3.050663711230134e-05, 3.0490228557682066e-05, 3.047382000306279e-05, 3.0457411448443516e-05, 3.044100289382424e-05, 3.0424594339204966e-05, 3.040818578458569e-05, 3.0391777229966416e-05, 3.037536867534714e-05, 3.0358960120727866e-05, 3.034255156610859e-05, 3.0326143011489316e-05, 3.030973445687004e-05, 3.0293325902250766e-05, 3.027691734763149e-05, 3.0260508793012216e-05, 3.024410023839294e-05, 3.0227691683773666e-05, 3.021128312915439e-05, 3.0194874574535116e-05, 3.017846601991584e-05, 3.0162057465296566e-05, 3.014564891067729e-05, 3.0129240356058016e-05, 3.011283180143874e-05, 3.0096423246819466e-05, 3.008001469220019e-05, 3.0063606137580917e-05, 3.004719758296164e-05, 3.0030789028342367e-05, 3.001438047372309e-05, 2.9997971919103817e-05, 2.9981563364484542e-05, 2.9965154809865267e-05, 2.9948746255245992e-05, 2.9932337700626717e-05, 2.9915929146007442e-05, 2.9899520591388167e-05, 2.9883112036768892e-05, 2.9866703482149617e-05, 2.9850294927530342e-05, 2.9833886372911067e-05, 2.9817477818291792e-05, 2.9801069263672517e-05, 2.9784660709053242e-05, 2.9768252154433967e-05, 2.9751843599814692e-05, 2.9735435045195417e-05, 2.9719026490576142e-05, 2.9702617935956867e-05, 2.9686209381337592e-05, 2.9669800826718317e-05, 2.9653392272099042e-05, 2.9636983717479767e-05, 2.9620575162860492e-05, 2.9604166608241217e-05, 2.9587758053621942e-05, 2.9571349499002668e-05, 2.9554940944383393e-05, 2.9538532389764118e-05, 2.9522123835144843e-05, 2.9505715280525568e-05, 2.9489306725906293e-05, 2.9472898171287018e-05, 2.9456489616667743e-05, 2.9440081062048468e-05, 2.9423672507429193e-05, 2.9407263952809918e-05, 2.9390855398190643e-05, 2.9374446843571368e-05, 2.9358038288952093e-05, 2.9341629734332818e-05, 2.9325221179713543e-05, 2.9308812625094268e-05, 2.9292404070474993e-05, 2.9275995515855718e-05, 2.9259586961236443e-05, 2.9243178406617168e-05, 2.9226769851997893e-05, 2.9210361297378618e-05, 2.9193952742759343e-05, 2.9177544188140068e-05, 2.9161135633520793e-05, 2.914472707890152e-05, 2.9128318524282243e-05, 2.911190996966297e-05, 2.9095501415043693e-05, 2.907909286042442e-05, 2.9062684305805144e-05, 2.904627575118587e-05, 2.9029867196566594e-05, 2.901345864194732e-05, 2.8997050087328044e-05, 2.898064153270877e-05, 2.8964232978089494e-05, 2.894782442347022e-05, 2.8931415868850944e-05, 2.891500731423167e-05, 2.8898598759612394e-05, 2.888219020499312e-05, 2.8865781650373844e-05, 2.884937309575457e-05, 2.8832964541135294e-05, 2.881655598651602e-05, 2.8800147431896744e-05, 2.878373887727747e-05, 2.8767330322658194e-05, 2.875092176803892e-05, 2.8734513213419644e-05, 2.871810465880037e-05, 2.8701696104181094e-05, 2.868528754956182e-05, 2.8668878994942544e-05, 2.865247044032327e-05, 2.8636061885703994e-05, 2.861965333108472e-05, 2.8603244776465444e-05, 2.858683622184617e-05, 2.8570427667226894e-05, 2.855401911260762e-05, 2.8537610557988345e-05, 2.852120200336907e-05, 2.8504793448749795e-05, 2.848838489413052e-05, 2.8471976339511245e-05, 2.845556778489197e-05, 2.8439159230272695e-05, 2.842275067565342e-05, 2.8406342121034145e-05, 2.838993356641487e-05, 2.8373525011795595e-05, 2.835711645717632e-05, 2.8340707902557045e-05, 2.832429934793777e-05, 2.8307890793318495e-05, 2.829148223869922e-05, 2.8275073684079945e-05, 2.825866512946067e-05, 2.8242256574841395e-05, 2.822584802022212e-05, 2.8209439465602845e-05, 2.819303091098357e-05, 2.8176622356364295e-05, 2.816021380174502e-05, 2.8143805247125745e-05, 2.812739669250647e-05, 2.8110988137887195e-05, 2.809457958326792e-05, 2.8078171028648645e-05, 2.806176247402937e-05, 2.8045353919410095e-05, 2.802894536479082e-05, 2.8012536810171546e-05, 2.799612825555227e-05, 2.7979719700932996e-05, 2.796331114631372e-05, 2.7946902591694446e-05, 2.793049403707517e-05, 2.7914085482455896e-05, 2.789767692783662e-05, 2.7881268373217346e-05, 2.786485981859807e-05, 2.7848451263978796e-05, 2.783204270935952e-05, 2.7815634154740246e-05, 2.779922560012097e-05, 2.7782817045501696e-05, 2.776640849088242e-05, 2.7749999936263146e-05, 2.773359138164387e-05, 2.7717182827024596e-05, 2.770077427240532e-05, 2.7684365717786046e-05, 2.766795716316677e-05, 2.7651548608547496e-05, 2.763514005392822e-05, 2.7618731499308946e-05, 2.760232294468967e-05, 2.7585914390070396e-05, 2.756950583545112e-05, 2.7553097280831846e-05, 2.753668872621257e-05, 2.7520280171593297e-05, 2.750387161697402e-05, 2.7487463062354747e-05, 2.747105450773547e-05, 2.7454645953116197e-05, 2.743823739849692e-05, 2.7421828843877647e-05, 2.7405420289258372e-05, 2.7389011734639097e-05, 2.7372603180019822e-05, 2.7356194625400547e-05, 2.7339786070781272e-05, 2.7323377516161997e-05, 2.7306968961542722e-05, 2.7290560406923447e-05, 2.7274151852304172e-05, 2.7257743297684897e-05, 2.7241334743065622e-05, 2.7224926188446347e-05, 2.7208517633827072e-05, 2.7192109079207797e-05, 2.7175700524588522e-05, 2.7159291969969247e-05, 2.7142883415349972e-05, 2.7126474860730697e-05, 2.7110066306111422e-05, 2.7093657751492147e-05, 2.7077249196872872e-05, 2.7060840642253597e-05, 2.7044432087634322e-05, 2.7028023533015047e-05, 2.7011614978395773e-05, 2.6995206423776498e-05, 2.6978797869157223e-05, 2.6962389314537948e-05, 2.6945980759918673e-05, 2.6929572205299398e-05, 2.6913163650680123e-05, 2.6896755096060848e-05, 2.6880346541441573e-05, 2.6863937986822298e-05, 2.6847529432203023e-05, 2.6831120877583748e-05, 2.6814712322964473e-05, 2.6798303768345198e-05, 2.6781895213725923e-05, 2.6765486659106648e-05, 2.6749078104487373e-05, 2.6732669549868098e-05, 2.6716260995248823e-05, 2.6699852440629548e-05, 2.6683443886010273e-05, 2.6667035331390998e-05, 2.6650626776771723e-05, 2.6634218222152448e-05, 2.6617809667533173e-05, 2.66014011129139e-05, 2.6584992558294623e-05, 2.656858400367535e-05, 2.6552175449056073e-05, 2.65357668944368e-05, 2.6519358339817523e-05, 2.650294978519825e-05, 2.6486541230578974e-05, 2.64701326759597e-05, 2.6453724121340424e-05, 2.643731556672115e-05, 2.6420907012101874e-05, 2.64044984574826e-05, 2.6388089902863324e-05, 2.637168134824405e-05, 2.6355272793624774e-05, 2.63388642390055e-05, 2.6322455684386224e-05, 2.630604712976695e-05, 2.6289638575147674e-05, 2.62732300205284e-05, 2.6256821465909124e-05, 2.624041291128985e-05, 2.6224004356670574e-05, 2.62075958020513e-05, 2.6191187247432024e-05, 2.617477869281275e-05, 2.6158370138193474e-05, 2.61419615835742e-05, 2.6125553028954924e-05, 2.610914447433565e-05, 2.6092735919716374e-05, 2.60763273650971e-05, 2.6059918810477824e-05, 2.604351025585855e-05, 2.6027101701239274e-05, 2.601069314662e-05, 2.5994284592000725e-05, 2.597787603738145e-05, 2.5961467482762175e-05, 2.59450589281429e-05, 2.5928650373523625e-05, 2.591224181890435e-05, 2.5895833264285075e-05, 2.58794247096658e-05, 2.5863016155046525e-05, 2.584660760042725e-05, 2.5830199045807975e-05, 2.58137904911887e-05, 2.5797381936569425e-05, 2.578097338195015e-05, 2.5764564827330875e-05, 2.57481562727116e-05, 2.5731747718092325e-05, 2.571533916347305e-05, 2.5698930608853775e-05, 2.56825220542345e-05, 2.5666113499615225e-05, 2.564970494499595e-05, 2.5633296390376675e-05, 2.56168878357574e-05, 2.5600479281138125e-05, 2.558407072651885e-05, 2.5567662171899575e-05, 2.55512536172803e-05, 2.5534845062661025e-05, 2.551843650804175e-05, 2.5502027953422475e-05, 2.54856193988032e-05, 2.5469210844183926e-05, 2.545280228956465e-05, 2.5436393734945376e-05, 2.54199851803261e-05, 2.5403576625706826e-05, 2.538716807108755e-05, 2.5370759516468276e-05, 2.5354350961849e-05, 2.5337942407229726e-05, 2.532153385261045e-05, 2.5305125297991176e-05, 2.52887167433719e-05, 2.5272308188752626e-05, 2.525589963413335e-05, 2.5239491079514076e-05, 2.52230825248948e-05, 2.5206673970275526e-05, 2.519026541565625e-05, 2.5173856861036976e-05, 2.51574483064177e-05, 2.5141039751798426e-05, 2.512463119717915e-05, 2.5108222642559876e-05, 2.50918140879406e-05, 2.5075405533321326e-05, 2.505899697870205e-05, 2.5042588424082776e-05, 2.50261798694635e-05, 2.5009771314844226e-05, 2.499336276022495e-05, 2.4976954205605677e-05, 2.49605456509864e-05, 2.4944137096367127e-05, 2.492772854174785e-05, 2.4911319987128577e-05, 2.48949114325093e-05, 2.4878502877890027e-05, 2.4862094323270752e-05, 2.4845685768651477e-05, 2.4829277214032202e-05, 2.4812868659412927e-05, 2.4796460104793652e-05, 2.4780051550174377e-05, 2.4763642995555102e-05, 2.4747234440935827e-05, 2.4730825886316552e-05, 2.4714417331697277e-05, 2.4698008777078002e-05, 2.4681600222458727e-05, 2.4665191667839452e-05, 2.4648783113220177e-05, 2.4632374558600902e-05, 2.4615966003981627e-05, 2.4599557449362352e-05, 2.4583148894743077e-05, 2.4566740340123802e-05, 2.4550331785504527e-05, 2.4533923230885252e-05, 2.4517514676265977e-05, 2.4501106121646702e-05, 2.4484697567027427e-05, 2.4468289012408153e-05, 2.4451880457788878e-05, 2.4435471903169603e-05, 2.4419063348550328e-05, 2.4402654793931053e-05, 2.4386246239311778e-05, 2.4369837684692503e-05, 2.4353429130073228e-05, 2.4337020575453953e-05, 2.4320612020834678e-05, 2.4304203466215403e-05, 2.4287794911596128e-05, 2.4271386356976853e-05, 2.4254977802357578e-05, 2.4238569247738303e-05, 2.4222160693119028e-05, 2.4205752138499753e-05, 2.4189343583880478e-05, 2.4172935029261203e-05, 2.4156526474641928e-05, 2.4140117920022653e-05, 2.4123709365403378e-05, 2.4107300810784103e-05, 2.4090892256164828e-05, 2.4074483701545553e-05, 2.405807514692628e-05, 2.4041666592307003e-05, 2.402525803768773e-05, 2.4008849483068453e-05, 2.399244092844918e-05, 2.3976032373829903e-05, 2.395962381921063e-05, 2.3943215264591354e-05, 2.392680670997208e-05, 2.3910398155352804e-05, 2.389398960073353e-05, 2.3877581046114254e-05, 2.386117249149498e-05, 2.3844763936875704e-05, 2.382835538225643e-05, 2.3811946827637154e-05, 2.379553827301788e-05, 2.3779129718398604e-05, 2.376272116377933e-05, 2.3746312609160054e-05, 2.372990405454078e-05, 2.3713495499921504e-05, 2.369708694530223e-05, 2.3680678390682954e-05, 2.366426983606368e-05, 2.3647861281444404e-05, 2.363145272682513e-05, 2.3615044172205854e-05, 2.359863561758658e-05, 2.3582227062967304e-05, 2.356581850834803e-05, 2.3549409953728754e-05, 2.353300139910948e-05, 2.3516592844490204e-05, 2.350018428987093e-05, 2.3483775735251654e-05, 2.346736718063238e-05, 2.3450958626013105e-05, 2.343455007139383e-05, 2.3418141516774555e-05, 2.340173296215528e-05, 2.3385324407536005e-05, 2.336891585291673e-05, 2.3352507298297455e-05, 2.333609874367818e-05, 2.3319690189058905e-05, 2.330328163443963e-05, 2.3286873079820355e-05, 2.327046452520108e-05, 2.3254055970581805e-05, 2.323764741596253e-05, 2.3221238861343255e-05, 2.320483030672398e-05, 2.3188421752104705e-05, 2.317201319748543e-05, 2.3155604642866155e-05, 2.313919608824688e-05, 2.3122787533627605e-05, 2.310637897900833e-05, 2.3089970424389055e-05, 2.307356186976978e-05, 2.3057153315150505e-05, 2.304074476053123e-05, 2.3024336205911955e-05, 2.300792765129268e-05, 2.2991519096673405e-05, 2.297511054205413e-05, 2.2958701987434855e-05, 2.294229343281558e-05, 2.2925884878196306e-05, 2.290947632357703e-05, 2.2893067768957756e-05, 2.287665921433848e-05, 2.2860250659719206e-05, 2.284384210509993e-05, 2.2827433550480656e-05, 2.281102499586138e-05, 2.2794616441242106e-05, 2.277820788662283e-05, 2.2761799332003556e-05, 2.274539077738428e-05, 2.2728982222765006e-05, 2.271257366814573e-05, 2.2696165113526456e-05, 2.267975655890718e-05, 2.2663348004287906e-05, 2.264693944966863e-05, 2.2630530895049356e-05, 2.261412234043008e-05, 2.2597713785810806e-05, 2.258130523119153e-05, 2.2564896676572256e-05, 2.254848812195298e-05, 2.2532079567333706e-05, 2.251567101271443e-05, 2.2499262458095156e-05, 2.248285390347588e-05, 2.2466445348856606e-05, 2.245003679423733e-05, 2.2433628239618057e-05, 2.241721968499878e-05, 2.2400811130379507e-05, 2.238440257576023e-05, 2.2367994021140957e-05, 2.235158546652168e-05, 2.2335176911902407e-05, 2.2318768357283132e-05, 2.2302359802663857e-05, 2.2285951248044582e-05, 2.2269542693425307e-05, 2.2253134138806032e-05, 2.2236725584186757e-05, 2.2220317029567482e-05, 2.2203908474948207e-05, 2.2187499920328932e-05, 2.2171091365709657e-05, 2.2154682811090382e-05, 2.2138274256471107e-05, 2.2121865701851832e-05, 2.2105457147232557e-05, 2.2089048592613282e-05, 2.2072640037994007e-05, 2.2056231483374732e-05, 2.2039822928755457e-05, 2.2023414374136182e-05, 2.2007005819516907e-05, 2.1990597264897632e-05, 2.1974188710278357e-05, 2.1957780155659082e-05, 2.1941371601039807e-05, 2.1924963046420533e-05, 2.1908554491801258e-05, 2.1892145937181983e-05, 2.1875737382562708e-05, 2.1859328827943433e-05, 2.1842920273324158e-05, 2.1826511718704883e-05, 2.1810103164085608e-05, 2.1793694609466333e-05, 2.1777286054847058e-05, 2.1760877500227783e-05, 2.1744468945608508e-05, 2.1728060390989233e-05, 2.1711651836369958e-05, 2.1695243281750683e-05, 2.1678834727131408e-05, 2.1662426172512133e-05, 2.1646017617892858e-05, 2.1629609063273583e-05, 2.1613200508654308e-05, 2.1596791954035033e-05, 2.1580383399415758e-05, 2.1563974844796483e-05, 2.1547566290177208e-05, 2.1531157735557933e-05, 2.151474918093866e-05, 2.1498340626319383e-05, 2.148193207170011e-05, 2.1465523517080833e-05, 2.144911496246156e-05, 2.1432706407842283e-05, 2.141629785322301e-05, 2.1399889298603734e-05, 2.138348074398446e-05, 2.1367072189365184e-05, 2.135066363474591e-05, 2.1334255080126634e-05, 2.131784652550736e-05, 2.1301437970888084e-05, 2.128502941626881e-05, 2.1268620861649534e-05, 2.125221230703026e-05, 2.1235803752410984e-05, 2.121939519779171e-05, 2.1202986643172434e-05, 2.118657808855316e-05, 2.1170169533933884e-05, 2.115376097931461e-05, 2.1137352424695334e-05, 2.112094387007606e-05, 2.1104535315456784e-05, 2.108812676083751e-05, 2.1071718206218234e-05, 2.105530965159896e-05, 2.1038901096979684e-05, 2.102249254236041e-05, 2.1006083987741134e-05, 2.098967543312186e-05, 2.0973266878502584e-05, 2.095685832388331e-05, 2.0940449769264034e-05, 2.092404121464476e-05, 2.0907632660025485e-05, 2.089122410540621e-05, 2.0874815550786935e-05, 2.085840699616766e-05, 2.0841998441548385e-05, 2.082558988692911e-05, 2.0809181332309835e-05, 2.079277277769056e-05, 2.0776364223071285e-05, 2.075995566845201e-05, 2.0743547113832735e-05, 2.072713855921346e-05, 2.0710730004594185e-05, 2.069432144997491e-05, 2.0677912895355635e-05, 2.066150434073636e-05, 2.0645095786117085e-05, 2.062868723149781e-05, 2.0612278676878535e-05, 2.059587012225926e-05, 2.0579461567639985e-05, 2.056305301302071e-05, 2.0546644458401435e-05, 2.053023590378216e-05, 2.0513827349162885e-05, 2.049741879454361e-05, 2.0481010239924335e-05, 2.046460168530506e-05, 2.0448193130685785e-05, 2.043178457606651e-05, 2.0415376021447235e-05, 2.039896746682796e-05, 2.0382558912208686e-05, 2.036615035758941e-05, 2.0349741802970136e-05, 2.033333324835086e-05, 2.0316924693731586e-05, 2.030051613911231e-05, 2.0284107584493036e-05, 2.026769902987376e-05, 2.0251290475254486e-05, 2.023488192063521e-05, 2.0218473366015936e-05, 2.020206481139666e-05, 2.0185656256777386e-05, 2.016924770215811e-05, 2.0152839147538836e-05, 2.013643059291956e-05, 2.0120022038300286e-05, 2.010361348368101e-05, 2.0087204929061736e-05, 2.007079637444246e-05, 2.0054387819823186e-05, 2.003797926520391e-05, 2.0021570710584636e-05, 2.000516215596536e-05, 1.9988753601346086e-05, 1.997234504672681e-05, 1.9955936492107536e-05, 1.993952793748826e-05, 1.9923119382868986e-05, 1.990671082824971e-05, 1.9890302273630437e-05, 1.987389371901116e-05, 1.9857485164391887e-05, 1.984107660977261e-05, 1.9824668055153337e-05, 1.980825950053406e-05, 1.9791850945914787e-05, 1.9775442391295512e-05, 1.9759033836676237e-05, 1.9742625282056962e-05, 1.9726216727437687e-05, 1.9709808172818412e-05, 1.9693399618199137e-05, 1.9676991063579862e-05, 1.9660582508960587e-05, 1.9644173954341312e-05, 1.9627765399722037e-05, 1.9611356845102762e-05, 1.9594948290483487e-05, 1.9578539735864212e-05, 1.9562131181244937e-05, 1.9545722626625662e-05, 1.9529314072006387e-05, 1.9512905517387112e-05, 1.9496496962767837e-05, 1.9480088408148562e-05, 1.9463679853529287e-05, 1.9447271298910012e-05, 1.9430862744290737e-05, 1.9414454189671462e-05, 1.9398045635052187e-05, 1.9381637080432913e-05, 1.9365228525813638e-05, 1.9348819971194363e-05, 1.9332411416575088e-05, 1.9316002861955813e-05, 1.9299594307336538e-05, 1.9283185752717263e-05, 1.9266777198097988e-05, 1.9250368643478713e-05, 1.9233960088859438e-05, 1.9217551534240163e-05, 1.9201142979620888e-05, 1.9184734425001613e-05, 1.9168325870382338e-05, 1.9151917315763063e-05, 1.9135508761143788e-05, 1.9119100206524513e-05, 1.9102691651905238e-05, 1.9086283097285963e-05, 1.9069874542666688e-05, 1.9053465988047413e-05, 1.9037057433428138e-05, 1.9020648878808863e-05, 1.9004240324189588e-05, 1.8987831769570313e-05, 1.897142321495104e-05, 1.8955014660331763e-05, 1.893860610571249e-05, 1.8922197551093213e-05, 1.890578899647394e-05, 1.8889380441854663e-05, 1.887297188723539e-05, 1.8856563332616114e-05, 1.884015477799684e-05, 1.8823746223377564e-05, 1.880733766875829e-05, 1.8790929114139014e-05, 1.877452055951974e-05, 1.8758112004900464e-05, 1.874170345028119e-05, 1.8725294895661914e-05, 1.870888634104264e-05, 1.8692477786423364e-05, 1.867606923180409e-05, 1.8659660677184814e-05, 1.864325212256554e-05, 1.8626843567946264e-05, 1.861043501332699e-05, 1.8594026458707714e-05, 1.857761790408844e-05, 1.8561209349469164e-05, 1.854480079484989e-05, 1.8528392240230614e-05, 1.851198368561134e-05, 1.8495575130992064e-05, 1.847916657637279e-05, 1.8462758021753514e-05, 1.844634946713424e-05, 1.8429940912514964e-05, 1.841353235789569e-05, 1.8397123803276414e-05, 1.838071524865714e-05, 1.8364306694037865e-05, 1.834789813941859e-05, 1.8331489584799315e-05, 1.831508103018004e-05, 1.8298672475560765e-05, 1.828226392094149e-05, 1.8265855366322215e-05, 1.824944681170294e-05, 1.8233038257083665e-05, 1.821662970246439e-05, 1.8200221147845115e-05, 1.818381259322584e-05, 1.8167404038606565e-05, 1.815099548398729e-05, 1.8134586929368015e-05, 1.811817837474874e-05, 1.8101769820129465e-05, 1.808536126551019e-05, 1.8068952710890915e-05, 1.805254415627164e-05, 1.8036135601652365e-05, 1.801972704703309e-05, 1.8003318492413815e-05, 1.798690993779454e-05, 1.7970501383175265e-05, 1.795409282855599e-05, 1.7937684273936715e-05, 1.792127571931744e-05, 1.7904867164698165e-05, 1.788845861007889e-05, 1.7872050055459615e-05, 1.785564150084034e-05, 1.7839232946221066e-05, 1.782282439160179e-05, 1.7806415836982516e-05, 1.779000728236324e-05, 1.7773598727743966e-05, 1.775719017312469e-05, 1.7740781618505416e-05, 1.772437306388614e-05, 1.7707964509266866e-05, 1.769155595464759e-05, 1.7675147400028316e-05, 1.765873884540904e-05, 1.7642330290789766e-05, 1.762592173617049e-05, 1.7609513181551216e-05, 1.759310462693194e-05, 1.7576696072312666e-05, 1.756028751769339e-05, 1.7543878963074116e-05, 1.752747040845484e-05, 1.7511061853835566e-05, 1.749465329921629e-05, 1.7478244744597016e-05, 1.746183618997774e-05, 1.7445427635358466e-05, 1.742901908073919e-05, 1.7412610526119916e-05, 1.739620197150064e-05, 1.7379793416881366e-05, 1.736338486226209e-05, 1.7346976307642817e-05, 1.733056775302354e-05, 1.7314159198404267e-05, 1.729775064378499e-05, 1.7281342089165717e-05, 1.726493353454644e-05, 1.7248524979927167e-05, 1.7232116425307892e-05, 1.7215707870688617e-05, 1.7199299316069342e-05, 1.7182890761450067e-05, 1.7166482206830792e-05, 1.7150073652211517e-05, 1.7133665097592242e-05, 1.7117256542972967e-05, 1.7100847988353692e-05, 1.7084439433734417e-05, 1.7068030879115142e-05, 1.7051622324495867e-05, 1.7035213769876592e-05, 1.7018805215257317e-05, 1.7002396660638042e-05, 1.6985988106018767e-05, 1.6969579551399492e-05, 1.6953170996780217e-05, 1.6936762442160942e-05, 1.6920353887541667e-05, 1.6903945332922392e-05, 1.6887536778303117e-05, 1.6871128223683842e-05, 1.6854719669064567e-05, 1.6838311114445293e-05, 1.6821902559826018e-05, 1.6805494005206743e-05, 1.6789085450587468e-05, 1.6772676895968193e-05, 1.6756268341348918e-05, 1.6739859786729643e-05, 1.6723451232110368e-05, 1.6707042677491093e-05, 1.6690634122871818e-05, 1.6674225568252543e-05, 1.6657817013633268e-05, 1.6641408459013993e-05, 1.6624999904394718e-05, 1.6608591349775443e-05, 1.6592182795156168e-05, 1.6575774240536893e-05, 1.6559365685917618e-05, 1.6542957131298343e-05, 1.6526548576679068e-05, 1.6510140022059793e-05, 1.6493731467440518e-05, 1.6477322912821243e-05, 1.6460914358201968e-05, 1.6444505803582693e-05, 1.642809724896342e-05, 1.6411688694344143e-05, 1.639528013972487e-05, 1.6378871585105593e-05, 1.636246303048632e-05, 1.6346054475867043e-05, 1.632964592124777e-05, 1.6313237366628494e-05, 1.629682881200922e-05, 1.6280420257389944e-05, 1.626401170277067e-05, 1.6247603148151394e-05, 1.623119459353212e-05, 1.6214786038912844e-05, 1.619837748429357e-05, 1.6181968929674294e-05, 1.616556037505502e-05, 1.6149151820435744e-05, 1.613274326581647e-05, 1.6116334711197194e-05, 1.609992615657792e-05, 1.6083517601958644e-05, 1.606710904733937e-05, 1.6050700492720094e-05, 1.603429193810082e-05, 1.6017883383481544e-05, 1.600147482886227e-05, 1.5985066274242994e-05, 1.596865771962372e-05, 1.5952249165004444e-05, 1.593584061038517e-05, 1.5919432055765894e-05, 1.590302350114662e-05, 1.5886614946527344e-05, 1.587020639190807e-05, 1.5853797837288794e-05, 1.583738928266952e-05, 1.5820980728050244e-05, 1.580457217343097e-05, 1.5788163618811695e-05, 1.577175506419242e-05, 1.5755346509573145e-05, 1.573893795495387e-05, 1.5722529400334595e-05, 1.570612084571532e-05, 1.5689712291096045e-05, 1.567330373647677e-05, 1.5656895181857495e-05, 1.564048662723822e-05, 1.5624078072618945e-05, 1.560766951799967e-05, 1.5591260963380395e-05, 1.557485240876112e-05, 1.5558443854141845e-05, 1.554203529952257e-05, 1.5525626744903295e-05, 1.550921819028402e-05, 1.5492809635664745e-05, 1.547640108104547e-05, 1.5459992526426195e-05, 1.544358397180692e-05, 1.5427175417187645e-05, 1.541076686256837e-05, 1.5394358307949095e-05, 1.537794975332982e-05, 1.5361541198710545e-05, 1.534513264409127e-05, 1.5328724089471995e-05, 1.531231553485272e-05, 1.5295906980233446e-05, 1.527949842561417e-05, 1.5263089870994896e-05, 1.5246681316375619e-05, 1.5230272761756342e-05, 1.5213864207137066e-05, 1.5197455652517789e-05, 1.5181047097898512e-05, 1.5164638543279236e-05, 1.5148229988659959e-05, 1.5131821434040682e-05, 1.5115412879421406e-05, 1.5099004324802129e-05, 1.5082595770182852e-05, 1.5066187215563576e-05, 1.5049778660944299e-05, 1.5033370106325022e-05, 1.5016961551705746e-05, 1.5000552997086469e-05, 1.4984144442467192e-05, 1.4967735887847916e-05, 1.4951327333228639e-05, 1.4934918778609362e-05, 1.4918510223990086e-05, 1.4902101669370809e-05, 1.4885693114751532e-05, 1.4869284560132256e-05, 1.4852876005512979e-05, 1.4836467450893702e-05, 1.4820058896274426e-05, 1.4803650341655149e-05, 1.4787241787035872e-05, 1.4770833232416596e-05, 1.4754424677797319e-05, 1.4738016123178042e-05, 1.4721607568558766e-05, 1.4705199013939489e-05, 1.4688790459320212e-05, 1.4672381904700936e-05, 1.4655973350081659e-05, 1.4639564795462382e-05, 1.4623156240843106e-05, 1.4606747686223829e-05, 1.4590339131604552e-05, 1.4573930576985276e-05, 1.4557522022365999e-05, 1.4541113467746722e-05, 1.4524704913127446e-05, 1.4508296358508169e-05, 1.4491887803888892e-05, 1.4475479249269616e-05, 1.445907069465034e-05, 1.4442662140031063e-05, 1.4426253585411786e-05, 1.440984503079251e-05, 1.4393436476173233e-05, 1.4377027921553956e-05, 1.436061936693468e-05, 1.4344210812315403e-05, 1.4327802257696126e-05, 1.431139370307685e-05, 1.4294985148457573e-05, 1.4278576593838296e-05, 1.426216803921902e-05, 1.4245759484599743e-05, 1.4229350929980466e-05, 1.421294237536119e-05, 1.4196533820741913e-05, 1.4180125266122636e-05, 1.416371671150336e-05, 1.4147308156884083e-05, 1.4130899602264806e-05, 1.411449104764553e-05, 1.4098082493026253e-05, 1.4081673938406976e-05, 1.40652653837877e-05, 1.4048856829168423e-05, 1.4032448274549146e-05, 1.401603971992987e-05, 1.3999631165310593e-05, 1.3983222610691316e-05, 1.396681405607204e-05, 1.3950405501452763e-05, 1.3933996946833486e-05, 1.391758839221421e-05, 1.3901179837594933e-05, 1.3884771282975656e-05, 1.386836272835638e-05, 1.3851954173737103e-05, 1.3835545619117826e-05, 1.381913706449855e-05, 1.3802728509879273e-05, 1.3786319955259996e-05, 1.376991140064072e-05, 1.3753502846021443e-05, 1.3737094291402166e-05, 1.372068573678289e-05, 1.3704277182163613e-05, 1.3687868627544336e-05, 1.367146007292506e-05, 1.3655051518305783e-05, 1.3638642963686506e-05, 1.362223440906723e-05, 1.3605825854447953e-05, 1.3589417299828676e-05, 1.35730087452094e-05, 1.3556600190590123e-05, 1.3540191635970846e-05, 1.352378308135157e-05, 1.3507374526732293e-05, 1.3490965972113016e-05, 1.347455741749374e-05, 1.3458148862874463e-05, 1.3441740308255186e-05, 1.342533175363591e-05, 1.3408923199016633e-05, 1.3392514644397356e-05, 1.337610608977808e-05, 1.3359697535158803e-05, 1.3343288980539526e-05, 1.332688042592025e-05, 1.3310471871300973e-05, 1.3294063316681696e-05, 1.327765476206242e-05, 1.3261246207443143e-05, 1.3244837652823866e-05, 1.322842909820459e-05, 1.3212020543585313e-05, 1.3195611988966036e-05, 1.317920343434676e-05, 1.3162794879727483e-05, 1.3146386325108206e-05, 1.312997777048893e-05, 1.3113569215869653e-05, 1.3097160661250376e-05, 1.30807521066311e-05, 1.3064343552011823e-05, 1.3047934997392546e-05, 1.303152644277327e-05, 1.3015117888153993e-05, 1.2998709333534716e-05, 1.298230077891544e-05, 1.2965892224296163e-05, 1.2949483669676886e-05, 1.293307511505761e-05, 1.2916666560438333e-05, 1.2900258005819056e-05, 1.288384945119978e-05, 1.2867440896580503e-05, 1.2851032341961226e-05, 1.283462378734195e-05, 1.2818215232722673e-05, 1.2801806678103396e-05, 1.278539812348412e-05, 1.2768989568864843e-05, 1.2752581014245566e-05, 1.273617245962629e-05, 1.2719763905007013e-05, 1.2703355350387736e-05, 1.268694679576846e-05, 1.2670538241149183e-05, 1.2654129686529906e-05, 1.263772113191063e-05, 1.2621312577291353e-05, 1.2604904022672076e-05, 1.25884954680528e-05, 1.2572086913433523e-05, 1.2555678358814246e-05, 1.253926980419497e-05, 1.2522861249575693e-05, 1.2506452694956416e-05, 1.249004414033714e-05, 1.2473635585717863e-05, 1.2457227031098586e-05, 1.244081847647931e-05, 1.2424409921860033e-05, 1.2408001367240756e-05, 1.239159281262148e-05, 1.2375184258002203e-05, 1.2358775703382926e-05, 1.234236714876365e-05, 1.2325958594144373e-05, 1.2309550039525096e-05, 1.229314148490582e-05, 1.2276732930286543e-05, 1.2260324375667266e-05, 1.224391582104799e-05, 1.2227507266428713e-05, 1.2211098711809436e-05, 1.219469015719016e-05, 1.2178281602570883e-05, 1.2161873047951607e-05, 1.214546449333233e-05, 1.2129055938713053e-05, 1.2112647384093777e-05, 1.20962388294745e-05, 1.2079830274855223e-05, 1.2063421720235947e-05, 1.204701316561667e-05, 1.2030604610997393e-05, 1.2014196056378117e-05, 1.199778750175884e-05, 1.1981378947139563e-05, 1.1964970392520287e-05, 1.194856183790101e-05, 1.1932153283281733e-05, 1.1915744728662457e-05, 1.189933617404318e-05, 1.1882927619423903e-05, 1.1866519064804627e-05, 1.185011051018535e-05, 1.1833701955566073e-05, 1.1817293400946797e-05, 1.180088484632752e-05, 1.1784476291708243e-05, 1.1768067737088967e-05, 1.175165918246969e-05, 1.1735250627850413e-05, 1.1718842073231137e-05, 1.170243351861186e-05, 1.1686024963992583e-05, 1.1669616409373307e-05, 1.165320785475403e-05, 1.1636799300134753e-05, 1.1620390745515477e-05, 1.16039821908962e-05, 1.1587573636276923e-05, 1.1571165081657647e-05, 1.155475652703837e-05, 1.1538347972419093e-05, 1.1521939417799817e-05, 1.150553086318054e-05, 1.1489122308561263e-05, 1.1472713753941987e-05, 1.145630519932271e-05, 1.1439896644703433e-05, 1.1423488090084157e-05, 1.140707953546488e-05, 1.1390670980845603e-05, 1.1374262426226327e-05, 1.135785387160705e-05, 1.1341445316987773e-05, 1.1325036762368497e-05, 1.130862820774922e-05, 1.1292219653129943e-05, 1.1275811098510667e-05, 1.125940254389139e-05, 1.1242993989272113e-05, 1.1226585434652837e-05, 1.121017688003356e-05, 1.1193768325414283e-05, 1.1177359770795007e-05, 1.116095121617573e-05, 1.1144542661556453e-05, 1.1128134106937177e-05, 1.11117255523179e-05, 1.1095316997698623e-05, 1.1078908443079347e-05, 1.106249988846007e-05, 1.1046091333840793e-05, 1.1029682779221517e-05, 1.101327422460224e-05, 1.0996865669982964e-05, 1.0980457115363687e-05, 1.096404856074441e-05, 1.0947640006125134e-05, 1.0931231451505857e-05, 1.091482289688658e-05, 1.0898414342267304e-05, 1.0882005787648027e-05, 1.086559723302875e-05, 1.0849188678409474e-05, 1.0832780123790197e-05, 1.081637156917092e-05, 1.0799963014551644e-05, 1.0783554459932367e-05, 1.076714590531309e-05, 1.0750737350693814e-05, 1.0734328796074537e-05, 1.071792024145526e-05, 1.0701511686835984e-05, 1.0685103132216707e-05, 1.066869457759743e-05, 1.0652286022978154e-05, 1.0635877468358877e-05, 1.06194689137396e-05, 1.0603060359120324e-05, 1.0586651804501047e-05, 1.057024324988177e-05, 1.0553834695262494e-05, 1.0537426140643217e-05, 1.052101758602394e-05, 1.0504609031404664e-05, 1.0488200476785387e-05, 1.047179192216611e-05, 1.0455383367546834e-05, 1.0438974812927557e-05, 1.042256625830828e-05, 1.0406157703689004e-05, 1.0389749149069727e-05, 1.037334059445045e-05, 1.0356932039831174e-05, 1.0340523485211897e-05, 1.032411493059262e-05, 1.0307706375973344e-05, 1.0291297821354067e-05, 1.027488926673479e-05, 1.0258480712115514e-05, 1.0242072157496237e-05, 1.022566360287696e-05, 1.0209255048257684e-05, 1.0192846493638407e-05, 1.017643793901913e-05, 1.0160029384399854e-05, 1.0143620829780577e-05, 1.01272122751613e-05, 1.0110803720542024e-05, 1.0094395165922747e-05, 1.007798661130347e-05, 1.0061578056684194e-05, 1.0045169502064917e-05, 1.002876094744564e-05, 1.0012352392826364e-05, 9.995943838207087e-06, 9.97953528358781e-06, 9.963126728968534e-06, 9.946718174349257e-06, 9.93030961972998e-06, 9.913901065110704e-06, 9.897492510491427e-06, 9.88108395587215e-06, 9.864675401252874e-06, 9.848266846633597e-06, 9.83185829201432e-06, 9.815449737395044e-06, 9.799041182775767e-06, 9.78263262815649e-06, 9.766224073537214e-06, 9.749815518917937e-06, 9.73340696429866e-06, 9.716998409679384e-06, 9.700589855060107e-06, 9.68418130044083e-06, 9.667772745821554e-06, 9.651364191202277e-06, 9.634955636583e-06, 9.618547081963724e-06, 9.602138527344447e-06, 9.58572997272517e-06, 9.569321418105894e-06, 9.552912863486617e-06, 9.53650430886734e-06, 9.520095754248064e-06, 9.503687199628787e-06, 9.48727864500951e-06, 9.470870090390234e-06, 9.454461535770957e-06, 9.43805298115168e-06, 9.421644426532404e-06, 9.405235871913127e-06, 9.38882731729385e-06, 9.372418762674574e-06, 9.356010208055297e-06, 9.33960165343602e-06, 9.323193098816744e-06, 9.306784544197467e-06, 9.29037598957819e-06, 9.273967434958914e-06, 9.257558880339637e-06, 9.24115032572036e-06, 9.224741771101084e-06, 9.208333216481807e-06, 9.19192466186253e-06, 9.175516107243254e-06, 9.159107552623977e-06, 9.1426989980047e-06, 9.126290443385424e-06, 9.109881888766147e-06, 9.09347333414687e-06, 9.077064779527594e-06, 9.060656224908317e-06, 9.04424767028904e-06, 9.027839115669764e-06, 9.011430561050487e-06, 8.99502200643121e-06, 8.978613451811934e-06, 8.962204897192657e-06, 8.94579634257338e-06, 8.929387787954104e-06, 8.912979233334827e-06, 8.89657067871555e-06, 8.880162124096274e-06, 8.863753569476997e-06, 8.84734501485772e-06, 8.830936460238444e-06, 8.814527905619167e-06, 8.79811935099989e-06, 8.781710796380614e-06, 8.765302241761338e-06, 8.74889368714206e-06, 8.732485132522784e-06, 8.716076577903508e-06, 8.699668023284231e-06, 8.683259468664954e-06, 8.666850914045678e-06, 8.650442359426401e-06, 8.634033804807124e-06, 8.617625250187848e-06, 8.601216695568571e-06, 8.584808140949294e-06, 8.568399586330018e-06, 8.551991031710741e-06, 8.535582477091464e-06, 8.519173922472188e-06, 8.502765367852911e-06, 8.486356813233634e-06, 8.469948258614358e-06, 8.453539703995081e-06, 8.437131149375804e-06, 8.420722594756528e-06, 8.404314040137251e-06, 8.387905485517974e-06, 8.371496930898698e-06, 8.355088376279421e-06, 8.338679821660144e-06, 8.322271267040868e-06, 8.305862712421591e-06, 8.289454157802314e-06, 8.273045603183038e-06, 8.256637048563761e-06, 8.240228493944484e-06, 8.223819939325208e-06, 8.207411384705931e-06, 8.191002830086654e-06, 8.174594275467378e-06, 8.158185720848101e-06, 8.141777166228824e-06, 8.125368611609548e-06, 8.108960056990271e-06, 8.092551502370994e-06, 8.076142947751718e-06, 8.059734393132441e-06, 8.043325838513164e-06, 8.026917283893888e-06, 8.010508729274611e-06, 7.994100174655334e-06, 7.977691620036058e-06, 7.961283065416781e-06, 7.944874510797504e-06, 7.928465956178228e-06, 7.912057401558951e-06, 7.895648846939674e-06, 7.879240292320398e-06, 7.862831737701121e-06, 7.846423183081844e-06, 7.830014628462568e-06, 7.813606073843291e-06, 7.797197519224014e-06, 7.780788964604738e-06, 7.764380409985461e-06, 7.747971855366184e-06, 7.731563300746908e-06, 7.715154746127631e-06, 7.698746191508354e-06, 7.682337636889078e-06, 7.665929082269801e-06, 7.649520527650524e-06, 7.633111973031248e-06, 7.616703418411972e-06, 7.600294863792696e-06, 7.58388630917342e-06, 7.5674777545541446e-06, 7.551069199934869e-06, 7.534660645315593e-06, 7.518252090696317e-06, 7.501843536077041e-06, 7.4854349814577655e-06, 7.46902642683849e-06, 7.452617872219214e-06, 7.436209317599938e-06, 7.419800762980662e-06, 7.4033922083613864e-06, 7.386983653742111e-06, 7.370575099122835e-06, 7.354166544503559e-06, 7.337757989884283e-06, 7.321349435265007e-06, 7.3049408806457315e-06, 7.288532326026456e-06, 7.27212377140718e-06, 7.255715216787904e-06, 7.239306662168628e-06, 7.2228981075493525e-06, 7.206489552930077e-06, 7.190080998310801e-06, 7.173672443691525e-06, 7.157263889072249e-06, 7.140855334452973e-06, 7.1244467798336976e-06, 7.108038225214422e-06, 7.091629670595146e-06, 7.07522111597587e-06, 7.058812561356594e-06, 7.0424040067373185e-06, 7.025995452118043e-06, 7.009586897498767e-06, 6.993178342879491e-06, 6.976769788260215e-06, 6.9603612336409394e-06, 6.943952679021664e-06, 6.927544124402388e-06, 6.911135569783112e-06, 6.894727015163836e-06, 6.87831846054456e-06, 6.8619099059252845e-06, 6.845501351306009e-06, 6.829092796686733e-06, 6.812684242067457e-06, 6.796275687448181e-06, 6.7798671328289055e-06, 6.76345857820963e-06, 6.747050023590354e-06, 6.730641468971078e-06, 6.714232914351802e-06, 6.697824359732526e-06, 6.6814158051132506e-06, 6.665007250493975e-06, 6.648598695874699e-06, 6.632190141255423e-06, 6.615781586636147e-06, 6.5993730320168715e-06, 6.582964477397596e-06, 6.56655592277832e-06, 6.550147368159044e-06, 6.533738813539768e-06, 6.5173302589204924e-06, 6.500921704301217e-06, 6.484513149681941e-06, 6.468104595062665e-06, 6.451696040443389e-06, 6.435287485824113e-06, 6.4188789312048375e-06, 6.402470376585562e-06, 6.386061821966286e-06, 6.36965326734701e-06, 6.353244712727734e-06, 6.3368361581084585e-06, 6.320427603489183e-06, 6.304019048869907e-06, 6.287610494250631e-06, 6.271201939631355e-06, 6.254793385012079e-06, 6.2383848303928036e-06, 6.221976275773528e-06, 6.205567721154252e-06, 6.189159166534976e-06, 6.1727506119157e-06, 6.1563420572964245e-06, 6.139933502677149e-06, 6.123524948057873e-06, 6.107116393438597e-06, 6.090707838819321e-06, 6.0742992842000454e-06, 6.05789072958077e-06, 6.041482174961494e-06, 6.025073620342218e-06, 6.008665065722942e-06, 5.992256511103666e-06, 5.9758479564843905e-06, 5.959439401865115e-06, 5.943030847245839e-06, 5.926622292626563e-06, 5.910213738007287e-06, 5.8938051833880115e-06, 5.877396628768736e-06, 5.86098807414946e-06, 5.844579519530184e-06, 5.828170964910908e-06, 5.811762410291632e-06, 5.7953538556723566e-06, 5.778945301053081e-06, 5.762536746433805e-06, 5.746128191814529e-06, 5.729719637195253e-06, 5.7133110825759775e-06, 5.696902527956702e-06, 5.680493973337426e-06, 5.66408541871815e-06, 5.647676864098874e-06, 5.6312683094795984e-06, 5.614859754860323e-06, 5.598451200241047e-06, 5.582042645621771e-06, 5.565634091002495e-06, 5.549225536383219e-06, 5.5328169817639435e-06, 5.516408427144668e-06, 5.499999872525392e-06, 5.483591317906116e-06, 5.46718276328684e-06, 5.4507742086675645e-06, 5.434365654048289e-06, 5.417957099429013e-06, 5.401548544809737e-06, 5.385139990190461e-06, 5.368731435571185e-06, 5.3523228809519096e-06, 5.335914326332634e-06, 5.319505771713358e-06, 5.303097217094082e-06, 5.286688662474806e-06, 5.2702801078555305e-06, 5.253871553236255e-06, 5.237462998616979e-06, 5.221054443997703e-06, 5.204645889378427e-06, 5.1882373347591514e-06, 5.171828780139876e-06, 5.1554202255206e-06, 5.139011670901324e-06, 5.122603116282048e-06, 5.106194561662772e-06, 5.0897860070434965e-06, 5.073377452424221e-06, 5.056968897804945e-06, 5.040560343185669e-06, 5.024151788566393e-06, 5.0077432339471175e-06, 4.991334679327842e-06, 4.974926124708566e-06, 4.95851757008929e-06, 4.942109015470014e-06, 4.925700460850738e-06, 4.9092919062314626e-06, 4.892883351612187e-06, 4.876474796992911e-06, 4.860066242373635e-06, 4.843657687754359e-06, 4.8272491331350835e-06, 4.810840578515808e-06, 4.794432023896532e-06, 4.778023469277256e-06, 4.76161491465798e-06, 4.7452063600387044e-06, 4.728797805419429e-06, 4.712389250800153e-06, 4.695980696180877e-06, 4.679572141561601e-06, 4.663163586942325e-06, 4.6467550323230495e-06, 4.630346477703774e-06, 4.613937923084498e-06, 4.597529368465222e-06, 4.581120813845946e-06, 4.5647122592266705e-06, 4.548303704607395e-06, 4.531895149988119e-06, 4.515486595368843e-06, 4.499078040749567e-06, 4.482669486130291e-06, 4.4662609315110156e-06, 4.44985237689174e-06, 4.433443822272464e-06, 4.417035267653188e-06, 4.400626713033912e-06, 4.3842181584146365e-06, 4.367809603795361e-06, 4.351401049176085e-06, 4.334992494556809e-06, 4.318583939937533e-06, 4.3021753853182574e-06, 4.285766830698982e-06, 4.269358276079706e-06, 4.25294972146043e-06, 4.236541166841154e-06, 4.220132612221878e-06, 4.2037240576026025e-06, 4.187315502983327e-06, 4.170906948364051e-06, 4.154498393744775e-06, 4.138089839125499e-06, 4.1216812845062235e-06, 4.105272729886948e-06, 4.088864175267672e-06, 4.072455620648396e-06, 4.05604706602912e-06, 4.039638511409844e-06, 4.0232299567905686e-06, 4.006821402171293e-06, 3.990412847552017e-06, 3.974004292932741e-06, 3.957595738313465e-06, 3.9411871836941895e-06, 3.924778629074914e-06, 3.908370074455638e-06, 3.891961519836362e-06, 3.875552965217086e-06, 3.8591444105978104e-06, 3.842735855978535e-06, 3.826327301359259e-06, 3.809918746739983e-06, 3.793510192120707e-06, 3.7771016375014314e-06, 3.7606930828821555e-06, 3.7442845282628797e-06, 3.727875973643604e-06, 3.711467419024328e-06, 3.6950588644050523e-06, 3.6786503097857765e-06, 3.6622417551665006e-06, 3.645833200547225e-06, 3.629424645927949e-06, 3.613016091308673e-06, 3.5966075366893974e-06, 3.5801989820701216e-06, 3.5637904274508458e-06, 3.54738187283157e-06, 3.530973318212294e-06, 3.5145647635930183e-06, 3.4981562089737425e-06, 3.4817476543544667e-06, 3.465339099735191e-06, 3.448930545115915e-06, 3.4325219904966392e-06, 3.4161134358773634e-06, 3.3997048812580876e-06, 3.383296326638812e-06, 3.366887772019536e-06, 3.35047921740026e-06, 3.3340706627809844e-06, 3.3176621081617085e-06, 3.3012535535424327e-06, 3.284844998923157e-06, 3.268436444303881e-06, 3.2520278896846053e-06, 3.2356193350653295e-06, 3.2192107804460536e-06, 3.202802225826778e-06, 3.186393671207502e-06, 3.169985116588226e-06, 3.1535765619689504e-06, 3.1371680073496746e-06, 3.1207594527303988e-06, 3.104350898111123e-06, 3.087942343491847e-06, 3.0715337888725713e-06, 3.0551252342532955e-06, 3.0387166796340197e-06, 3.022308125014744e-06, 3.005899570395468e-06, 2.9894910157761922e-06, 2.9730824611569164e-06, 2.9566739065376406e-06, 2.940265351918365e-06, 2.923856797299089e-06, 2.907448242679813e-06, 2.8910396880605374e-06, 2.8746311334412615e-06, 2.8582225788219857e-06, 2.84181402420271e-06, 2.825405469583434e-06, 2.8089969149641583e-06, 2.7925883603448825e-06, 2.7761798057256066e-06, 2.759771251106331e-06, 2.743362696487055e-06, 2.726954141867779e-06, 2.7105455872485034e-06, 2.6941370326292276e-06, 2.6777284780099518e-06, 2.661319923390676e-06, 2.6449113687714e-06, 2.6285028141521243e-06, 2.6120942595328485e-06, 2.5956857049135727e-06, 2.579277150294297e-06, 2.562868595675021e-06, 2.5464600410557452e-06, 2.5300514864364694e-06, 2.5136429318171936e-06, 2.497234377197918e-06, 2.480825822578642e-06, 2.464417267959366e-06, 2.4480087133400904e-06, 2.4316001587208145e-06, 2.4151916041015387e-06, 2.398783049482263e-06, 2.382374494862987e-06, 2.3659659402437113e-06, 2.3495573856244355e-06, 2.3331488310051596e-06, 2.316740276385884e-06, 2.300331721766608e-06, 2.283923167147332e-06, 2.2675146125280564e-06, 2.2511060579087806e-06, 2.2346975032895048e-06, 2.218288948670229e-06, 2.201880394050953e-06, 2.1854718394316773e-06, 2.1690632848124015e-06, 2.1526547301931257e-06, 2.13624617557385e-06, 2.119837620954574e-06, 2.1034290663352982e-06, 2.0870205117160224e-06, 2.0706119570967466e-06, 2.054203402477471e-06, 2.037794847858195e-06, 2.021386293238919e-06, 2.0049777386196434e-06, 1.9885691840003675e-06, 1.9721606293810917e-06, 1.955752074761816e-06, 1.93934352014254e-06, 1.9229349655232643e-06, 1.9065264109039883e-06, 1.8901178562847122e-06, 1.8737093016654362e-06, 1.8573007470461602e-06, 1.8408921924268841e-06, 1.8244836378076081e-06, 1.808075083188332e-06, 1.791666528569056e-06, 1.77525797394978e-06, 1.758849419330504e-06, 1.742440864711228e-06, 1.726032310091952e-06, 1.709623755472676e-06, 1.6932152008534e-06, 1.6768066462341239e-06, 1.6603980916148479e-06, 1.6439895369955718e-06, 1.6275809823762958e-06, 1.6111724277570198e-06, 1.5947638731377437e-06, 1.5783553185184677e-06, 1.5619467638991917e-06, 1.5455382092799157e-06, 1.5291296546606396e-06, 1.5127211000413636e-06, 1.4963125454220876e-06, 1.4799039908028116e-06, 1.4634954361835355e-06, 1.4470868815642595e-06, 1.4306783269449835e-06, 1.4142697723257075e-06, 1.3978612177064314e-06, 1.3814526630871554e-06, 1.3650441084678794e-06, 1.3486355538486033e-06, 1.3322269992293273e-06, 1.3158184446100513e-06, 1.2994098899907753e-06, 1.2830013353714992e-06, 1.2665927807522232e-06, 1.2501842261329472e-06, 1.2337756715136712e-06, 1.2173671168943951e-06, 1.2009585622751191e-06, 1.184550007655843e-06, 1.168141453036567e-06, 1.151732898417291e-06, 1.135324343798015e-06, 1.118915789178739e-06, 1.102507234559463e-06, 1.086098679940187e-06, 1.069690125320911e-06, 1.0532815707016349e-06, 1.0368730160823588e-06, 1.0204644614630828e-06, 1.0040559068438068e-06, 9.876473522245308e-07, 9.712387976052547e-07, 9.548302429859787e-07, 9.384216883667028e-07, 9.220131337474269e-07, 9.056045791281509e-07, 8.89196024508875e-07, 8.727874698895991e-07, 8.563789152703232e-07, 8.399703606510473e-07, 8.235618060317713e-07, 8.071532514124954e-07, 7.907446967932195e-07, 7.743361421739436e-07, 7.579275875546677e-07, 7.415190329353917e-07, 7.251104783161158e-07, 7.087019236968399e-07, 6.92293369077564e-07, 6.758848144582881e-07, 6.594762598390121e-07, 6.430677052197362e-07, 6.266591506004603e-07, 6.102505959811844e-07, 5.938420413619085e-07, 5.774334867426325e-07, 5.610249321233566e-07, 5.446163775040807e-07, 5.282078228848048e-07, 5.117992682655288e-07, 4.953907136462529e-07] 
======================
counter_t= [0.0000e+00 5.0000e-01 1.0000e+00 ... 3.0155e+03 3.0160e+03 3.0165e+03] 
======================
