2.75308690e-05 7.82270481e-05 1.51006140e-04 2.43456836e-04
 3.54151771e-04 4.82713003e-04 6.28021591e-04 7.89308104e-04
 9.65919305e-04 1.15727897e-03 1.36286953e-03 1.58222020e-03
 1.81489849e-03 2.06050394e-03 2.31866325e-03 2.58902654e-03
 2.87126425e-03 3.16506472e-03 3.47013217e-03 3.78618497e-03
 4.11295425e-03 4.45018269e-03 4.79762344e-03 5.15503931e-03
 5.52220190e-03 5.89889099e-03 6.28489388e-03 6.68000492e-03
 7.08402496e-03 7.49676101e-03 7.91802578e-03 8.34763740e-03
 8.78541908e-03 9.23119880e-03 9.68480912e-03 1.01460869e-02
 1.06148730e-02 1.10910123e-02 1.15743533e-02 1.20647481e-02
 1.25620520e-02 1.30661238e-02 1.35768252e-02 1.40940208e-02
 1.46175784e-02 1.51473680e-02 1.56832627e-02 1.62251378e-02
 1.67728713e-02 1.73263433e-02 1.78854364e-02 1.84500352e-02
 1.90200264e-02 1.95952991e-02 2.01757438e-02 2.07612534e-02
 2.13517224e-02 2.19470472e-02 2.25471259e-02 2.31518583e-02
 2.37611458e-02 2.43748916e-02 2.49930001e-02 2.56153774e-02
 2.62419312e-02 2.68725704e-02 2.75072054e-02 2.81457479e-02
 2.87881110e-02 2.94342089e-02 3.00839573e-02 3.07372729e-02
 3.13940738e-02 3.20542791e-02 3.27178090e-02 3.33845849e-02
 3.40545294e-02 3.47275659e-02 3.54036190e-02 3.60826143e-02
 3.67644784e-02 3.74491387e-02 3.81365238e-02 3.88265630e-02
 3.95191866e-02 4.02143259e-02 4.09119129e-02 4.16118804e-02
 4.23141623e-02 4.30186932e-02 4.37254083e-02 4.44342438e-02
 4.51451368e-02 4.58580247e-02 4.65728461e-02 4.72895401e-02
 4.80080466e-02 4.87283061e-02 4.94502599e-02 5.01738499e-02
 5.08990187e-02 5.16257096e-02 5.23538665e-02 5.30834338e-02
 5.38143568e-02 5.45465811e-02 5.52800531e-02 5.60147197e-02
 5.67505285e-02 5.74874276e-02 5.82253655e-02 5.89642915e-02
 5.97041553e-02 6.04449073e-02 6.11864981e-02 6.19288791e-02
 6.26720021e-02 6.34158194e-02 6.41602840e-02 6.49053489e-02
 6.56509682e-02 6.63970959e-02 6.71436869e-02 6.78906962e-02
 6.86380796e-02 6.93857931e-02 7.01337932e-02 7.08820368e-02
 7.16304814e-02 7.23790847e-02 7.31278049e-02 7.38766007e-02
 7.46254310e-02 7.53742553e-02 7.61230334e-02 7.68717254e-02
 7.76202920e-02 7.83686941e-02 7.91168930e-02 7.98648504e-02
 8.06125284e-02 8.13598894e-02 8.21068961e-02 8.28535117e-02
 8.35996996e-02 8.43454237e-02 8.50906479e-02 8.58353369e-02
 8.65794554e-02 8.73229685e-02 8.80658416e-02 8.88080406e-02
 8.95495314e-02 9.02902805e-02 9.10302545e-02 9.17694204e-02
 9.25077454e-02 9.32451972e-02 9.39817436e-02 9.47173527e-02
 9.54519930e-02 9.61856331e-02 9.69182422e-02 9.76497894e-02
 9.83802443e-02 9.91095766e-02 9.98377565e-02 1.00564754e-01
 1.01290541e-01 1.02015086e-01 1.02738362e-01 1.03460340e-01
 1.04180991e-01 1.04900288e-01 1.05618202e-01 1.06334706e-01
 1.07049771e-01 1.07763373e-01 1.08475482e-01 1.09186072e-01
 1.09895118e-01 1.10602592e-01 1.11308469e-01 1.12012723e-01
 1.12715328e-01 1.13416259e-01 1.14115490e-01 1.14812998e-01
 1.15508756e-01 1.16202741e-01 1.16894928e-01 1.17585294e-01
 1.18273813e-01 1.18960463e-01 1.19645220e-01 1.20328061e-01
 1.21008963e-01 1.21687902e-01 1.22364856e-01 1.23039803e-01
 1.23712720e-01 1.24383585e-01 1.25052376e-01 1.25719072e-01
 1.26383650e-01 1.27046090e-01 1.27706370e-01 1.28364468e-01
 1.29020366e-01 1.29674040e-01 1.30325472e-01 1.30974640e-01
 1.31621525e-01 1.32266107e-01 1.32908365e-01 1.33548280e-01
 1.34185833e-01 1.34821005e-01 1.35453775e-01 1.36084125e-01
 1.36712037e-01 1.37337491e-01 1.37960469e-01 1.38580953e-01
 1.39198924e-01 1.39814365e-01 1.40427258e-01 1.41037584e-01
 1.41645326e-01 1.42250467e-01 1.42852990e-01 1.43452877e-01
 1.44050111e-01 1.44644676e-01 1.45236555e-01 1.45825731e-01
 1.46412187e-01 1.46995909e-01 1.47576878e-01 1.48155080e-01
 1.48730499e-01 1.49303118e-01 1.49872923e-01 1.50439898e-01
 1.51004027e-01 1.51565295e-01 1.52123688e-01 1.52679190e-01
 1.53231787e-01 1.53781464e-01 1.54328206e-01 1.54872000e-01
 1.55412830e-01 1.55950684e-01 1.56485546e-01 1.57017402e-01
 1.57546240e-01 1.58072046e-01 1.58594805e-01 1.59114506e-01
 1.59631133e-01 1.60144675e-01 1.60655118e-01 1.61162450e-01
 1.61666657e-01 1.62167727e-01 1.62665648e-01 1.63160406e-01
 1.63651991e-01 1.64140388e-01 1.64625588e-01 1.65107577e-01
 1.65586344e-01 1.66061876e-01 1.66534163e-01 1.67003193e-01
 1.67468955e-01 1.67931436e-01 1.68390627e-01 1.68846516e-01
 1.69299091e-01 1.69748343e-01 1.70194261e-01 1.70636833e-01
 1.71076050e-01 1.71511901e-01 1.71944375e-01 1.72373463e-01
 1.72799155e-01 1.73221439e-01 1.73640308e-01 1.74055750e-01
 1.74467756e-01 1.74876316e-01 1.75281422e-01 1.75683063e-01
 1.76081230e-01 1.76475915e-01 1.76867108e-01 1.77254800e-01
 1.77638982e-01 1.78019646e-01 1.78396783e-01 1.78770384e-01
 1.79140440e-01 1.79506945e-01 1.79869888e-01 1.80229262e-01
 1.80585058e-01 1.80937270e-01 1.81285888e-01 1.81630906e-01
 1.81972314e-01 1.82310107e-01 1.82644275e-01 1.82974813e-01
 1.83301711e-01 1.83624963e-01 1.83944563e-01 1.84260502e-01
 1.84572774e-01 1.84881371e-01 1.85186288e-01 1.85487517e-01
 1.85785051e-01 1.86078885e-01 1.86369011e-01 1.86655423e-01
 1.86938115e-01 1.87217080e-01 1.87492313e-01 1.87763808e-01
 1.88031557e-01 1.88295557e-01 1.88555799e-01 1.88812280e-01
 1.89064993e-01 1.89313933e-01 1.89559094e-01 1.89800470e-01
 1.90038057e-01 1.90271848e-01 1.90501840e-01 1.90728026e-01
 1.90950402e-01 1.91168962e-01 1.91383701e-01 1.91594616e-01
 1.91801700e-01 1.92004949e-01 1.92204359e-01 1.92399924e-01
 1.92591640e-01 1.92779502e-01 1.92963507e-01 1.93143648e-01
 1.93319923e-01 1.93492326e-01 1.93660852e-01 1.93825498e-01
 1.93986259e-01 1.94143131e-01 1.94296108e-01 1.94445187e-01
 1.94590363e-01 1.94731630e-01 1.94868985e-01 1.95002423e-01
 1.95131938e-01 1.95257525e-01 1.95379178e-01 1.95496893e-01
 1.95610663e-01 1.95720482e-01 1.95826342e-01 1.95928238e-01
 1.96026161e-01 1.96120102e-01 1.96210053e-01 1.96296003e-01
 1.96377942e-01 1.96455858e-01 1.96529736e-01 1.96599562e-01
 1.96665319e-01 1.96726987e-01 1.96784546e-01 1.96837970e-01
 1.96887232e-01 1.96932301e-01 1.96973141e-01 1.97009711e-01
 1.97041963e-01 1.97069845e-01 1.97093295e-01 1.97112242e-01
 1.97126606e-01 1.97136293e-01 1.97141198e-01 1.97141198e-01