0
2.3578E+06
3.3508E+06
4.3527E+06
5.4247E+06
6.8736E+06
7.7148E+06
9.0674E+06
1.023E+07
1.1084E+07
1.244E+07
1.3562E+07
1.4726E+07
1.5818E+07
1.6649E+07
1.7669E+07
1.9008E+07
2.0072E+07
2.1476E+07
2.2424E+07
2.3386E+07
2.4576E+07
2.5773E+07
2.6791E+07
2.7823E+07
2.8935E+07
3.0278E+07
3.1307E+07
3.2341E+07
3.3483E+07
3.4781E+07
3.5845E+07
3.7407E+07
3.8353E+07
3.9318E+07
4.0264E+07
4.1367E+07
4.2613E+07
4.3715E+07
4.4985E+07
4.5662E+07
4.7172E+07
4.7867E+07
4.9191E+07
5.0323E+07
5.1415E+07
5.258E+07
5.3558E+07
5.4791E+07
5.593E+07
5.7105E+07
5.8108E+07
5.9452E+07
6.0616E+07
6.1476E+07
6.2539E+07
6.3831E+07
6.4847E+07
6.5874E+07
6.6942E+07
6.8115E+07
6.9206E+07
7.0403E+07
7.1329E+07
7.2416E+07
7.3502E+07
7.4885E+07
7.6056E+07
7.7187E+07
7.8247E+07
7.9209E+07
8.0418E+07
8.1444E+07
8.2497E+07
8.3819E+07
8.4825E+07
8.5956E+07
8.7061E+07
8.8193E+07
8.9415E+07
9.0122E+07
9.1354E+07
9.2387E+07
9.3489E+07
9.4299E+07
9.5563E+07
9.6753E+07
9.7883E+07
9.9101E+07
1.0007E+08
1.0114E+08
1.022E+08
1.0335E+08
1.0419E+08
1.0544E+08
1.0654E+08
1.0751E+08
1.0882E+08
1.1018E+08
1.1112E+08
1.1225E+08
1.1323E+08
1.142E+08
1.1542E+08
1.1656E+08
1.1731E+08
1.183E+08
1.1946E+08
1.2052E+08
1.2186E+08
1.229E+08
1.2384E+08
1.2493E+08
1.2596E+08
1.2704E+08
1.2816E+08
1.2947E+08
1.3026E+08
1.3143E+08
1.3248E+08
1.3362E+08
1.3463E+08
1.3554E+08
1.3673E+08
1.3771E+08
1.3899E+08
1.4012E+08
1.4106E+08
1.4197E+08
1.4313E+08
1.4412E+08
1.4517E+08
1.4626E+08
1.4707E+08
1.481E+08
1.4935E+08
1.5038E+08
1.5125E+08
1.5262E+08
1.5363E+08
1.5466E+08
1.5548E+08
1.5683E+08
1.5778E+08
1.5864E+08
1.5964E+08
1.6065E+08
1.6171E+08
1.6284E+08
1.636E+08
1.6466E+08
1.6588E+08
1.669E+08
1.6782E+08
1.6906E+08
1.6989E+08
1.71E+08
1.72E+08
1.7317E+08
1.7403E+08
1.7527E+08
1.7617E+08
1.7688E+08
1.7693E+08
1.7897E+08
1.7997E+08
1.8085E+08
1.8214E+08
1.8289E+08
1.8409E+08
1.852E+08
1.8608E+08
1.8693E+08
1.8795E+08
1.8881E+08
1.899E+08
1.9097E+08
1.9194E+08
1.9289E+08
1.9395E+08
1.9494E+08
1.9583E+08
1.9679E+08
1.9805E+08
1.9892E+08
1.9976E+08
2.009E+08
2.0161E+08
2.0283E+08
2.0379E+08
2.0465E+08
2.0573E+08
2.0684E+08
2.0762E+08
2.0851E+08
2.0974E+08
2.1065E+08
2.1183E+08
2.1285E+08
2.1324E+08
2.1425E+08
2.1532E+08
2.1609E+08
2.1716E+08
2.18E+08
2.1913E+08
2.202E+08
2.2112E+08
2.2199E+08
2.2291E+08
2.2371E+08
2.2475E+08
2.2561E+08
2.2663E+08
2.2739E+08
2.2845E+08
2.2927E+08
2.3007E+08
2.3123E+08
2.3215E+08
2.3299E+08
2.3388E+08
2.3496E+08
2.3575E+08
2.3675E+08
2.3753E+08
2.3867E+08
2.3935E+08
2.4028E+08
2.4146E+08
2.4206E+08
2.4299E+08
2.4394E+08
2.4483E+08
2.4565E+08
2.4667E+08
2.4734E+08
2.4851E+08
2.4936E+08
2.5003E+08
2.5071E+08
2.5188E+08
2.5285E+08
2.5361E+08
2.5429E+08
2.5542E+08
2.5618E+08
2.57E+08
2.5801E+08
2.586E+08
2.5945E+08
2.6046E+08
2.6124E+08
2.6227E+08
2.6278E+08
2.639E+08
2.6497E+08
2.6521E+08
2.6621E+08
2.6707E+08
2.6816E+08
2.6897E+08
2.6965E+08
2.7062E+08
2.7008E+08
2.7094E+08
2.7177E+08
2.7259E+08
2.7341E+08
2.7422E+08
2.7503E+08
2.7583E+08
2.7665E+08
2.7743E+08
2.7823E+08
2.7903E+08
2.7982E+08
2.8062E+08
2.814E+08
2.8219E+08
2.8297E+08
2.8376E+08
2.8454E+08
2.8532E+08
2.8609E+08
2.8686E+08
2.8764E+08
2.884E+08
2.8916E+08
2.8992E+08
2.9068E+08
2.9144E+08
2.9219E+08
2.9294E+08
2.9369E+08
2.9443E+08
2.9518E+08
2.9593E+08
2.9666E+08
2.974E+08
2.9813E+08
2.9886E+08
2.9959E+08
3.0032E+08
3.0104E+08
3.0176E+08
3.0248E+08
3.0319E+08
3.039E+08
3.0462E+08
3.0533E+08
3.0602E+08
3.0672E+08
3.0743E+08
3.0812E+08
3.0882E+08
3.0951E+08
3.1019E+08
3.1087E+08
3.1157E+08
3.1224E+08
3.1292E+08
3.1359E+08
3.1426E+08
3.1492E+08
3.1559E+08
3.1624E+08
3.169E+08
3.1757E+08
3.1821E+08
3.1887E+08
3.1951E+08
3.2017E+08
3.208E+08
3.2144E+08
3.2208E+08
3.2271E+08
3.2335E+08
3.2396E+08
3.2459E+08
3.2521E+08
3.2583E+08
3.2644E+08
3.2706E+08
3.2766E+08
3.2827E+08
3.2887E+08
3.2948E+08
3.3007E+08
3.3067E+08
3.3126E+08
3.3185E+08
3.3243E+08
3.3301E+08
3.3359E+08
3.3416E+08
3.3474E+08
3.3531E+08
3.3588E+08
3.3644E+08
3.37E+08
3.3757E+08
3.3812E+08
3.3867E+08
3.3921E+08
3.3975E+08
3.4031E+08
3.4083E+08
3.4137E+08
3.419E+08
3.4242E+08
3.4295E+08
3.4347E+08
3.4399E+08
3.445E+08
3.4501E+08
3.4553E+08
3.4603E+08
3.4654E+08
3.4703E+08
3.4753E+08
3.4803E+08
3.4851E+08
3.4899E+08
3.4947E+08
3.4996E+08
3.5044E+08
3.509E+08
3.5137E+08
3.5184E+08
3.523E+08
3.5275E+08
3.5322E+08
3.5368E+08
3.5411E+08
3.5457E+08
3.55E+08
3.5545E+08
3.5588E+08
3.563E+08
3.5673E+08
3.5716E+08
3.5758E+08
3.58E+08
3.5841E+08
3.5882E+08
3.5923E+08
3.5965E+08
3.6004E+08
3.6044E+08
3.6083E+08
3.6122E+08
3.6162E+08
3.62E+08
3.6237E+08
3.6274E+08
3.6312E+08
3.635E+08
3.6385E+08
3.6422E+08
3.6457E+08
3.6493E+08
3.6527E+08
3.6563E+08
3.6597E+08
3.6631E+08
3.6664E+08
3.6698E+08
3.6731E+08
3.6763E+08
3.6795E+08
3.6829E+08
3.6859E+08
3.689E+08
3.6921E+08
3.6951E+08
3.6982E+08
3.7011E+08
3.7041E+08
3.7071E+08
3.7098E+08
3.7127E+08
3.7155E+08
3.7183E+08
3.721E+08
3.7237E+08
3.7263E+08
3.7289E+08
3.7315E+08
3.734E+08
3.7365E+08
3.7389E+08
3.7413E+08
3.7438E+08
3.7461E+08
3.7484E+08
3.7507E+08
3.7529E+08
3.7552E+08
3.7574E+08
3.7594E+08
3.7616E+08
3.7637E+08
3.7657E+08
3.7677E+08
3.7697E+08
3.7717E+08
3.7735E+08
3.7753E+08
3.7772E+08
3.7789E+08
3.7807E+08
3.7823E+08
3.784E+08
3.7856E+08
3.7872E+08
3.7889E+08
3.7902E+08
3.7918E+08
3.7931E+08
3.7946E+08
3.796E+08
3.7973E+08
3.7986E+08
3.8E+08
3.8013E+08
3.8024E+08
3.8036E+08
3.8047E+08
3.8058E+08
3.8069E+08
3.8079E+08
3.809E+08
3.8099E+08
3.8107E+08
3.8116E+08
3.8124E+08
3.8132E+08
3.814E+08
3.8148E+08
3.8156E+08
3.8162E+08
3.8169E+08
3.8176E+08
3.8182E+08
3.8187E+08
3.8192E+08
3.8197E+08
3.8202E+08
3.8205E+08
3.821E+08
3.8213E+08
3.8217E+08
3.8218E+08
3.8221E+08
3.8223E+08
3.8226E+08
3.8227E+08
3.823E+08
3.823E+08
3.8232E+08
3.8232E+08
3.8233E+08
3.8233E+08
3.8232E+08
3.8231E+08
3.823E+08
3.8229E+08
3.8227E+08
3.8225E+08
3.8223E+08
3.822E+08
3.8219E+08
3.8216E+08
3.8213E+08
3.821E+08
3.8207E+08
3.8203E+08
3.8199E+08
3.8195E+08
3.819E+08
3.8184E+08
3.8179E+08
3.8174E+08
3.8168E+08
3.8163E+08
3.8157E+08
3.8152E+08
3.8146E+08
3.8139E+08
3.8132E+08
3.8126E+08
3.8119E+08
3.8111E+08
3.8104E+08
3.8097E+08
3.8088E+08
3.808E+08
3.8073E+08
3.8065E+08
3.8055E+08
3.8047E+08
3.804E+08
3.8031E+08
3.8022E+08
3.8013E+08
3.8005E+08
3.7994E+08
3.7985E+08
3.7975E+08
3.7966E+08
3.7956E+08
3.7946E+08
3.7937E+08
3.7927E+08
3.7919E+08
3.7908E+08
3.7898E+08
3.7889E+08
3.788E+08
3.7869E+08
3.7858E+08
3.7848E+08
3.7838E+08
3.7828E+08
3.7818E+08
3.7808E+08
3.7797E+08
3.7788E+08
3.7778E+08
3.7771E+08
3.776E+08
3.775E+08
3.774E+08
3.773E+08
3.7722E+08
3.7713E+08
3.7703E+08
3.7693E+08
3.7688E+08
3.7677E+08
3.7668E+08
3.7659E+08
3.765E+08
3.7642E+08
3.7635E+08
3.7627E+08
3.762E+08
3.7613E+08
3.7606E+08
3.76E+08
3.7594E+08
3.7588E+08
3.7582E+08
3.7575E+08
3.7569E+08
3.7562E+08
3.7554E+08
3.7544E+08
3.7534E+08
3.7523E+08
3.7507E+08
3.7491E+08
3.7476E+08
3.7455E+08
3.7433E+08
3.7408E+08
3.7379E+08
3.7345E+08
3.7308E+08
3.7264E+08
3.7213E+08
3.7153E+08
3.7083E+08
3.7001E+08
3.69E+08
3.6779E+08
3.6624E+08
3.6431E+08
3.6182E+08
3.584E+08
3.5358E+08
3.4644E+08
3.3471E+08
3.1843E+08