0
7.8306E+05
1.4659E+06
2.1648E+06
2.8863E+06
3.6057E+06
4.3277E+06
5.0417E+06
5.7508E+06
6.4643E+06
7.1829E+06
7.9009E+06
8.6237E+06
9.3367E+06
1.0058E+07
1.0776E+07
1.1496E+07
1.2223E+07
1.2938E+07
1.365E+07
1.4374E+07
1.509E+07
1.581E+07
1.6524E+07
1.7248E+07
1.7965E+07
1.8681E+07
1.9399E+07
2.0115E+07
2.084E+07
2.1553E+07
2.2276E+07
2.2992E+07
2.3706E+07
2.4429E+07
2.5146E+07
2.5868E+07
2.6584E+07
2.7302E+07
2.8019E+07
2.8738E+07
2.9456E+07
3.0175E+07
3.0894E+07
3.1615E+07
3.233E+07
3.3048E+07
3.3767E+07
3.4485E+07
3.5204E+07
3.5922E+07
3.6641E+07
3.7359E+07
3.8078E+07
3.8797E+07
3.9515E+07
4.0233E+07
4.0952E+07
4.167E+07
4.239E+07
4.311E+07
4.3826E+07
4.4545E+07
4.5264E+07
4.5985E+07
4.67E+07
4.7418E+07
4.8139E+07
4.8857E+07
4.9573E+07
5.0292E+07
5.1013E+07
5.173E+07
5.2449E+07
5.3167E+07
5.3888E+07
5.4604E+07
5.5322E+07
5.6041E+07
5.6759E+07
5.7478E+07
5.8197E+07
5.8915E+07
5.9633E+07
6.0352E+07
6.1071E+07
6.1789E+07
6.2507E+07
6.3226E+07
6.3944E+07
6.4663E+07
6.5383E+07
6.61E+07
6.6819E+07
6.7536E+07
6.8255E+07
6.8974E+07
6.9692E+07
7.0411E+07
7.113E+07
7.1847E+07
7.2566E+07
7.3284E+07
7.4003E+07
7.4722E+07
7.544E+07
7.6158E+07
7.6877E+07
7.7596E+07
7.8314E+07
7.9032E+07
7.9751E+07
8.0469E+07
8.1189E+07
8.1907E+07
8.2626E+07
8.3343E+07
8.4063E+07
8.4781E+07
8.5499E+07
8.6217E+07
8.6935E+07
8.7655E+07
8.8373E+07
8.9091E+07
8.981E+07
9.0528E+07
9.1248E+07
9.1966E+07
9.2685E+07
9.3404E+07
9.4121E+07
9.4839E+07
9.5558E+07
9.6278E+07
9.6996E+07
9.7714E+07
9.8432E+07
9.9151E+07
9.987E+07
1.0059E+08
1.0131E+08
1.0203E+08
1.0274E+08
1.0346E+08
1.0418E+08
1.049E+08
1.0562E+08
1.0633E+08
1.0705E+08
1.0777E+08
1.0849E+08
1.0921E+08
1.0993E+08
1.1065E+08
1.1136E+08
1.1208E+08
1.128E+08
1.1352E+08
1.1424E+08
1.1496E+08
1.1568E+08
1.1639E+08
1.1711E+08
1.1783E+08
1.1855E+08
1.1927E+08
1.1999E+08
1.207E+08
1.2142E+08
1.2214E+08
1.2286E+08
1.2358E+08
1.243E+08
1.2502E+08
1.2573E+08
1.2645E+08
1.2717E+08
1.2789E+08
1.2861E+08
1.2933E+08
1.3004E+08
1.3076E+08
1.3148E+08
1.322E+08
1.3292E+08
1.3364E+08
1.3436E+08
1.3507E+08
1.3579E+08
1.3651E+08
1.3723E+08
1.3795E+08
1.3867E+08
1.3939E+08
1.401E+08
1.4082E+08
1.4154E+08
1.4226E+08
1.4298E+08
1.437E+08
1.4441E+08
1.4513E+08
1.4585E+08
1.4657E+08
1.4729E+08
1.4801E+08
1.4873E+08
1.4945E+08
1.5016E+08
1.5088E+08
1.516E+08
1.5232E+08
1.5304E+08
1.5375E+08
1.5447E+08
1.5519E+08
1.5591E+08
1.5663E+08
1.5735E+08
1.5807E+08
1.5878E+08
1.595E+08
1.6022E+08
1.6094E+08
1.6166E+08
1.6238E+08
1.631E+08
1.6381E+08
1.6453E+08
1.6525E+08
1.6597E+08
1.6669E+08
1.6741E+08
1.6813E+08
1.6885E+08
1.6956E+08
1.7028E+08
1.71E+08
1.7172E+08
1.7244E+08
1.7315E+08
1.7387E+08
1.7459E+08
1.7531E+08
1.7604E+08
1.7675E+08
1.7747E+08
1.7818E+08
1.789E+08
1.7962E+08
1.8034E+08
1.8106E+08
1.8178E+08
1.8249E+08
1.8321E+08
1.8393E+08
1.8465E+08
1.8537E+08
1.8609E+08
1.8681E+08
1.8752E+08
1.8824E+08
1.8896E+08
1.8968E+08
1.904E+08
1.9112E+08
1.9184E+08
1.9255E+08
1.9327E+08
1.9399E+08
1.9471E+08
1.9543E+08
1.9615E+08
1.9687E+08
1.9758E+08
1.983E+08
1.9902E+08
1.9974E+08
2.0046E+08
2.0118E+08
2.0189E+08
2.0262E+08
2.0333E+08
2.0405E+08
2.0477E+08
2.0549E+08
2.062E+08
2.0692E+08
2.0764E+08
2.0836E+08
2.0908E+08
2.098E+08
2.1052E+08
2.1124E+08
2.1196E+08
2.1267E+08
2.1339E+08
2.1411E+08
2.1483E+08
2.1555E+08
2.1627E+08
2.1698E+08
2.177E+08
2.1842E+08
2.1914E+08
2.1986E+08
2.2058E+08
2.2129E+08
2.2201E+08
2.2273E+08
2.2345E+08
2.2417E+08
2.2488E+08
2.256E+08
2.2632E+08
2.2704E+08
2.2776E+08
2.2848E+08
2.2919E+08
2.2992E+08
2.3063E+08
2.3135E+08
2.3207E+08
2.3279E+08
2.3351E+08
2.3423E+08
2.3495E+08
2.3566E+08
2.3638E+08
2.371E+08
2.3782E+08
2.3854E+08
2.3926E+08
2.3998E+08
2.4069E+08
2.4141E+08
2.4213E+08
2.4285E+08
2.4357E+08
2.4429E+08
2.4501E+08
2.4573E+08
2.4644E+08
2.4716E+08
2.4788E+08
2.486E+08
2.4932E+08
2.5004E+08
2.5075E+08
2.5147E+08
2.5219E+08
2.529E+08
2.5361E+08
2.5433E+08
2.5504E+08
2.5576E+08
2.5647E+08
2.5719E+08
2.579E+08
2.5862E+08
2.5933E+08
2.6005E+08
2.6076E+08
2.6148E+08
2.6219E+08
2.6291E+08
2.6362E+08
2.6434E+08
2.6505E+08
2.6576E+08
2.6648E+08
2.6719E+08
2.6791E+08
2.6862E+08
2.6934E+08
2.7005E+08
2.7077E+08
2.7148E+08
2.7219E+08
2.7291E+08
2.7362E+08
2.7434E+08
2.7505E+08
2.7576E+08
2.7648E+08
2.7719E+08
2.7791E+08
2.7862E+08
2.7934E+08
2.8005E+08
2.8076E+08
2.8147E+08
2.8219E+08
2.8289E+08
2.8359E+08
2.8428E+08
2.8497E+08
2.8566E+08
2.8635E+08
2.8704E+08
2.8773E+08
2.8842E+08
2.8911E+08
2.898E+08
2.9049E+08
2.9118E+08
2.9186E+08
2.9255E+08
2.9324E+08
2.9393E+08
2.9461E+08
2.953E+08
2.9597E+08
2.9665E+08
2.973E+08
2.9795E+08
2.986E+08
2.9927E+08
2.9991E+08
3.0056E+08
3.0121E+08
3.0185E+08
3.025E+08
3.0316E+08
3.0379E+08
3.0444E+08
3.0508E+08
3.0573E+08
3.0637E+08
3.07E+08
3.0761E+08
3.0822E+08
3.0882E+08
3.0942E+08
3.1002E+08
3.1062E+08
3.1121E+08
3.1181E+08
3.124E+08
3.13E+08
3.1359E+08
3.1418E+08
3.1477E+08
3.1535E+08
3.1595E+08
3.1652E+08
3.1707E+08
3.1761E+08
3.1816E+08
3.187E+08
3.1924E+08
3.1978E+08
3.2031E+08
3.2084E+08
3.2139E+08
3.2191E+08
3.2244E+08
3.2296E+08
3.2349E+08
3.24E+08
3.2454E+08
3.2506E+08
3.2555E+08
3.2602E+08
3.2651E+08
3.2697E+08
3.2745E+08
3.2791E+08
3.2839E+08
3.2884E+08
3.2931E+08
3.2978E+08
3.3023E+08
3.3069E+08
3.3115E+08
3.316E+08
3.3203E+08
3.3248E+08
3.3293E+08
3.3335E+08
3.3376E+08
3.3416E+08
3.3456E+08
3.3495E+08
3.3535E+08
3.3574E+08
3.3613E+08
3.3651E+08
3.369E+08
3.3728E+08
3.3765E+08
3.3804E+08
3.3841E+08
3.3877E+08
3.3914E+08
3.3952E+08
3.3986E+08
3.4021E+08
3.4053E+08
3.4086E+08
3.4117E+08
3.4149E+08
3.418E+08
3.4211E+08
3.4242E+08
3.4272E+08
3.4302E+08
3.4331E+08
3.4361E+08
3.439E+08
3.4419E+08
3.4449E+08
3.4476E+08
3.4505E+08
3.4533E+08
3.4558E+08
3.4584E+08
3.4607E+08
3.4631E+08
3.4655E+08
3.4677E+08
3.47E+08
3.4722E+08
3.4744E+08
3.4766E+08
3.4787E+08
3.4809E+08
3.4829E+08
3.485E+08
3.4871E+08
3.489E+08
3.491E+08
3.4929E+08
3.4948E+08
3.4968E+08
3.4984E+08
3.4999E+08
3.5015E+08
3.503E+08
3.5043E+08
3.506E+08
3.5072E+08
3.5087E+08
3.51E+08
3.5114E+08
3.5127E+08
3.5138E+08
3.515E+08
3.5161E+08
3.5173E+08
3.5185E+08
3.5195E+08
3.5206E+08
3.5216E+08
3.5226E+08
3.5234E+08
3.5241E+08
3.5247E+08
3.5255E+08
3.5262E+08
3.5268E+08
3.5274E+08
3.5279E+08
3.5285E+08
3.5289E+08
3.5293E+08
3.5298E+08
3.5303E+08
3.5307E+08
3.5311E+08
3.5313E+08
3.5315E+08
3.5319E+08
3.5321E+08
3.5323E+08
3.5323E+08
3.5323E+08
3.5324E+08
3.5322E+08
3.5322E+08
3.5321E+08
3.532E+08
3.532E+08
3.5318E+08
3.5315E+08
3.5313E+08
3.5309E+08
3.5308E+08
3.5305E+08
3.5301E+08
3.5298E+08
3.5295E+08
3.5291E+08
3.5285E+08
3.5282E+08
3.5277E+08
3.5272E+08
3.5264E+08
3.5257E+08
3.5252E+08
3.5246E+08
3.5238E+08
3.5232E+08
3.5226E+08
3.5218E+08
3.5211E+08
3.5203E+08
3.5194E+08
3.5187E+08
3.5181E+08
3.5172E+08
3.5164E+08
3.5155E+08
3.5148E+08
3.5138E+08
3.513E+08
3.5122E+08
3.5111E+08
3.5101E+08
3.5093E+08
3.508E+08
3.5069E+08
3.506E+08
3.505E+08
3.504E+08
3.503E+08
3.502E+08
3.501E+08
3.5002E+08
3.4991E+08
3.498E+08
3.497E+08
3.496E+08
3.4953E+08
3.4942E+08
3.4931E+08
3.492E+08
3.491E+08
3.4897E+08
3.4885E+08
3.4875E+08
3.4868E+08
3.4854E+08
3.4844E+08
3.4835E+08
3.4824E+08
3.4815E+08
3.4808E+08
3.4796E+08
3.4787E+08
3.4777E+08
3.4769E+08
3.476E+08
3.475E+08
3.4742E+08
3.4734E+08
3.4724E+08
3.4715E+08
3.4706E+08
3.4697E+08
3.4691E+08
3.4681E+08
3.4675E+08
3.4666E+08
3.4659E+08
3.4652E+08
3.4647E+08
3.464E+08
3.4635E+08
3.4629E+08
3.462E+08
3.4609E+08
3.4594E+08
3.458E+08
3.4559E+08
3.454E+08
3.4514E+08
3.4486E+08
3.4457E+08
3.4422E+08
3.4386E+08
3.4345E+08
3.43E+08
3.425E+08
3.4194E+08
3.4128E+08
3.4053E+08
3.3968E+08
3.3868E+08
3.3749E+08
3.3605E+08
3.3426E+08
3.3199E+08
3.2903E+08
3.2503E+08
3.1932E+08
3.1054E+08
2.9622E+08
3.327E+08
3.4164E+08