0
7.0004E+05
1.284E+06
1.9243E+06
2.572E+06
3.1641E+06
3.7968E+06
4.4357E+06
5.0646E+06
5.6991E+06
6.3348E+06
6.9657E+06
7.6107E+06
8.2379E+06
8.8686E+06
9.5018E+06
1.0145E+07
1.077E+07
1.1408E+07
1.2034E+07
1.2673E+07
1.3305E+07
1.3938E+07
1.4571E+07
1.5206E+07
1.5838E+07
1.6471E+07
1.7102E+07
1.7735E+07
1.8369E+07
1.9002E+07
1.9636E+07
2.0273E+07
2.0903E+07
2.1537E+07
2.2171E+07
2.2802E+07
2.3437E+07
2.407E+07
2.4703E+07
2.5338E+07
2.597E+07
2.6608E+07
2.7237E+07
2.787E+07
2.8503E+07
2.9136E+07
2.9769E+07
3.0401E+07
3.1037E+07
3.167E+07
3.2304E+07
3.2936E+07
3.3571E+07
3.4204E+07
3.4839E+07
3.5469E+07
3.6104E+07
3.6736E+07
3.7371E+07
3.8004E+07
3.8638E+07
3.9269E+07
3.9903E+07
4.0535E+07
4.1169E+07
4.1803E+07
4.2437E+07
4.3069E+07
4.3704E+07
4.4336E+07
4.4969E+07
4.5604E+07
4.6236E+07
4.6872E+07
4.7503E+07
4.8138E+07
4.877E+07
4.9404E+07
5.0038E+07
5.0671E+07
5.1305E+07
5.1938E+07
5.2568E+07
5.3205E+07
5.3838E+07
5.4471E+07
5.5104E+07
5.5738E+07
5.6372E+07
5.7004E+07
5.7639E+07
5.827E+07
5.8904E+07
5.9539E+07
6.017E+07
6.0805E+07
6.1439E+07
6.2071E+07
6.2704E+07
6.3338E+07
6.3971E+07
6.4605E+07
6.524E+07
6.5872E+07
6.6505E+07
6.714E+07
6.7771E+07
6.8406E+07
6.9039E+07
6.9673E+07
7.0306E+07
7.094E+07
7.1572E+07
7.2205E+07
7.2838E+07
7.3472E+07
7.4106E+07
7.4739E+07
7.5372E+07
7.6007E+07
7.6641E+07
7.7272E+07
7.7906E+07
7.8541E+07
7.9173E+07
7.9808E+07
8.044E+07
8.1073E+07
8.1707E+07
8.2341E+07
8.2974E+07
8.3607E+07
8.4242E+07
8.4872E+07
8.5509E+07
8.6141E+07
8.6773E+07
8.7408E+07
8.8042E+07
8.8675E+07
8.9307E+07
8.9942E+07
9.0574E+07
9.1209E+07
9.1841E+07
9.2474E+07
9.3108E+07
9.3741E+07
9.4375E+07
9.5008E+07
9.564E+07
9.6274E+07
9.6907E+07
9.7542E+07
9.8176E+07
9.8807E+07
9.9443E+07
1.0008E+08
1.0071E+08
1.0134E+08
1.0198E+08
1.0261E+08
1.0324E+08
1.0387E+08
1.0451E+08
1.0514E+08
1.0577E+08
1.0641E+08
1.0704E+08
1.0768E+08
1.0831E+08
1.0894E+08
1.0958E+08
1.1021E+08
1.1084E+08
1.1148E+08
1.1211E+08
1.1274E+08
1.1338E+08
1.1401E+08
1.1464E+08
1.1528E+08
1.1591E+08
1.1654E+08
1.1718E+08
1.1781E+08
1.1844E+08
1.1908E+08
1.1971E+08
1.2035E+08
1.2098E+08
1.2161E+08
1.2224E+08
1.2288E+08
1.2351E+08
1.2414E+08
1.2478E+08
1.2541E+08
1.2605E+08
1.2668E+08
1.2731E+08
1.2795E+08
1.2858E+08
1.2921E+08
1.2984E+08
1.3048E+08
1.3111E+08
1.3174E+08
1.3238E+08
1.3301E+08
1.3365E+08
1.3428E+08
1.3491E+08
1.3554E+08
1.3618E+08
1.3681E+08
1.3744E+08
1.3808E+08
1.3871E+08
1.3935E+08
1.3998E+08
1.4061E+08
1.4125E+08
1.4188E+08
1.4251E+08
1.4315E+08
1.4378E+08
1.4441E+08
1.4505E+08
1.4568E+08
1.4631E+08
1.4695E+08
1.4758E+08
1.4821E+08
1.4885E+08
1.4948E+08
1.5011E+08
1.5075E+08
1.5138E+08
1.5202E+08
1.5265E+08
1.5328E+08
1.5391E+08
1.5455E+08
1.5518E+08
1.5581E+08
1.5645E+08
1.5708E+08
1.5771E+08
1.5835E+08
1.5898E+08
1.5961E+08
1.6025E+08
1.6088E+08
1.6151E+08
1.6215E+08
1.6278E+08
1.6341E+08
1.6405E+08
1.6468E+08
1.6531E+08
1.6595E+08
1.6658E+08
1.6721E+08
1.6785E+08
1.6848E+08
1.6911E+08
1.6975E+08
1.7038E+08
1.7101E+08
1.7165E+08
1.7228E+08
1.7291E+08
1.7355E+08
1.7418E+08
1.7482E+08
1.7545E+08
1.7608E+08
1.7671E+08
1.7735E+08
1.7798E+08
1.7862E+08
1.7925E+08
1.7988E+08
1.8052E+08
1.8115E+08
1.8178E+08
1.8242E+08
1.8305E+08
1.8368E+08
1.8432E+08
1.8495E+08
1.8558E+08
1.8622E+08
1.8685E+08
1.8748E+08
1.8812E+08
1.8875E+08
1.8938E+08
1.9002E+08
1.9065E+08
1.9128E+08
1.9192E+08
1.9255E+08
1.9318E+08
1.9382E+08
1.9445E+08
1.9508E+08
1.9572E+08
1.9635E+08
1.9698E+08
1.9762E+08
1.9825E+08
1.9888E+08
1.9952E+08
2.0015E+08
2.0079E+08
2.0142E+08
2.0205E+08
2.0268E+08
2.0332E+08
2.0395E+08
2.0458E+08
2.0522E+08
2.0585E+08
2.0648E+08
2.0712E+08
2.0775E+08
2.0838E+08
2.0902E+08
2.0965E+08
2.1028E+08
2.1092E+08
2.1155E+08
2.1219E+08
2.1282E+08
2.1345E+08
2.1409E+08
2.1472E+08
2.1535E+08
2.1598E+08
2.1662E+08
2.1725E+08
2.1789E+08
2.1852E+08
2.1915E+08
2.1979E+08
2.2042E+08
2.2105E+08
2.2169E+08
2.2232E+08
2.2295E+08
2.2359E+08
2.2422E+08
2.2485E+08
2.2549E+08
2.2612E+08
2.2675E+08
2.2739E+08
2.2802E+08
2.2865E+08
2.2929E+08
2.2992E+08
2.3055E+08
2.3119E+08
2.3182E+08
2.3245E+08
2.3309E+08
2.3372E+08
2.3435E+08
2.3499E+08
2.3562E+08
2.3625E+08
2.3689E+08
2.3752E+08
2.3815E+08
2.3879E+08
2.3942E+08
2.4006E+08
2.4069E+08
2.4132E+08
2.4195E+08
2.4259E+08
2.4322E+08
2.4386E+08
2.4449E+08
2.4512E+08
2.4575E+08
2.4639E+08
2.4702E+08
2.4765E+08
2.4829E+08
2.4892E+08
2.4954E+08
2.5017E+08
2.508E+08
2.5143E+08
2.5206E+08
2.5269E+08
2.5332E+08
2.5395E+08
2.5458E+08
2.5521E+08
2.5584E+08
2.5647E+08
2.5709E+08
2.5772E+08
2.5835E+08
2.5898E+08
2.5961E+08
2.6024E+08
2.6087E+08
2.615E+08
2.6212E+08
2.6275E+08
2.6338E+08
2.6401E+08
2.6464E+08
2.6527E+08
2.6589E+08
2.6652E+08
2.6715E+08
2.6778E+08
2.6841E+08
2.6904E+08
2.6966E+08
2.703E+08
2.7092E+08
2.7155E+08
2.7218E+08
2.7281E+08
2.7344E+08
2.7406E+08
2.7469E+08
2.7532E+08
2.7595E+08
2.7657E+08
2.772E+08
2.7783E+08
2.7846E+08
2.7909E+08
2.797E+08
2.8031E+08
2.8091E+08
2.8151E+08
2.8211E+08
2.8271E+08
2.8331E+08
2.8391E+08
2.845E+08
2.8511E+08
2.8571E+08
2.863E+08
2.869E+08
2.875E+08
2.881E+08
2.8869E+08
2.8929E+08
2.8989E+08
2.9048E+08
2.9107E+08
2.9168E+08
2.9225E+08
2.9283E+08
2.9338E+08
2.9395E+08
2.945E+08
2.9506E+08
2.9561E+08
2.9616E+08
2.9671E+08
2.9726E+08
2.9782E+08
2.9836E+08
2.9891E+08
2.9945E+08
3.0001E+08
3.0056E+08
3.0111E+08
3.0165E+08
3.0217E+08
3.0268E+08
3.0318E+08
3.0368E+08
3.0418E+08
3.0467E+08
3.0516E+08
3.0567E+08
3.0615E+08
3.0664E+08
3.0713E+08
3.0762E+08
3.081E+08
3.0859E+08
3.0907E+08
3.0955E+08
3.1004E+08
3.105E+08
3.1095E+08
3.1138E+08
3.1181E+08
3.1225E+08
3.1268E+08
3.1308E+08
3.1352E+08
3.1394E+08
3.1435E+08
3.1478E+08
3.1517E+08
3.156E+08
3.1601E+08
3.1642E+08
3.1683E+08
3.1724E+08
3.1764E+08
3.1801E+08
3.1838E+08
3.1873E+08
3.1908E+08
3.1943E+08
3.1979E+08
3.2012E+08
3.2048E+08
3.2082E+08
3.2115E+08
3.2148E+08
3.2182E+08
3.2215E+08
3.2248E+08
3.2281E+08
3.2312E+08
3.2345E+08
3.2377E+08
3.2407E+08
3.2434E+08
3.2462E+08
3.2489E+08
3.2515E+08
3.2542E+08
3.2568E+08
3.2594E+08
3.262E+08
3.2645E+08
3.267E+08
3.2695E+08
3.2719E+08
3.2744E+08
3.2768E+08
3.2793E+08
3.2816E+08
3.2838E+08
3.2862E+08
3.2881E+08
3.29E+08
3.2919E+08
3.2937E+08
3.2955E+08
3.2972E+08
3.299E+08
3.3008E+08
3.3024E+08
3.3042E+08
3.3059E+08
3.3074E+08
3.3089E+08
3.3105E+08
3.312E+08
3.3137E+08
3.3149E+08
3.3164E+08
3.3178E+08
3.3188E+08
3.3199E+08
3.3211E+08
3.3222E+08
3.3233E+08
3.324E+08
3.3248E+08
3.3258E+08
3.3266E+08
3.3274E+08
3.3283E+08
3.3291E+08
3.3298E+08
3.3304E+08
3.3311E+08
3.332E+08
3.3325E+08
3.3331E+08
3.3336E+08
3.3341E+08
3.3343E+08
3.3346E+08
3.3349E+08
3.3351E+08
3.3355E+08
3.3355E+08
3.3357E+08
3.3358E+08
3.3358E+08
3.3357E+08
3.3359E+08
3.3358E+08
3.3358E+08
3.3359E+08
3.3359E+08
3.3358E+08
3.3358E+08
3.3356E+08
3.3354E+08
3.335E+08
3.3348E+08
3.3343E+08
3.3337E+08
3.3334E+08
3.333E+08
3.3324E+08
3.3319E+08
3.3314E+08
3.3312E+08
3.3305E+08
3.33E+08
3.3296E+08
3.3287E+08
3.3282E+08
3.3277E+08
3.3271E+08
3.3262E+08
3.3255E+08
3.3248E+08
3.3243E+08
3.3235E+08
3.3226E+08
3.3216E+08
3.321E+08
3.3198E+08
3.3188E+08
3.318E+08
3.317E+08
3.3161E+08
3.3155E+08
3.3146E+08
3.3137E+08
3.3128E+08
3.312E+08
3.311E+08
3.31E+08
3.309E+08
3.3083E+08
3.3073E+08
3.3062E+08
3.3051E+08
3.3042E+08
3.303E+08
3.302E+08
3.3008E+08
3.2998E+08
3.2987E+08
3.2977E+08
3.2969E+08
3.2959E+08
3.2949E+08
3.294E+08
3.2931E+08
3.2923E+08
3.2912E+08
3.2905E+08
3.2894E+08
3.2883E+08
3.2874E+08
3.2866E+08
3.2858E+08
3.2848E+08
3.2838E+08
3.2827E+08
3.2815E+08
3.2809E+08
3.2797E+08
3.279E+08
3.2783E+08
3.2775E+08
3.2767E+08
3.2759E+08
3.2754E+08
3.2744E+08
3.274E+08
3.2733E+08
3.2729E+08
3.2724E+08
3.2717E+08
3.271E+08
3.2706E+08
3.2698E+08
3.2691E+08
3.2685E+08
3.268E+08
3.2674E+08
3.2667E+08
3.2661E+08
3.2653E+08
3.2648E+08
3.2641E+08
3.2634E+08
3.2627E+08
3.2619E+08
3.2611E+08
3.2602E+08
3.2593E+08
3.2583E+08
3.2567E+08
3.2552E+08
3.2536E+08
3.2518E+08
3.2504E+08
3.2481E+08
3.2453E+08
3.2416E+08
3.2369E+08
3.2315E+08
3.225E+08
3.2177E+08
3.209E+08
3.1989E+08
3.1871E+08
3.1731E+08
3.156E+08
3.1352E+08
3.1094E+08
3.0759E+08
3.0308E+08
2.9672E+08
2.8731E+08
2.8418E+08
3.1926E+08