 4.95210178e-05 4.83280083e-05 4.72514065e-05 4.62511251e-05
 4.53095520e-05 4.44122731e-05 4.35537732e-05 4.27306629e-05
 4.19378588e-05 4.11718877e-05 4.04307177e-05 3.97124980e-05
 3.90156637e-05 3.83388636e-05 3.76809269e-05 3.70408234e-05
 3.64176421e-05 3.58105718e-05 3.52188859e-05 3.46419288e-05
 3.40791061e-05 3.35298750e-05 3.29937397e-05 3.24702438e-05
 3.19589672e-05 3.14595207e-05 3.09715434e-05 3.04946996e-05
 3.00286758e-05 2.95731799e-05 2.91279366e-05 2.86926885e-05
 2.82671929e-05 2.78512220e-05 2.74445611e-05 2.70470067e-05
 2.66583667e-05 2.62784575e-05 2.59071063e-05 2.55441480e-05
 2.51894266e-05 2.48427924e-05 2.45041042e-05 2.41732251e-05
 2.38500268e-05 2.35343836e-05 2.32261788e-05 2.29252980e-05
 2.26316343e-05 2.23450848e-05 2.20655504e-05 2.17929365e-05
 2.15271494e-05 2.12681020e-05 2.10157080e-05 2.07698875e-05
 2.05305612e-05 2.02976546e-05 2.00710944e-05 1.98508121e-05
 1.96367407e-05 1.94288165e-05 1.92269770e-05 1.90311614e-05
 1.88413121e-05 1.86573733e-05 1.84792925e-05 1.83070182e-05
 1.81405014e-05 1.79796946e-05 1.78245524e-05 1.76750313e-05
 1.75310893e-05 1.73926866e-05 1.72597849e-05 1.71323477e-05
 1.70103402e-05 1.68937295e-05 1.67824844e-05 1.66765752e-05
 1.65759745e-05 1.64806563e-05 1.63905969e-05 1.63057746e-05
 1.62261698e-05 1.61517656e-05 1.60825477e-05 1.60185048e-05
 1.59596294e-05 1.59059182e-05 1.58573725e-05 1.58140001e-05
 1.57758160e-05 1.57428444e-05 1.57151218e-05 1.56927011e-05
 1.56756591e-05 1.56641094e-05 1.56582142e-05 1.56582142e-05