 4.95210178e-05 4.73646324e-05 4.54677345e-05 4.37256218e-05
 4.20984439e-05 4.05643482e-05 3.91104430e-05 3.77274377e-05
 3.64083862e-05 3.51478706e-05 3.39415280e-05 3.27857583e-05
 3.16775335e-05 3.06142673e-05 2.95937227e-05 2.86139445e-05
 2.76732090e-05 2.67699849e-05 2.59029035e-05 2.50707344e-05
 2.42723663e-05 2.35067918e-05 2.27730939e-05 2.20704356e-05
 2.13980510e-05 2.07552377e-05 2.01413505e-05 1.95557953e-05
 1.89980253e-05 1.84675361e-05 1.79638624e-05 1.74865751e-05
 1.70352781e-05 1.66096062e-05 1.62092231e-05 1.58338191e-05
 1.54831098e-05 1.51568344e-05 1.48547546e-05 1.45766535e-05
 1.43223346e-05 1.40916210e-05 1.38843546e-05 1.37003960e-05
 1.35396241e-05 1.34019361e-05 1.32872481e-05 1.31954970e-05
 1.31266432e-05 1.30806784e-05 1.30576403e-05 1.30576403e-05