0
1.0328E+06
2.0063E+06
3.0101E+06
4.0064E+06
5.0156E+06
6.0049E+06
7.0199E+06
8.0189E+06
9.0072E+06
1.0012E+07
1.1008E+07
1.2016E+07
1.3011E+07
1.4014E+07
1.5013E+07
1.6018E+07
1.7006E+07
1.8008E+07
1.9008E+07
2.0009E+07
2.1008E+07
2.2008E+07
2.3011E+07
2.4011E+07
2.5011E+07
2.6011E+07
2.7012E+07
2.8012E+07
2.9013E+07
3.0012E+07
3.1014E+07
3.2015E+07
3.3015E+07
3.4014E+07
3.5015E+07
3.6015E+07
3.7015E+07
3.8013E+07
3.9016E+07
4.0016E+07
4.1017E+07
4.2016E+07
4.3017E+07
4.4018E+07
4.5019E+07
4.6019E+07
4.7019E+07
4.8019E+07
4.9019E+07
5.002E+07
5.1021E+07
5.202E+07
5.3021E+07
5.4021E+07
5.5022E+07
5.6023E+07
5.7023E+07
5.8023E+07
5.9024E+07
6.0023E+07
6.1024E+07
6.2025E+07
6.3026E+07
6.4026E+07
6.5026E+07
6.6026E+07
6.7027E+07
6.8027E+07
6.9027E+07
7.0028E+07
7.1028E+07
7.2028E+07
7.3029E+07
7.403E+07
7.5029E+07
7.603E+07
7.7029E+07
7.8031E+07
7.9031E+07
8.0031E+07
8.1031E+07
8.2033E+07
8.3032E+07
8.4037E+07
8.5032E+07
8.6039E+07
8.7039E+07
8.8034E+07
8.9043E+07
9.0041E+07
9.1038E+07
9.2036E+07
9.3046E+07
9.4036E+07
9.5044E+07
9.6037E+07
9.7037E+07
9.8043E+07
9.904E+07
1.0004E+08
1.0104E+08
1.0204E+08
1.0305E+08
1.0405E+08
1.0504E+08
1.0604E+08
1.0704E+08
1.0804E+08
1.0905E+08
1.1004E+08
1.1104E+08
1.1204E+08
1.1304E+08
1.1405E+08
1.1505E+08
1.1606E+08
1.1705E+08
1.1805E+08
1.1905E+08
1.2005E+08
1.2105E+08
1.2206E+08
1.2305E+08
1.2405E+08
1.2505E+08
1.2605E+08
1.2705E+08
1.2805E+08
1.2907E+08
1.3006E+08
1.3105E+08
1.3205E+08
1.3306E+08
1.3405E+08
1.3505E+08
1.3605E+08
1.3706E+08
1.3806E+08
1.3906E+08
1.4006E+08
1.4106E+08
1.4206E+08
1.4306E+08
1.4405E+08
1.4506E+08
1.4606E+08
1.4706E+08
1.4806E+08
1.4906E+08
1.5006E+08
1.5106E+08
1.5206E+08
1.5306E+08
1.5406E+08
1.5507E+08
1.5606E+08
1.5706E+08
1.5807E+08
1.5906E+08
1.6006E+08
1.6106E+08
1.6207E+08
1.6307E+08
1.6406E+08
1.6507E+08
1.6606E+08
1.6707E+08
1.6807E+08
1.6907E+08
1.7007E+08
1.7107E+08
1.7206E+08
1.7307E+08
1.7407E+08
1.7507E+08
1.7607E+08
1.7707E+08
1.7807E+08
1.7907E+08
1.8007E+08
1.8107E+08
1.8208E+08
1.8307E+08
1.8407E+08
1.8507E+08
1.8607E+08
1.8707E+08
1.8808E+08
1.8908E+08
1.9007E+08
1.9108E+08
1.9207E+08
1.9308E+08
1.9407E+08
1.9507E+08
1.9607E+08
1.9707E+08
1.9806E+08
1.9906E+08
2.0007E+08
2.0106E+08
2.0207E+08
2.0306E+08
2.0406E+08
2.0506E+08
2.0606E+08
2.0706E+08
2.0806E+08
2.0905E+08
2.1004E+08
2.1104E+08
2.1203E+08
2.1302E+08
2.1401E+08
2.15E+08
2.1599E+08
2.1698E+08
2.1797E+08
2.1896E+08
2.1994E+08
2.2093E+08
2.219E+08
2.2289E+08
2.2386E+08
2.2485E+08
2.2582E+08
2.268E+08
2.2777E+08
2.2875E+08
2.2972E+08
2.3068E+08
2.3164E+08
2.326E+08
2.3356E+08
2.3452E+08
2.3547E+08
2.3644E+08
2.3739E+08
2.3835E+08
2.393E+08
2.4024E+08
2.4117E+08
2.4211E+08
2.4305E+08
2.4399E+08
2.4493E+08
2.4586E+08
2.468E+08
2.4773E+08
2.4865E+08
2.4957E+08
2.5049E+08
2.5141E+08
2.5232E+08
2.5323E+08
2.5415E+08
2.5505E+08
2.5596E+08
2.5687E+08
2.5777E+08
2.5867E+08
2.5956E+08
2.6045E+08
2.6134E+08
2.6222E+08
2.6311E+08
2.6398E+08
2.6486E+08
2.6574E+08
2.6662E+08
2.675E+08
2.6836E+08
2.6923E+08
2.7008E+08
2.7095E+08
2.718E+08
2.7265E+08
2.735E+08
2.7436E+08
2.7521E+08
2.7605E+08
2.7689E+08
2.7774E+08
2.7858E+08
2.7942E+08
2.8023E+08
2.8106E+08
2.8188E+08
2.827E+08
2.8351E+08
2.8433E+08
2.8515E+08
2.8596E+08
2.8677E+08
2.8758E+08
2.8838E+08
2.8918E+08
2.8997E+08
2.9076E+08
2.9155E+08
2.9234E+08
2.9312E+08
2.9389E+08
2.9468E+08
2.9545E+08
2.9623E+08
2.97E+08
2.9777E+08
2.9854E+08
2.993E+08
3.0006E+08
3.0082E+08
3.0157E+08
3.0231E+08
3.0306E+08
3.038E+08
3.0454E+08
3.0527E+08
3.0601E+08
3.0674E+08
3.0747E+08
3.082E+08
3.0893E+08
3.0965E+08
3.1036E+08
3.1108E+08
3.1179E+08
3.1249E+08
3.132E+08
3.139E+08
3.1459E+08
3.1528E+08
3.1598E+08
3.1666E+08
3.1735E+08
3.1804E+08
3.1871E+08
3.1939E+08
3.2006E+08
3.2074E+08
3.214E+08
3.2208E+08
3.2274E+08
3.2339E+08
3.2405E+08
3.247E+08
3.2534E+08
3.2598E+08
3.2663E+08
3.2726E+08
3.279E+08
3.2854E+08
3.2915E+08
3.2979E+08
3.304E+08
3.3103E+08
3.3165E+08
3.3226E+08
3.3287E+08
3.3348E+08
3.3407E+08
3.3467E+08
3.3527E+08
3.3586E+08
3.3645E+08
3.3703E+08
3.3761E+08
3.3819E+08
3.3876E+08
3.3934E+08
3.3991E+08
3.4048E+08
3.4105E+08
3.416E+08
3.4216E+08
3.4272E+08
3.4327E+08
3.4381E+08
3.4435E+08
3.4489E+08
3.4544E+08
3.4596E+08
3.4649E+08
3.4701E+08
3.4753E+08
3.4806E+08
3.4856E+08
3.4907E+08
3.4958E+08
3.5008E+08
3.5059E+08
3.5108E+08
3.5158E+08
3.5207E+08
3.5256E+08
3.5303E+08
3.5351E+08
3.5398E+08
3.5446E+08
3.5492E+08
3.5539E+08
3.5585E+08
3.563E+08
3.5676E+08
3.572E+08
3.5765E+08
3.5809E+08
3.5854E+08
3.5897E+08
3.594E+08
3.5984E+08
3.6026E+08
3.6069E+08
3.6109E+08
3.6151E+08
3.6192E+08
3.6231E+08
3.6269E+08
3.6308E+08
3.6346E+08
3.6383E+08
3.642E+08
3.6457E+08
3.6493E+08
3.6529E+08
3.6563E+08
3.66E+08
3.6633E+08
3.6667E+08
3.6701E+08
3.6734E+08
3.6767E+08
3.68E+08
3.6831E+08
3.6863E+08
3.6895E+08
3.6926E+08
3.6956E+08
3.6986E+08
3.7016E+08
3.7045E+08
3.7075E+08
3.7104E+08
3.7132E+08
3.7161E+08
3.7187E+08
3.7216E+08
3.7242E+08
3.7268E+08
3.7295E+08
3.7321E+08
3.7346E+08
3.7372E+08
3.7396E+08
3.7419E+08
3.7443E+08
3.7466E+08
3.7491E+08
3.7513E+08
3.7535E+08
3.7556E+08
3.7578E+08
3.7599E+08
3.7619E+08
3.764E+08
3.7662E+08
3.7681E+08
3.77E+08
3.7719E+08
3.7738E+08
3.7756E+08
3.7774E+08
3.7792E+08
3.7808E+08
3.7825E+08
3.7842E+08
3.7859E+08
3.7874E+08
3.7889E+08
3.7904E+08
3.7918E+08
3.7932E+08
3.7945E+08
3.7959E+08
3.7971E+08
3.7985E+08
3.7999E+08
3.8009E+08
3.8022E+08
3.8034E+08
3.8043E+08
3.8056E+08
3.8064E+08
3.8075E+08
3.8085E+08
3.8093E+08
3.8102E+08
3.811E+08
3.8118E+08
3.8127E+08
3.8133E+08
3.814E+08
3.8147E+08
3.8155E+08
3.816E+08
3.8166E+08
3.8172E+08
3.8177E+08
3.8183E+08
3.8187E+08
3.8192E+08
3.8195E+08
3.8198E+08
3.8201E+08
3.8203E+08
3.8206E+08
3.8208E+08
3.821E+08
3.8211E+08
3.8213E+08
3.8214E+08
3.8215E+08
3.8216E+08
3.8216E+08
3.8216E+08
3.8215E+08
3.8215E+08
3.8213E+08
3.8211E+08
3.821E+08
3.8208E+08
3.8206E+08
3.8203E+08
3.8202E+08
3.8199E+08
3.8196E+08
3.8192E+08
3.8187E+08
3.8184E+08
3.818E+08
3.8177E+08
3.8171E+08
3.8166E+08
3.8161E+08
3.8155E+08
3.8149E+08
3.8142E+08
3.8137E+08
3.8133E+08
3.8125E+08
3.8119E+08
3.8113E+08
3.8105E+08
3.8098E+08
3.809E+08
3.8082E+08
3.8075E+08
3.8068E+08
3.8058E+08
3.805E+08
3.8042E+08
3.8035E+08
3.8026E+08
3.8017E+08
3.801E+08
3.7999E+08
3.7991E+08
3.7982E+08
3.7971E+08
3.7963E+08
3.7952E+08
3.7942E+08
3.7932E+08
3.7922E+08
3.7914E+08
3.7903E+08
3.7894E+08
3.7884E+08
3.7874E+08
3.7864E+08
3.7854E+08
3.7845E+08
3.7835E+08
3.7824E+08
3.7814E+08
3.7803E+08
3.7793E+08
3.7783E+08
3.7772E+08
3.7762E+08
3.7753E+08
3.7743E+08
3.7734E+08
3.7724E+08
3.7715E+08
3.7706E+08
3.7695E+08
3.7687E+08
3.7678E+08
3.767E+08
3.766E+08
3.7651E+08
3.7642E+08
3.7634E+08
3.7625E+08
3.7616E+08
3.7609E+08
3.76E+08
3.7594E+08
3.7587E+08
3.758E+08
3.7574E+08
3.7569E+08
3.7562E+08
3.7556E+08
3.755E+08
3.7543E+08
3.7536E+08
3.7526E+08
3.7516E+08
3.7505E+08
3.7493E+08
3.7478E+08
3.7462E+08
3.7443E+08
3.7422E+08
3.7399E+08
3.7372E+08
3.7341E+08
3.7307E+08
3.7266E+08
3.722E+08
3.7166E+08
3.7104E+08
3.7029E+08
3.6941E+08
3.6833E+08
3.6699E+08
3.6531E+08
3.6314E+08
3.6032E+08
3.5642E+08
3.508E+08
3.4211E+08
3.2746E+08
3.3863E+08