0
2.358E+06
3.5117E+06
4.5256E+06
5.4374E+06
6.906E+06
8.0348E+06
9.0275E+06
1.0179E+07
1.1207E+07
1.2247E+07
1.3293E+07
1.4788E+07
1.5501E+07
1.6786E+07
1.7958E+07
1.9116E+07
2.0102E+07
2.131E+07
2.261E+07
2.3691E+07
2.4661E+07
2.592E+07
2.7147E+07
2.7964E+07
2.9271E+07
3.0463E+07
3.1606E+07
3.263E+07
3.3748E+07
3.4648E+07
3.5893E+07
3.6901E+07
3.827E+07
3.9142E+07
4.0319E+07
4.132E+07
4.255E+07
4.3717E+07
4.4974E+07
4.598E+07
4.7257E+07
4.8174E+07
4.9512E+07
5.0275E+07
5.1612E+07
5.2523E+07
5.3525E+07
5.476E+07
5.5913E+07
5.7058E+07
5.8193E+07
5.9313E+07
6.0331E+07
6.1376E+07
6.2743E+07
6.3838E+07
6.4601E+07
6.5805E+07
6.6915E+07
6.8221E+07
6.9376E+07
7.0344E+07
7.156E+07
7.2538E+07
7.3781E+07
7.4861E+07
7.5939E+07
7.6772E+07
7.85E+07
7.9204E+07
8.0462E+07
8.143E+07
8.2547E+07
8.3672E+07
8.4667E+07
8.577E+07
8.6969E+07
8.7921E+07
8.9077E+07
9.0311E+07
9.1388E+07
9.2338E+07
9.3407E+07
9.45E+07
9.5637E+07
9.667E+07
9.8063E+07
9.8816E+07
1.0013E+08
1.0109E+08
1.0222E+08
1.0321E+08
1.0437E+08
1.054E+08
1.0655E+08
1.078E+08
1.0876E+08
1.0996E+08
1.1098E+08
1.1214E+08
1.1304E+08
1.1436E+08
1.1518E+08
1.1633E+08
1.1717E+08
1.1854E+08
1.1938E+08
1.2075E+08
1.2161E+08
1.2295E+08
1.2376E+08
1.2475E+08
1.2582E+08
1.2709E+08
1.2817E+08
1.2929E+08
1.3014E+08
1.3133E+08
1.3211E+08
1.3349E+08
1.3443E+08
1.3575E+08
1.3666E+08
1.3769E+08
1.3885E+08
1.4005E+08
1.4103E+08
1.4216E+08
1.4321E+08
1.44E+08
1.4502E+08
1.4608E+08
1.4729E+08
1.4833E+08
1.4924E+08
1.5043E+08
1.5162E+08
1.5274E+08
1.5352E+08
1.5452E+08
1.5593E+08
1.5668E+08
1.5776E+08
1.5883E+08
1.5982E+08
1.6067E+08
1.6161E+08
1.6279E+08
1.6374E+08
1.6491E+08
1.6581E+08
1.668E+08
1.6795E+08
1.6893E+08
1.6999E+08
1.7098E+08
1.7199E+08
1.7294E+08
1.7391E+08
1.7505E+08
1.7595E+08
1.7692E+08
1.7807E+08
1.7914E+08
1.8016E+08
1.8104E+08
1.8203E+08
1.8319E+08
1.8419E+08
1.8502E+08
1.8616E+08
1.8721E+08
1.8789E+08
1.891E+08
1.902E+08
1.9119E+08
1.9197E+08
1.9296E+08
1.938E+08
1.95E+08
1.9585E+08
1.972E+08
1.981E+08
1.9898E+08
1.9988E+08
2.0097E+08
2.0187E+08
2.0271E+08
2.038E+08
2.0473E+08
2.0561E+08
2.0675E+08
2.0762E+08
2.0869E+08
2.096E+08
2.1055E+08
2.1147E+08
2.1259E+08
2.1331E+08
2.1443E+08
2.1541E+08
2.1636E+08
2.1722E+08
2.1824E+08
2.194E+08
2.2003E+08
2.2119E+08
2.2182E+08
2.2294E+08
2.2383E+08
2.2465E+08
2.2571E+08
2.2648E+08
2.2763E+08
2.2848E+08
2.2933E+08
2.3017E+08
2.3099E+08
2.3207E+08
2.3308E+08
2.3388E+08
2.3492E+08
2.3567E+08
2.3681E+08
2.3725E+08
2.386E+08
2.3959E+08
2.4062E+08
2.4143E+08
2.4223E+08
2.4324E+08
2.4431E+08
2.4484E+08
2.4549E+08
2.4681E+08
2.4739E+08
2.481E+08
2.4905E+08
2.4979E+08
2.5118E+08
2.5202E+08
2.5271E+08
2.5373E+08
2.5434E+08
2.5527E+08
2.5604E+08
2.5702E+08
2.5801E+08
2.5861E+08
2.5948E+08
2.6048E+08
2.612E+08
2.6207E+08
2.6285E+08
2.6401E+08
2.6464E+08
2.6549E+08
2.6637E+08
2.6746E+08
2.6812E+08
2.6908E+08
2.6959E+08
2.7058E+08
2.7125E+08
2.7226E+08
2.7275E+08
2.7371E+08
2.7457E+08
2.7528E+08
2.763E+08
2.7702E+08
2.7801E+08
2.7878E+08
2.7939E+08
2.802E+08
2.8102E+08
2.8181E+08
2.8239E+08
2.8346E+08
2.8396E+08
2.8499E+08
2.8578E+08
2.8643E+08
2.8738E+08
2.8802E+08
2.8885E+08
2.8954E+08
2.904E+08
2.9097E+08
2.9172E+08
2.9258E+08
2.9343E+08
2.9394E+08
2.9471E+08
2.9559E+08
2.9623E+08
2.969E+08
2.9776E+08
2.9853E+08
2.9941E+08
2.998E+08
3.0072E+08
3.0144E+08
3.0229E+08
3.0171E+08
3.0247E+08
3.032E+08
3.039E+08
3.0461E+08
3.0533E+08
3.0603E+08
3.0673E+08
3.0742E+08
3.0812E+08
3.0881E+08
3.0951E+08
3.1019E+08
3.1087E+08
3.1156E+08
3.1223E+08
3.1291E+08
3.1358E+08
3.1426E+08
3.1493E+08
3.1559E+08
3.1625E+08
3.169E+08
3.1756E+08
3.1821E+08
3.1887E+08
3.1951E+08
3.2015E+08
3.208E+08
3.2144E+08
3.2208E+08
3.2272E+08
3.2334E+08
3.2397E+08
3.2459E+08
3.2521E+08
3.2583E+08
3.2644E+08
3.2706E+08
3.2767E+08
3.2827E+08
3.2888E+08
3.2948E+08
3.3008E+08
3.3066E+08
3.3126E+08
3.3186E+08
3.3243E+08
3.3302E+08
3.3359E+08
3.3417E+08
3.3475E+08
3.3531E+08
3.3588E+08
3.3644E+08
3.3699E+08
3.3755E+08
3.3811E+08
3.3867E+08
3.3921E+08
3.3975E+08
3.4029E+08
3.4083E+08
3.4136E+08
3.4189E+08
3.4242E+08
3.4295E+08
3.4347E+08
3.44E+08
3.4451E+08
3.4502E+08
3.4553E+08
3.4603E+08
3.4654E+08
3.4703E+08
3.4753E+08
3.4803E+08
3.4851E+08
3.49E+08
3.4947E+08
3.4995E+08
3.5044E+08
3.509E+08
3.5137E+08
3.5183E+08
3.523E+08
3.5276E+08
3.5321E+08
3.5367E+08
3.5412E+08
3.5456E+08
3.55E+08
3.5543E+08
3.5588E+08
3.563E+08
3.5675E+08
3.5716E+08
3.5758E+08
3.5801E+08
3.5841E+08
3.5882E+08
3.5923E+08
3.5964E+08
3.6003E+08
3.6043E+08
3.6083E+08
3.6122E+08
3.6161E+08
3.6199E+08
3.6237E+08
3.6275E+08
3.6312E+08
3.635E+08
3.6386E+08
3.6422E+08
3.6457E+08
3.6493E+08
3.6529E+08
3.6562E+08
3.6598E+08
3.6632E+08
3.6664E+08
3.6699E+08
3.673E+08
3.6765E+08
3.6795E+08
3.6827E+08
3.6859E+08
3.6891E+08
3.6921E+08
3.6952E+08
3.6982E+08
3.7012E+08
3.7042E+08
3.707E+08
3.7098E+08
3.7128E+08
3.7155E+08
3.7183E+08
3.721E+08
3.7236E+08
3.7263E+08
3.7289E+08
3.7314E+08
3.734E+08
3.7365E+08
3.7389E+08
3.7414E+08
3.7439E+08
3.7461E+08
3.7484E+08
3.7508E+08
3.7529E+08
3.7552E+08
3.7575E+08
3.7595E+08
3.7617E+08
3.7638E+08
3.7656E+08
3.7677E+08
3.7697E+08
3.7716E+08
3.7736E+08
3.7754E+08
3.7772E+08
3.779E+08
3.7807E+08
3.7824E+08
3.784E+08
3.7858E+08
3.7872E+08
3.7887E+08
3.7903E+08
3.7918E+08
3.7932E+08
3.7946E+08
3.7959E+08
3.7974E+08
3.7986E+08
3.8E+08
3.8012E+08
3.8024E+08
3.8036E+08
3.8047E+08
3.8058E+08
3.8069E+08
3.8079E+08
3.8089E+08
3.8098E+08
3.8109E+08
3.8116E+08
3.8125E+08
3.8133E+08
3.8141E+08
3.8147E+08
3.8155E+08
3.8162E+08
3.8169E+08
3.8176E+08
3.8181E+08
3.8187E+08
3.8192E+08
3.8196E+08
3.8201E+08
3.8206E+08
3.821E+08
3.8212E+08
3.8217E+08
3.8218E+08
3.8221E+08
3.8224E+08
3.8226E+08
3.8227E+08
3.823E+08
3.8231E+08
3.8232E+08
3.8232E+08
3.8232E+08
3.8233E+08
3.8232E+08
3.8231E+08
3.823E+08
3.8229E+08
3.8227E+08
3.8226E+08
3.8222E+08
3.8221E+08
3.8219E+08
3.8216E+08
3.8213E+08
3.821E+08
3.8206E+08
3.8203E+08
3.8199E+08
3.8194E+08
3.8189E+08
3.8185E+08
3.818E+08
3.8174E+08
3.8168E+08
3.8163E+08
3.8157E+08
3.8152E+08
3.8146E+08
3.8139E+08
3.8133E+08
3.8126E+08
3.8118E+08
3.8111E+08
3.8104E+08
3.8096E+08
3.8088E+08
3.808E+08
3.8072E+08
3.8064E+08
3.8056E+08
3.8048E+08
3.804E+08
3.8031E+08
3.8022E+08
3.8013E+08
3.8005E+08
3.7996E+08
3.7985E+08
3.7975E+08
3.7965E+08
3.7955E+08
3.7947E+08
3.7937E+08
3.7927E+08
3.7918E+08
3.7908E+08
3.7899E+08
3.7889E+08
3.7879E+08
3.7868E+08
3.7859E+08
3.7849E+08
3.7838E+08
3.7828E+08
3.7817E+08
3.7807E+08
3.7798E+08
3.7787E+08
3.7779E+08
3.7769E+08
3.7759E+08
3.775E+08
3.7741E+08
3.773E+08
3.7723E+08
3.7712E+08
3.7704E+08
3.7694E+08
3.7685E+08
3.7675E+08
3.7666E+08
3.7658E+08
3.765E+08
3.7641E+08
3.7634E+08
3.7627E+08
3.7619E+08
3.7613E+08
3.7607E+08
3.76E+08
3.7594E+08
3.7588E+08
3.7582E+08
3.7576E+08
3.7568E+08
3.7561E+08
3.7553E+08
3.7544E+08
3.7533E+08
3.7522E+08
3.7507E+08
3.7492E+08
3.7474E+08
3.7454E+08
3.7431E+08
3.7406E+08
3.7378E+08
3.7345E+08
3.7308E+08
3.7264E+08
3.7213E+08
3.7154E+08
3.7084E+08
3.7E+08
3.6899E+08
3.6777E+08
3.6625E+08
3.6434E+08
3.6182E+08
3.5851E+08
3.5365E+08
3.4635E+08
3.347E+08
3.1853E+08
3.2955E+08