 2.75308690e-05 1.95614559e-04 4.84698311e-04 8.75352812e-04
 1.35682352e-03 1.91619345e-03 2.54417754e-03 3.23977893e-03
 3.99248228e-03 4.79499884e-03 5.64709754e-03 6.54487289e-03
 7.48487240e-03 8.46396013e-03 9.47929990e-03 1.05282796e-02
 1.16085210e-02 1.27178025e-02 1.38540692e-02 1.50153792e-02
 1.61999257e-02 1.74059985e-02 1.86320017e-02 1.98764219e-02
 2.11378374e-02 2.24148967e-02 2.37063228e-02 2.50109012e-02
 2.63274794e-02 2.76549689e-02 2.89922986e-02 3.03384662e-02
 3.16925441e-02 3.30536157e-02 3.44208105e-02 3.57932936e-02
 3.71702681e-02 3.85509668e-02 3.99346592e-02 4.13206384e-02
 4.27082297e-02 4.40967805e-02 4.54856641e-02 4.68742802e-02
 4.82620478e-02 4.96484130e-02 5.10328369e-02 5.24148034e-02
 5.37938124e-02 5.51693830e-02 5.65410511e-02 5.79083681e-02
 5.92709020e-02 6.06282341e-02 6.19799629e-02 6.33256976e-02
 6.46650650e-02 6.59976972e-02 6.73232421e-02 6.86413630e-02
 6.99517387e-02 7.12542086e-02 7.25481221e-02 7.38331014e-02
 7.51091950e-02 7.63760463e-02 7.76333757e-02 7.88809147e-02
 8.01184049e-02 8.13456000e-02 8.25622590e-02 8.37681499e-02
 8.49630478e-02 8.61467349e-02 8.73190005e-02 8.84796403e-02
 8.96284562e-02 9.07652567e-02 9.18898560e-02 9.30020743e-02
 9.41017374e-02 9.51886765e-02 9.62627281e-02 9.73237342e-02
 9.83715414e-02 9.94060015e-02 1.00426971e-01 1.01434311e-01
 1.02427886e-01 1.03407568e-01 1.04373230e-01 1.05324750e-01
 1.06262012e-01 1.07184901e-01 1.08093307e-01 1.08987126e-01
 1.09866253e-01 1.10730591e-01 1.11580044e-01 1.12414520e-01
 1.13233930e-01 1.14038189e-01 1.14827214e-01 1.15600925e-01
 1.16359247e-01 1.17102105e-01 1.17829429e-01 1.18541149e-01
 1.19237201e-01 1.19917520e-01 1.20582046e-01 1.21230720e-01
 1.21863485e-01 1.22480286e-01 1.23081072e-01 1.23665790e-01
 1.24234392e-01 1.24786829e-01 1.25323055e-01 1.25843025e-01
 1.26346695e-01 1.26834021e-01 1.27304960e-01 1.27759469e-01
 1.28197506e-01 1.28619028e-01 1.29023993e-01 1.29412355e-01
 1.29784071e-01 1.30139093e-01 1.30477372e-01 1.30798858e-01
 1.31103495e-01 1.31391225e-01 1.31661985e-01 1.31915708e-01
 1.32152317e-01 1.32371731e-01 1.32573858e-01 1.32758595e-01
 1.32925826e-01 1.33075420e-01 1.33207225e-01 1.33321067e-01
 1.33416738e-01 1.33493995e-01 1.33552548e-01 1.33592042e-01
 1.33612053e-01 1.33612053e-01 1.33612053e-01 1.33612053e-01