 2.75308690e-05 7.71130418e-04 2.24314432e-03 4.23274979e-03
 6.64245592e-03 9.43214921e-03 1.25431839e-02 1.58830170e-02
 1.93808372e-02 2.30367251e-02 2.68183819e-02 3.06980089e-02
 3.46511903e-02 3.86563110e-02 4.26940868e-02 4.67472491e-02
 5.08002563e-02 5.48390834e-02 5.88510313e-02 6.28245809e-02
 6.67492509e-02 7.06155086e-02 7.44146484e-02 7.81387369e-02
 8.17805002e-02 8.53332997e-02 8.87910500e-02 9.21481675e-02
 9.53995320e-02 9.85404299e-02 1.01566561e-01 1.04473963e-01
 1.07259021e-01 1.09918403e-01 1.12449068e-01 1.14848232e-01
 1.17113352e-01 1.19242109e-01 1.21232391e-01 1.23082273e-01
 1.24789997e-01 1.26353946e-01 1.27772612e-01 1.29044549e-01
 1.30168308e-01 1.31142340e-01 1.31964850e-01 1.32633558e-01
 1.33145310e-01 1.33495376e-01 1.33676345e-01 1.33676345e-01