2.75308690e-05 4.88192002e-05 7.53036739e-05 1.06675323e-04
 1.42684080e-04 1.83119329e-04 2.27798392e-04 2.76560352e-04
 3.29260933e-04 3.85769865e-04 4.45967826e-04 5.09745105e-04
 5.76999786e-04 6.47636962e-04 7.21567650e-04 7.98708202e-04
 8.78979624e-04 9.62307122e-04 1.04861966e-03 1.13784960e-03
 1.22993240e-03 1.32480635e-03 1.42241234e-03 1.52269361e-03
 1.62559565e-03 1.73106595e-03 1.83905394e-03 1.94951081e-03
 2.06238938e-03 2.17764406e-03 2.29523070e-03 2.41510653e-03
 2.53723005e-03 2.66156102e-03 2.78806032e-03 2.91668996e-03
 3.04741295e-03 3.18019334e-03 3.31499607e-03 3.45178700e-03
 3.59053287e-03 3.73120119e-03 3.87376029e-03 4.01817922e-03
 4.16442779e-03 4.31247645e-03 4.46229634e-03 4.61385923e-03
 4.76713750e-03 4.92210411e-03 5.07873260e-03 5.23699705e-03
 5.39687207e-03 5.55833276e-03 5.72135474e-03 5.88591409e-03
 6.05198735e-03 6.21955150e-03 6.38858395e-03 6.55906253e-03
 6.73096548e-03 6.90427142e-03 7.07895935e-03 7.25500865e-03
 7.43239905e-03 7.61111063e-03 7.79112380e-03 7.97241931e-03
 8.15497823e-03 8.33878192e-03 8.52381206e-03 8.71005063e-03
 8.89747988e-03 9.08608235e-03 9.27584086e-03 9.46673846e-03
 9.65875851e-03 9.85188459e-03 1.00461005e-02 1.02413904e-02
 1.04377385e-02 1.06351294e-02 1.08335479e-02 1.10329788e-02
 1.12334075e-02 1.14348194e-02 1.16371999e-02 1.18405350e-02
 1.20448107e-02 1.22500131e-02 1.24561287e-02 1.26631440e-02
 1.28710457e-02 1.30798208e-02 1.32894565e-02 1.34999398e-02
 1.37112583e-02 1.39233997e-02 1.41363515e-02 1.43501018e-02
 1.45646385e-02 1.47799500e-02 1.49960246e-02 1.52128507e-02
 1.54304171e-02 1.56487125e-02 1.58677258e-02 1.60874462e-02
 1.63078627e-02 1.65289647e-02 1.67507416e-02 1.69731830e-02
 1.71962787e-02 1.74200184e-02 1.76443920e-02 1.78693896e-02
 1.80950013e-02 1.83212175e-02 1.85480285e-02 1.87754248e-02
 1.90033970e-02 1.92319358e-02 1.94610320e-02 1.96906766e-02
 1.99208604e-02 2.01515747e-02 2.03828107e-02 2.06145596e-02
 2.08468128e-02 2.10795618e-02 2.13127983e-02 2.15465138e-02
 2.17807002e-02 2.20153492e-02 2.22504528e-02 2.24860030e-02
 2.27219919e-02 2.29584117e-02 2.31952546e-02 2.34325130e-02
 2.36701793e-02 2.39082460e-02 2.41467056e-02 2.43855508e-02
 2.46247744e-02 2.48643690e-02 2.51043279e-02 2.53446434e-02
 2.55853091e-02 2.58263170e-02 2.60676618e-02 2.63093368e-02
 2.65513378e-02 2.67936571e-02 2.70362870e-02 2.72792177e-02
 2.75224404e-02 2.77659496e-02 2.80097397e-02 2.82538077e-02
 2.84981468e-02 2.87427521e-02 2.89876157e-02 2.92327323e-02
 2.94780948e-02 2.97236985e-02 2.99695378e-02 3.02156072e-02
 3.04618980e-02 3.07083990e-02 3.09551008e-02 3.12020006e-02
 3.14491013e-02 3.16964058e-02 3.19439108e-02 3.21916067e-02
 3.24394824e-02 3.26875300e-02 3.29357444e-02 3.31841213e-02
 3.34326560e-02 3.36813432e-02 3.39301776e-02 3.41791542e-02
 3.44282681e-02 3.46775142e-02 3.49268876e-02 3.51763834e-02
 3.54259968e-02 3.56757229e-02 3.59255571e-02 3.61754944e-02
 3.64255304e-02 3.66756603e-02 3.69258795e-02 3.71761835e-02
 3.74265677e-02 3.76770276e-02 3.79275588e-02 3.81781568e-02
 3.84288172e-02 3.86795358e-02 3.89303082e-02 3.91811301e-02
 3.94319973e-02 3.96829055e-02 3.99338507e-02 4.01848286e-02
 4.04358352e-02 4.06868664e-02 4.09379181e-02 4.11889864e-02
 4.14400672e-02 4.16911566e-02 4.19422507e-02 4.21933457e-02
 4.24444375e-02 4.26955226e-02 4.29465970e-02 4.31976569e-02
 4.34486988e-02 4.36997187e-02 4.39507132e-02 4.42016784e-02
 4.44526109e-02 4.47035069e-02 4.49543631e-02 4.52051757e-02
 4.54559410e-02 4.57066555e-02 4.59573158e-02 4.62079190e-02
 4.64584622e-02 4.67089421e-02 4.69593550e-02 4.72096973e-02
 4.74599656e-02 4.77101565e-02 4.79602659e-02 4.82102897e-02
 4.84602238e-02 4.87100656e-02 4.89598136e-02 4.92094662e-02
 4.94590216e-02 4.97084760e-02 4.99578258e-02 5.02070666e-02
 5.04561955e-02 5.07052092e-02 5.09541051e-02 5.12028802e-02
 5.14515317e-02 5.17000566e-02 5.19484520e-02 5.21967150e-02
 5.24448428e-02 5.26928325e-02 5.29406814e-02 5.31883867e-02
 5.34359455e-02 5.36833552e-02 5.39306130e-02 5.41777162e-02
 5.44246621e-02 5.46714481e-02 5.49180714e-02 5.51645296e-02
 5.54108198e-02 5.56569397e-02 5.59028865e-02 5.61486577e-02
 5.63942508e-02 5.66396633e-02 5.68848925e-02 5.71299362e-02
 5.73747918e-02 5.76194573e-02 5.78639298e-02 5.81082065e-02
 5.83522837e-02 5.85961585e-02 5.88398288e-02 5.90832940e-02
 5.93265534e-02 5.95696053e-02 5.98124470e-02 6.00550752e-02
 6.02974868e-02 6.05396794e-02 6.07816510e-02 6.10233993e-02
 6.12649223e-02 6.15062176e-02 6.17472833e-02 6.19881169e-02
 6.22287165e-02 6.24690799e-02 6.27092051e-02 6.29490896e-02
 6.31887311e-02 6.34281276e-02 6.36672774e-02 6.39061786e-02
 6.41448291e-02 6.43832268e-02 6.46213697e-02 6.48592557e-02
 6.50968829e-02 6.53342493e-02 6.55713530e-02 6.58081919e-02
 6.60447644e-02 6.62810682e-02 6.65171019e-02 6.67528631e-02
 6.69883509e-02 6.72235617e-02 6.74584957e-02 6.76931490e-02
 6.79275252e-02 6.81616200e-02 6.83954346e-02 6.86289576e-02
 6.88621826e-02 6.90951020e-02 6.93277176e-02 6.95600377e-02
 6.97920655e-02 7.00238055e-02 7.02552493e-02 7.04863960e-02
 7.07172379e-02 7.09477764e-02 7.11780078e-02 7.14079323e-02
 7.16375471e-02 7.18668509e-02 7.20958418e-02 7.23245184e-02
 7.25528788e-02 7.27809216e-02 7.30086451e-02 7.32360477e-02
 7.34631277e-02 7.36898837e-02 7.39163141e-02 7.41424174e-02
 7.43681919e-02 7.45936361e-02 7.48187486e-02 7.50435278e-02
 7.52679722e-02 7.54920804e-02 7.57158508e-02 7.59392820e-02
 7.61623725e-02 7.63851209e-02 7.66075257e-02 7.68295855e-02
 7.70512989e-02 7.72726644e-02 7.74936806e-02 7.77143462e-02
 7.79346598e-02 7.81546199e-02 7.83742252e-02 7.85934744e-02
 7.88123660e-02 7.90308989e-02 7.92490715e-02 7.94668826e-02
 7.96843308e-02 7.99014149e-02 8.01181335e-02 8.03344854e-02
 8.05504692e-02 8.07660837e-02 8.09813277e-02 8.11961997e-02
 8.14106987e-02 8.16248232e-02 8.18385722e-02 8.20519444e-02
 8.22649385e-02 8.24775533e-02 8.26897876e-02 8.29016403e-02
 8.31131100e-02 8.33241957e-02 8.35348962e-02 8.37452102e-02
 8.39551367e-02 8.41646744e-02 8.43738222e-02 8.45825790e-02
 8.47909436e-02 8.49989149e-02 8.52064917e-02 8.54136731e-02
 8.56204577e-02 8.58268447e-02 8.60328328e-02 8.62384209e-02
 8.64436081e-02 8.66483931e-02 8.68527750e-02 8.70567527e-02
 8.72603251e-02 8.74634912e-02 8.76662499e-02 8.78686003e-02
 8.80705412e-02 8.82720717e-02 8.84731907e-02 8.86738972e-02
 8.88741902e-02 8.90740688e-02 8.92735319e-02 8.94725786e-02
 8.96712079e-02 8.98694187e-02 9.00672102e-02 9.02645814e-02
 9.04615312e-02 9.06580589e-02 9.08541633e-02 9.10498437e-02
 9.12450990e-02 9.14399284e-02 9.16343308e-02 9.18283055e-02
 9.20218514e-02 9.22149677e-02 9.24076536e-02 9.25999080e-02
 9.27917301e-02 9.29831190e-02 9.31740738e-02 9.33645937e-02
 9.35546778e-02 9.37443253e-02 9.39335351e-02 9.41223067e-02
 9.43106381e-02 9.44985286e-02 9.46859774e-02 9.48729853e-02
 9.50595527e-02 9.52456789e-02 9.54313624e-02 9.56166008e-02
 9.58013929e-02 9.59857375e-02 9.61696348e-02 9.63530839e-02
 9.65360842e-02 9.67186347e-02 9.69007349e-02 9.70823839e-02
 9.72635809e-02 9.74443253e-02 9.76246162e-02 9.78044530e-02
 9.79838348e-02 9.81627610e-02 9.83412309e-02 9.85192436e-02
 9.86967986e-02 9.88738950e-02 9.90505321e-02 9.92267094e-02
 9.94024260e-02 9.95776812e-02 9.97524744e-02 9.99268049e-02
 1.00100672e-01 1.00274075e-01 1.00447013e-01 1.00619486e-01
 1.00791493e-01 1.00963033e-01 1.01134106e-01 1.01304710e-01
 1.01474846e-01 1.01644513e-01 1.01813709e-01 1.01982435e-01
 1.02150690e-01 1.02318473e-01 1.02485783e-01 1.02652621e-01
 1.02818985e-01 1.02984874e-01 1.03150289e-01 1.03315229e-01
 1.03479696e-01 1.03643686e-01 1.03807196e-01 1.03970219e-01
 1.04132754e-01 1.04294805e-01 1.04456378e-01 1.04617479e-01
 1.04778104e-01 1.04938252e-01 1.05097916e-01 1.05257099e-01
 1.05415797e-01 1.05574013e-01 1.05731745e-01 1.05888992e-01
 1.06045753e-01 1.06202029e-01 1.06357819e-01 1.06513122e-01
 1.06667938e-01 1.06822266e-01 1.06976105e-01 1.07129456e-01
 1.07282317e-01 1.07434689e-01 1.07586570e-01 1.07737960e-01
 1.07888858e-01 1.08039265e-01 1.08189179e-01 1.08338601e-01
 1.08487529e-01 1.08635964e-01 1.08783904e-01 1.08931349e-01
 1.09078299e-01 1.09224754e-01 1.09370712e-01 1.09516174e-01
 1.09661139e-01 1.09805606e-01 1.09949576e-01 1.10093047e-01
 1.10236019e-01 1.10378492e-01 1.10520465e-01 1.10661939e-01
 1.10802911e-01 1.10943383e-01 1.11083353e-01 1.11222822e-01
 1.11361789e-01 1.11500252e-01 1.11638213e-01 1.11775671e-01
 1.11912625e-01 1.12049074e-01 1.12185019e-01 1.12320459e-01
 1.12455394e-01 1.12589823e-01 1.12723745e-01 1.12857162e-01
 1.12990071e-01 1.13122473e-01 1.13254368e-01 1.13385755e-01
 1.13516633e-01 1.13647003e-01 1.13776863e-01 1.13906215e-01
 1.14035056e-01 1.14163388e-01 1.14291209e-01 1.14418519e-01
 1.14545319e-01 1.14671606e-01 1.14797382e-01 1.14922646e-01
 1.15047398e-01 1.15171637e-01 1.15295363e-01 1.15418575e-01
 1.15541274e-01 1.15663459e-01 1.15785129e-01 1.15906285e-01
 1.16026926e-01 1.16147052e-01 1.16266662e-01 1.16385757e-01
 1.16504335e-01 1.16622398e-01 1.16739943e-01 1.16856972e-01
 1.16973483e-01 1.17089477e-01 1.17204953e-01 1.17319911e-01
 1.17434351e-01 1.17548272e-01 1.17661674e-01 1.17774557e-01
 1.17886921e-01 1.17998765e-01 1.18110090e-01 1.18220894e-01
 1.18331178e-01 1.18440942e-01 1.18550184e-01 1.18658905e-01
 1.18767106e-01 1.18874784e-01 1.18981941e-01 1.19088575e-01
 1.19194688e-01 1.19300278e-01 1.19405345e-01 1.19509889e-01
 1.19613911e-01 1.19717408e-01 1.19820383e-01 1.19922833e-01
 1.20024759e-01 1.20126162e-01 1.20227039e-01 1.20327393e-01
 1.20427221e-01 1.20526524e-01 1.20625303e-01 1.20723555e-01
 1.20821282e-01 1.20918484e-01 1.21015159e-01 1.21111308e-01
 1.21206931e-01 1.21302027e-01 1.21396597e-01 1.21490640e-01
 1.21584155e-01 1.21677144e-01 1.21769605e-01 1.21861538e-01
 1.21952943e-01 1.22043821e-01 1.22134171e-01 1.22223992e-01
 1.22313285e-01 1.22402049e-01 1.22490284e-01 1.22577991e-01
 1.22665168e-01 1.22751817e-01 1.22837935e-01 1.22923525e-01
 1.23008584e-01 1.23093114e-01 1.23177114e-01 1.23260583e-01
 1.23343522e-01 1.23425931e-01 1.23507809e-01 1.23589157e-01
 1.23669973e-01 1.23750259e-01 1.23830013e-01 1.23909236e-01
 1.23987927e-01 1.24066087e-01 1.24143715e-01 1.24220811e-01
 1.24297375e-01 1.24373406e-01 1.24448906e-01 1.24523873e-01
 1.24598307e-01 1.24672208e-01 1.24745576e-01 1.24818412e-01
 1.24890713e-01 1.24962482e-01 1.25033717e-01 1.25104418e-01
 1.25174585e-01 1.25244219e-01 1.25313318e-01 1.25381882e-01
 1.25449912e-01 1.25517408e-01 1.25584368e-01 1.25650794e-01
 1.25716684e-01 1.25782039e-01 1.25846858e-01 1.25911141e-01
 1.25974889e-01 1.26038100e-01 1.26100775e-01 1.26162913e-01
 1.26224514e-01 1.26285579e-01 1.26346106e-01 1.26406096e-01
 1.26465548e-01 1.26524462e-01 1.26582838e-01 1.26640676e-01
 1.26697975e-01 1.26754735e-01 1.26810955e-01 1.26866636e-01
 1.26921778e-01 1.26976379e-01 1.27030440e-01 1.27083960e-01
 1.27136939e-01 1.27189377e-01 1.27241273e-01 1.27292626e-01
 1.27343437e-01 1.27393705e-01 1.27443430e-01 1.27492611e-01
 1.27541248e-01 1.27589340e-01 1.27636887e-01 1.27683889e-01
 1.27730344e-01 1.27776252e-01 1.27821614e-01 1.27866427e-01
 1.27910692e-01 1.27954408e-01 1.27997575e-01 1.28040191e-01
 1.28082256e-01 1.28123769e-01 1.28164730e-01 1.28205138e-01
 1.28244992e-01 1.28284291e-01 1.28323034e-01 1.28361221e-01
 1.28398850e-01 1.28435920e-01 1.28472431e-01 1.28508381e-01
 1.28543770e-01 1.28578595e-01 1.28612857e-01 1.28646554e-01
 1.28679683e-01 1.28712245e-01 1.28744238e-01 1.28775660e-01
 1.28806509e-01 1.28836785e-01 1.28866486e-01 1.28895609e-01
 1.28924153e-01 1.28952116e-01 1.28979497e-01 1.29006292e-01
 1.29032501e-01 1.29058121e-01 1.29083149e-01 1.29107583e-01
 1.29131421e-01 1.29154661e-01 1.29177298e-01 1.29199331e-01
 1.29220757e-01 1.29241572e-01 1.29261773e-01 1.29281358e-01
 1.29300321e-01 1.29318660e-01 1.29336371e-01 1.29353449e-01
 1.29369890e-01 1.29385691e-01 1.29400846e-01 1.29415350e-01
 1.29429199e-01 1.29442386e-01 1.29454907e-01 1.29466755e-01
 1.29477925e-01 1.29488409e-01 1.29498202e-01 1.29507295e-01
 1.29515682e-01 1.29523354e-01 1.29530304e-01 1.29536522e-01
 1.29542001e-01 1.29546729e-01 1.29550697e-01 1.29553895e-01
 1.29556312e-01 1.29557935e-01 1.29558753e-01 1.29558753e-01