2.75308690e-05 1.40306707e-04 3.22866972e-04 5.65148392e-04
 8.60382980e-04 1.20344969e-03 1.59027910e-03 2.01791119e-03
 2.48179567e-03 2.97898114e-03 3.50877780e-03 4.06868810e-03
 4.65674742e-03 5.27119871e-03 5.91043862e-03 6.57299105e-03
 7.25748919e-03 7.96266180e-03 8.68732214e-03 9.43035879e-03
 1.01907280e-02 1.09674471e-02 1.17595890e-02 1.25662769e-02
 1.33866805e-02 1.42200121e-02 1.50655229e-02 1.59225011e-02
 1.67902672e-02 1.76681733e-02 1.85556199e-02 1.94519921e-02
 2.03567083e-02 2.12692509e-02 2.21890969e-02 2.31157464e-02
 2.40487211e-02 2.49875607e-02 2.59318227e-02 2.68810813e-02
 2.78349268e-02 2.87929643e-02 2.97548132e-02 3.07201067e-02
 3.16884907e-02 3.26596234e-02 3.36331749e-02 3.46088263e-02
 3.55862697e-02 3.65652070e-02 3.75453501e-02 3.85264203e-02
 3.95081478e-02 4.04902712e-02 4.14725378e-02 4.24547022e-02
 4.34365274e-02 4.44177846e-02 4.53982383e-02 4.63776777e-02
 4.73559053e-02 4.83327100e-02 4.93078932e-02 5.02812629e-02
 5.12526322e-02 5.22218199e-02 5.31886499e-02 5.41529512e-02
 5.51145576e-02 5.60733074e-02 5.70290436e-02 5.79816134e-02
 5.89308683e-02 5.98766638e-02 6.08188595e-02 6.17573185e-02
 6.26919078e-02 6.36224979e-02 6.45489629e-02 6.54711800e-02
 6.63890298e-02 6.73023960e-02 6.82111654e-02 6.91152278e-02
 7.00144758e-02 7.09088047e-02 7.17981128e-02 7.26823008e-02
 7.35612721e-02 7.44349324e-02 7.53031899e-02 7.61659554e-02
 7.70231416e-02 7.78746637e-02 7.87204390e-02 7.95603868e-02
 8.03944286e-02 8.12224878e-02 8.20444898e-02 8.28603618e-02
 8.36700330e-02 8.44734344e-02 8.52704984e-02 8.60611596e-02
 8.68453539e-02 8.76230190e-02 8.83940941e-02 8.91585199e-02
 8.99162387e-02 9.06671942e-02 9.14113315e-02 9.21485971e-02
 9.28789389e-02 9.36023059e-02 9.43186487e-02 9.50279190e-02
 9.57300695e-02 9.64250545e-02 9.71128291e-02 9.77933499e-02
 9.84665732e-02 9.91324596e-02 9.97909664e-02 1.00442059e-01
 1.01085694e-01 1.01721838e-01 1.02350449e-01 1.02971492e-01
 1.03584932e-01 1.04190733e-01 1.04788866e-01 1.05379297e-01
 1.05961996e-01 1.06536929e-01 1.07104067e-01 1.07663380e-01
 1.08214841e-01 1.08758419e-01 1.09294088e-01 1.09821821e-01
 1.10341591e-01 1.10853372e-01 1.11357138e-01 1.11852866e-01
 1.12340531e-01 1.12820109e-01 1.13291577e-01 1.13754912e-01
 1.14210091e-01 1.14657093e-01 1.15095897e-01 1.15526480e-01
 1.15948823e-01 1.16362904e-01 1.16768705e-01 1.17166206e-01
 1.17555386e-01 1.17936228e-01 1.18308711e-01 1.18672819e-01
 1.19028531e-01 1.19375831e-01 1.19714701e-01 1.20045122e-01
 1.20367077e-01 1.20680548e-01 1.20985519e-01 1.21281970e-01
 1.21569885e-01 1.21849245e-01 1.22120033e-01 1.22382229e-01
 1.22635816e-01 1.22880773e-01 1.23117079e-01 1.23344715e-01
 1.23563658e-01 1.23773883e-01 1.23975367e-01 1.24168082e-01
 1.24352000e-01 1.24527089e-01 1.24693314e-01 1.24850637e-01
 1.24999016e-01 1.25138403e-01 1.25268744e-01 1.25389977e-01
 1.25502033e-01 1.25604829e-01 1.25698269e-01 1.25782242e-01
 1.25856613e-01 1.25921222e-01 1.25975873e-01 1.26020330e-01
 1.26054303e-01 1.26077431e-01 1.26089271e-01 1.26089271e-01