2.75308690e-05 3.08765342e-04 8.16310670e-04 1.50430317e-03
 2.34494603e-03 3.31371798e-03 4.39819423e-03 5.58557173e-03
 6.86437126e-03 8.22489011e-03 9.65861741e-03 1.11580008e-02
 1.27163202e-02 1.43275544e-02 1.59862631e-02 1.76874779e-02
 1.94266271e-02 2.11994905e-02 2.30021656e-02 2.48310362e-02
 2.66827393e-02 2.85541364e-02 3.04422922e-02 3.23444567e-02
 3.42580485e-02 3.61806401e-02 3.81099448e-02 4.00438062e-02
 4.19801870e-02 4.39171611e-02 4.58529047e-02 4.77856894e-02
 4.97138755e-02 5.16359060e-02 5.35503013e-02 5.54556543e-02
 5.73506255e-02 5.92339391e-02 6.11043785e-02 6.29607839e-02
 6.48020488e-02 6.66271170e-02 6.84349793e-02 7.02246715e-02
 7.19952716e-02 7.37458979e-02 7.54757068e-02 7.71838910e-02
 7.88696779e-02 8.05323273e-02 8.21711306e-02 8.37854090e-02
 8.53745121e-02 8.69378167e-02 8.84747258e-02 8.99846671e-02
 9.14670923e-02 9.29214759e-02 9.43473144e-02 9.57441253e-02
 9.71114463e-02 9.84488348e-02 9.97558667e-02 1.01032136e-01
 1.02277254e-01 1.03490848e-01 1.04672563e-01 1.05822058e-01
 1.06939007e-01 1.08023100e-01 1.09074039e-01 1.10091541e-01
 1.11075333e-01 1.12025157e-01 1.12940767e-01 1.13821926e-01
 1.14668410e-01 1.15480005e-01 1.16256506e-01 1.16997718e-01
 1.17703455e-01 1.18373539e-01 1.19007801e-01 1.19606076e-01
 1.20168210e-01 1.20694052e-01 1.21183457e-01 1.21636282e-01
 1.22052391e-01 1.22431646e-01 1.22773911e-01 1.23079046e-01
 1.23346903e-01 1.23577324e-01 1.23770129e-01 1.23925107e-01
 1.24041993e-01 1.24120443e-01 1.24159992e-01 1.24159992e-01