0
2.3577E+06
3.2974E+06
4.5553E+06
5.5727E+06
6.8356E+06
7.7885E+06
8.9343E+06
1.0122E+07
1.1161E+07
1.2351E+07
1.3289E+07
1.4313E+07
1.5378E+07
1.6791E+07
1.7768E+07
1.9069E+07
2.0307E+07
2.1383E+07
2.2299E+07
2.3707E+07
2.4697E+07
2.571E+07
2.6982E+07
2.832E+07
2.9278E+07
3.0388E+07
3.1215E+07
3.2511E+07
3.35E+07
3.4979E+07
3.6006E+07
3.7088E+07
3.8392E+07
3.9403E+07
4.0255E+07
4.1309E+07
4.2596E+07
4.3618E+07
4.4704E+07
4.6045E+07
4.7149E+07
4.82E+07
4.931E+07
5.0421E+07
5.1491E+07
5.2669E+07
5.3668E+07
5.4756E+07
5.6187E+07
5.7018E+07
5.81E+07
5.9101E+07
6.0256E+07
6.1533E+07
6.2459E+07
6.3804E+07
6.5034E+07
6.612E+07
6.7151E+07
6.8375E+07
6.94E+07
7.0725E+07
7.1955E+07
7.2749E+07
7.3824E+07
7.4883E+07
7.6201E+07
7.7288E+07
7.83E+07
7.9295E+07
8.0574E+07
8.1326E+07
8.2491E+07
8.3423E+07
8.4574E+07
8.5967E+07
8.7087E+07
8.8007E+07
8.9227E+07
9.0342E+07
9.137E+07
9.2244E+07
9.3492E+07
9.4686E+07
9.5472E+07
9.6678E+07
9.7933E+07
9.8854E+07
1.0007E+08
1.0141E+08
1.0223E+08
1.0321E+08
1.0415E+08
1.0527E+08
1.0637E+08
1.0765E+08
1.0876E+08
1.0993E+08
1.1085E+08
1.1218E+08
1.1317E+08
1.1425E+08
1.1521E+08
1.1649E+08
1.1752E+08
1.1848E+08
1.1959E+08
1.2062E+08
1.2161E+08
1.2276E+08
1.2392E+08
1.2498E+08
1.262E+08
1.2692E+08
1.2822E+08
1.2912E+08
1.3037E+08
1.3127E+08
1.3246E+08
1.335E+08
1.3463E+08
1.3566E+08
1.3661E+08
1.3754E+08
1.3884E+08
1.4014E+08
1.4108E+08
1.4194E+08
1.4286E+08
1.4405E+08
1.4509E+08
1.459E+08
1.4719E+08
1.4816E+08
1.4919E+08
1.5018E+08
1.5137E+08
1.5233E+08
1.5335E+08
1.5453E+08
1.5547E+08
1.5656E+08
1.5762E+08
1.5873E+08
1.5959E+08
1.6054E+08
1.6142E+08
1.6264E+08
1.636E+08
1.6467E+08
1.6569E+08
1.6668E+08
1.6795E+08
1.6892E+08
1.6994E+08
1.7104E+08
1.7195E+08
1.7299E+08
1.7401E+08
1.7484E+08
1.7605E+08
1.7718E+08
1.7804E+08
1.792E+08
1.8016E+08
1.8099E+08
1.8201E+08
1.8316E+08
1.8406E+08
1.8505E+08
1.8586E+08
1.8703E+08
1.8779E+08
1.8905E+08
1.9006E+08
1.911E+08
1.9188E+08
1.9326E+08
1.9402E+08
1.9503E+08
1.962E+08
1.9714E+08
1.9787E+08
1.9913E+08
1.9994E+08
2.0116E+08
2.0171E+08
2.029E+08
2.0383E+08
2.0487E+08
2.0568E+08
2.0663E+08
2.0766E+08
2.0871E+08
2.0948E+08
2.1046E+08
2.1129E+08
2.124E+08
2.133E+08
2.1432E+08
2.1513E+08
2.1621E+08
2.1739E+08
2.1814E+08
2.1906E+08
2.2031E+08
2.2086E+08
2.22E+08
2.2266E+08
2.2394E+08
2.2468E+08
2.2565E+08
2.2639E+08
2.2723E+08
2.2826E+08
2.2911E+08
2.2998E+08
2.3126E+08
2.3202E+08
2.3305E+08
2.341E+08
2.3483E+08
2.3593E+08
2.3548E+08
2.3744E+08
2.3829E+08
2.3932E+08
2.4038E+08
2.3997E+08
2.4093E+08
2.4285E+08
2.4374E+08
2.4457E+08
2.4443E+08
2.4538E+08
2.4627E+08
2.4813E+08
2.49E+08
2.4976E+08
2.5063E+08
2.5151E+08
2.5264E+08
2.534E+08
2.5321E+08
2.5412E+08
2.55E+08
2.5586E+08
2.5671E+08
2.5756E+08
2.5843E+08
2.5927E+08
2.6012E+08
2.6097E+08
2.6181E+08
2.6265E+08
2.635E+08
2.6433E+08
2.6517E+08
2.6601E+08
2.6684E+08
2.6766E+08
2.6849E+08
2.6932E+08
2.7014E+08
2.7095E+08
2.7178E+08
2.7259E+08
2.734E+08
2.7422E+08
2.7503E+08
2.7583E+08
2.7663E+08
2.7743E+08
2.7824E+08
2.7903E+08
2.7983E+08
2.8062E+08
2.8141E+08
2.8219E+08
2.8298E+08
2.8375E+08
2.8453E+08
2.8532E+08
2.8608E+08
2.8686E+08
2.8763E+08
2.884E+08
2.8917E+08
2.8992E+08
2.9068E+08
2.9143E+08
2.9219E+08
2.9294E+08
2.9369E+08
2.9444E+08
2.9518E+08
2.9592E+08
2.9667E+08
2.974E+08
2.9813E+08
2.9886E+08
2.9959E+08
3.0032E+08
3.0104E+08
3.0176E+08
3.0248E+08
3.0319E+08
3.039E+08
3.0461E+08
3.0532E+08
3.0602E+08
3.0672E+08
3.0742E+08
3.0811E+08
3.0881E+08
3.0951E+08
3.1019E+08
3.1088E+08
3.1156E+08
3.1223E+08
3.1291E+08
3.1359E+08
3.1426E+08
3.1493E+08
3.1559E+08
3.1625E+08
3.1692E+08
3.1756E+08
3.1822E+08
3.1887E+08
3.1952E+08
3.2016E+08
3.208E+08
3.2144E+08
3.2208E+08
3.227E+08
3.2335E+08
3.2396E+08
3.2459E+08
3.252E+08
3.2583E+08
3.2644E+08
3.2706E+08
3.2767E+08
3.2827E+08
3.2887E+08
3.2948E+08
3.3007E+08
3.3066E+08
3.3126E+08
3.3185E+08
3.3243E+08
3.3301E+08
3.336E+08
3.3416E+08
3.3474E+08
3.3531E+08
3.3588E+08
3.3644E+08
3.3701E+08
3.3756E+08
3.381E+08
3.3866E+08
3.3921E+08
3.3975E+08
3.403E+08
3.4083E+08
3.4137E+08
3.419E+08
3.4243E+08
3.4296E+08
3.4347E+08
3.44E+08
3.4451E+08
3.4502E+08
3.4553E+08
3.4603E+08
3.4653E+08
3.4704E+08
3.4753E+08
3.4801E+08
3.4851E+08
3.4899E+08
3.4948E+08
3.4996E+08
3.5043E+08
3.5091E+08
3.5137E+08
3.5184E+08
3.523E+08
3.5275E+08
3.5322E+08
3.5366E+08
3.5412E+08
3.5455E+08
3.55E+08
3.5545E+08
3.5587E+08
3.5632E+08
3.5674E+08
3.5716E+08
3.5759E+08
3.58E+08
3.5841E+08
3.5883E+08
3.5923E+08
3.5964E+08
3.6004E+08
3.6043E+08
3.6083E+08
3.6122E+08
3.616E+08
3.6199E+08
3.6237E+08
3.6275E+08
3.6312E+08
3.6349E+08
3.6386E+08
3.6421E+08
3.6457E+08
3.6492E+08
3.6528E+08
3.6563E+08
3.6596E+08
3.6631E+08
3.6664E+08
3.6697E+08
3.6731E+08
3.6763E+08
3.6795E+08
3.6827E+08
3.6859E+08
3.689E+08
3.6921E+08
3.6952E+08
3.6982E+08
3.7013E+08
3.7041E+08
3.707E+08
3.7099E+08
3.7127E+08
3.7155E+08
3.7183E+08
3.721E+08
3.7236E+08
3.7263E+08
3.7289E+08
3.7315E+08
3.7341E+08
3.7365E+08
3.7391E+08
3.7415E+08
3.7437E+08
3.7461E+08
3.7485E+08
3.7507E+08
3.7529E+08
3.7552E+08
3.7574E+08
3.7595E+08
3.7616E+08
3.7637E+08
3.7658E+08
3.7677E+08
3.7697E+08
3.7716E+08
3.7736E+08
3.7753E+08
3.7772E+08
3.7789E+08
3.7807E+08
3.7823E+08
3.7841E+08
3.7857E+08
3.7872E+08
3.7887E+08
3.7902E+08
3.7917E+08
3.7932E+08
3.7946E+08
3.796E+08
3.7973E+08
3.7987E+08
3.8E+08
3.8012E+08
3.8024E+08
3.8036E+08
3.8048E+08
3.8058E+08
3.8068E+08
3.8081E+08
3.8089E+08
3.8098E+08
3.8108E+08
3.8116E+08
3.8125E+08
3.8133E+08
3.814E+08
3.8148E+08
3.8155E+08
3.8162E+08
3.8169E+08
3.8175E+08
3.8181E+08
3.8187E+08
3.8192E+08
3.8197E+08
3.8201E+08
3.8205E+08
3.8209E+08
3.8213E+08
3.8216E+08
3.8219E+08
3.8221E+08
3.8224E+08
3.8225E+08
3.8228E+08
3.8229E+08
3.8232E+08
3.8231E+08
3.8232E+08
3.8232E+08
3.8232E+08
3.8232E+08
3.8231E+08
3.823E+08
3.8228E+08
3.8227E+08
3.8225E+08
3.8223E+08
3.8222E+08
3.8219E+08
3.8216E+08
3.8213E+08
3.821E+08
3.8207E+08
3.8203E+08
3.8199E+08
3.8194E+08
3.819E+08
3.8184E+08
3.8179E+08
3.8174E+08
3.8168E+08
3.8163E+08
3.8158E+08
3.8151E+08
3.8146E+08
3.8139E+08
3.8133E+08
3.8126E+08
3.8119E+08
3.8111E+08
3.8103E+08
3.8096E+08
3.8088E+08
3.808E+08
3.8072E+08
3.8064E+08
3.8055E+08
3.8047E+08
3.8039E+08
3.8031E+08
3.8022E+08
3.8014E+08
3.8004E+08
3.7995E+08
3.7985E+08
3.7975E+08
3.7966E+08
3.7956E+08
3.7947E+08
3.7936E+08
3.7928E+08
3.7919E+08
3.7908E+08
3.79E+08
3.7888E+08
3.7879E+08
3.7868E+08
3.7859E+08
3.7849E+08
3.7838E+08
3.7828E+08
3.7818E+08
3.7807E+08
3.7797E+08
3.7787E+08
3.7778E+08
3.7769E+08
3.776E+08
3.775E+08
3.7741E+08
3.7731E+08
3.7723E+08
3.7713E+08
3.7703E+08
3.7694E+08
3.7686E+08
3.7676E+08
3.7668E+08
3.7658E+08
3.765E+08
3.7641E+08
3.7634E+08
3.7626E+08
3.7619E+08
3.7613E+08
3.7606E+08
3.7599E+08
3.7594E+08
3.7589E+08
3.7583E+08
3.7576E+08
3.7569E+08
3.7561E+08
3.7554E+08
3.7543E+08
3.7534E+08
3.7521E+08
3.7507E+08
3.7492E+08
3.7476E+08
3.7455E+08
3.7432E+08
3.7406E+08
3.7378E+08
3.7344E+08
3.7307E+08
3.7263E+08
3.7213E+08
3.7154E+08
3.7084E+08
3.7002E+08
3.6903E+08
3.678E+08
3.6627E+08
3.6435E+08
3.6185E+08
3.5843E+08
3.5368E+08
3.4651E+08
3.3492E+08
3.1804E+08
3.7413E+08