0
8.148E+05
1.5206E+06
2.2558E+06
2.9984E+06
3.7301E+06
4.482E+06
5.225E+06
5.966E+06
6.7242E+06
7.4508E+06
8.1999E+06
8.9432E+06
9.6918E+06
1.0442E+07
1.1187E+07
1.1934E+07
1.2675E+07
1.3419E+07
1.4166E+07
1.4911E+07
1.5659E+07
1.64E+07
1.7151E+07
1.7895E+07
1.8633E+07
1.9382E+07
2.013E+07
2.0874E+07
2.1623E+07
2.2363E+07
2.3111E+07
2.3859E+07
2.4602E+07
2.5348E+07
2.6092E+07
2.6836E+07
2.7585E+07
2.8328E+07
2.9076E+07
2.9825E+07
3.0569E+07
3.1312E+07
3.2058E+07
3.2805E+07
3.3552E+07
3.4293E+07
3.5041E+07
3.5789E+07
3.6531E+07
3.728E+07
3.8023E+07
3.8769E+07
3.9514E+07
4.026E+07
4.1005E+07
4.1753E+07
4.2496E+07
4.3242E+07
4.3987E+07
4.4736E+07
4.5482E+07
4.6227E+07
4.697E+07
4.7715E+07
4.8464E+07
4.9208E+07
4.9952E+07
5.0698E+07
5.1446E+07
5.2189E+07
5.2937E+07
5.3682E+07
5.4426E+07
5.5174E+07
5.5917E+07
5.6665E+07
5.7408E+07
5.8153E+07
5.8899E+07
5.9644E+07
6.0391E+07
6.1139E+07
6.1882E+07
6.263E+07
6.3372E+07
6.412E+07
6.4864E+07
6.5611E+07
6.6355E+07
6.71E+07
6.7847E+07
6.8594E+07
6.9337E+07
7.0084E+07
7.083E+07
7.1574E+07
7.2322E+07
7.3067E+07
7.3813E+07
7.4557E+07
7.5302E+07
7.6048E+07
7.6794E+07
7.7539E+07
7.8287E+07
7.9031E+07
7.9776E+07
8.0521E+07
8.1269E+07
8.2012E+07
8.276E+07
8.3504E+07
8.4256E+07
8.5001E+07
8.5741E+07
8.6486E+07
8.7234E+07
8.7977E+07
8.8723E+07
8.9472E+07
9.0215E+07
9.0961E+07
9.1709E+07
9.2452E+07
9.3197E+07
9.3943E+07
9.4688E+07
9.5433E+07
9.6179E+07
9.6929E+07
9.7676E+07
9.8416E+07
9.9162E+07
9.9908E+07
1.0065E+08
1.014E+08
1.0214E+08
1.0289E+08
1.0363E+08
1.0438E+08
1.0513E+08
1.0587E+08
1.0662E+08
1.0736E+08
1.0811E+08
1.0885E+08
1.096E+08
1.1034E+08
1.1109E+08
1.1184E+08
1.1258E+08
1.1333E+08
1.1407E+08
1.1482E+08
1.1556E+08
1.1631E+08
1.1706E+08
1.178E+08
1.1855E+08
1.1929E+08
1.2004E+08
1.2078E+08
1.2153E+08
1.2228E+08
1.2302E+08
1.2376E+08
1.2451E+08
1.2526E+08
1.26E+08
1.2675E+08
1.275E+08
1.2825E+08
1.29E+08
1.2973E+08
1.3048E+08
1.3122E+08
1.3197E+08
1.3271E+08
1.3347E+08
1.342E+08
1.3495E+08
1.3569E+08
1.3644E+08
1.3718E+08
1.3793E+08
1.3868E+08
1.3942E+08
1.4017E+08
1.4091E+08
1.4167E+08
1.4241E+08
1.4315E+08
1.439E+08
1.4464E+08
1.454E+08
1.4613E+08
1.4689E+08
1.4762E+08
1.4838E+08
1.4911E+08
1.4986E+08
1.5061E+08
1.5135E+08
1.521E+08
1.5285E+08
1.5359E+08
1.5434E+08
1.5508E+08
1.5582E+08
1.5657E+08
1.5732E+08
1.5807E+08
1.5882E+08
1.5955E+08
1.603E+08
1.6106E+08
1.6179E+08
1.6254E+08
1.6329E+08
1.6403E+08
1.6478E+08
1.6553E+08
1.6628E+08
1.6701E+08
1.6776E+08
1.685E+08
1.6926E+08
1.7E+08
1.7075E+08
1.7149E+08
1.7224E+08
1.7298E+08
1.7372E+08
1.7447E+08
1.7522E+08
1.7596E+08
1.7671E+08
1.7745E+08
1.7819E+08
1.7894E+08
1.7969E+08
1.8043E+08
1.8118E+08
1.8193E+08
1.8267E+08
1.8341E+08
1.8417E+08
1.849E+08
1.8566E+08
1.864E+08
1.8714E+08
1.879E+08
1.8863E+08
1.8938E+08
1.9012E+08
1.9087E+08
1.9163E+08
1.9236E+08
1.931E+08
1.9385E+08
1.9459E+08
1.9534E+08
1.961E+08
1.9683E+08
1.9758E+08
1.9832E+08
1.9907E+08
1.9982E+08
2.0056E+08
2.013E+08
2.0206E+08
2.028E+08
2.0355E+08
2.0429E+08
2.0504E+08
2.0579E+08
2.0652E+08
2.0727E+08
2.0802E+08
2.0876E+08
2.0951E+08
2.1026E+08
2.1101E+08
2.1174E+08
2.125E+08
2.1324E+08
2.1398E+08
2.1473E+08
2.1547E+08
2.1622E+08
2.1697E+08
2.1771E+08
2.1846E+08
2.192E+08
2.1995E+08
2.207E+08
2.2144E+08
2.2219E+08
2.2293E+08
2.2368E+08
2.2442E+08
2.2516E+08
2.2591E+08
2.2667E+08
2.2741E+08
2.2815E+08
2.289E+08
2.2964E+08
2.3038E+08
2.3114E+08
2.3188E+08
2.3262E+08
2.3337E+08
2.3412E+08
2.3486E+08
2.356E+08
2.3635E+08
2.3709E+08
2.3784E+08
2.3858E+08
2.3934E+08
2.4008E+08
2.4082E+08
2.4157E+08
2.4232E+08
2.4306E+08
2.4381E+08
2.4456E+08
2.453E+08
2.4605E+08
2.4679E+08
2.4754E+08
2.4828E+08
2.4902E+08
2.4977E+08
2.5051E+08
2.5126E+08
2.52E+08
2.5274E+08
2.5348E+08
2.5423E+08
2.5497E+08
2.5571E+08
2.5646E+08
2.572E+08
2.5794E+08
2.5868E+08
2.5942E+08
2.6017E+08
2.6091E+08
2.6165E+08
2.6239E+08
2.6313E+08
2.6387E+08
2.6462E+08
2.6536E+08
2.661E+08
2.6684E+08
2.6758E+08
2.6832E+08
2.6906E+08
2.6981E+08
2.7055E+08
2.7129E+08
2.7203E+08
2.7277E+08
2.7352E+08
2.7426E+08
2.75E+08
2.7574E+08
2.7648E+08
2.7722E+08
2.7796E+08
2.787E+08
2.7944E+08
2.8017E+08
2.8088E+08
2.8161E+08
2.8233E+08
2.8305E+08
2.8376E+08
2.8448E+08
2.852E+08
2.8592E+08
2.8664E+08
2.8736E+08
2.8807E+08
2.8879E+08
2.8951E+08
2.9022E+08
2.9094E+08
2.9166E+08
2.9237E+08
2.9307E+08
2.9376E+08
2.9445E+08
2.9514E+08
2.9582E+08
2.9649E+08
2.9718E+08
2.9785E+08
2.9853E+08
2.9921E+08
2.9989E+08
3.0057E+08
3.0124E+08
3.0193E+08
3.026E+08
3.0328E+08
3.0392E+08
3.0456E+08
3.0521E+08
3.0583E+08
3.0648E+08
3.071E+08
3.0775E+08
3.0837E+08
3.0901E+08
3.0963E+08
3.1027E+08
3.1089E+08
3.1152E+08
3.1214E+08
3.1277E+08
3.1339E+08
3.1397E+08
3.1457E+08
3.1514E+08
3.1573E+08
3.1631E+08
3.1689E+08
3.1744E+08
3.1803E+08
3.186E+08
3.1917E+08
3.1974E+08
3.203E+08
3.2087E+08
3.2143E+08
3.22E+08
3.2254E+08
3.2308E+08
3.236E+08
3.2412E+08
3.2464E+08
3.2515E+08
3.2566E+08
3.2617E+08
3.2668E+08
3.2719E+08
3.2768E+08
3.2819E+08
3.2868E+08
3.2919E+08
3.2969E+08
3.3017E+08
3.3068E+08
3.3115E+08
3.3161E+08
3.3206E+08
3.3251E+08
3.3295E+08
3.3339E+08
3.3383E+08
3.3428E+08
3.3471E+08
3.3514E+08
3.3557E+08
3.3599E+08
3.3641E+08
3.3684E+08
3.3725E+08
3.3768E+08
3.3809E+08
3.3851E+08
3.389E+08
3.3928E+08
3.3966E+08
3.4002E+08
3.4038E+08
3.4075E+08
3.4112E+08
3.4148E+08
3.4183E+08
3.4218E+08
3.4253E+08
3.4289E+08
3.4322E+08
3.4356E+08
3.439E+08
3.4424E+08
3.4457E+08
3.449E+08
3.4523E+08
3.4554E+08
3.4584E+08
3.4613E+08
3.4641E+08
3.4672E+08
3.4698E+08
3.4726E+08
3.4755E+08
3.4781E+08
3.4809E+08
3.4834E+08
3.486E+08
3.4886E+08
3.4912E+08
3.4937E+08
3.4962E+08
3.4987E+08
3.5011E+08
3.5036E+08
3.5058E+08
3.5081E+08
3.5101E+08
3.5121E+08
3.5142E+08
3.5162E+08
3.5181E+08
3.52E+08
3.5219E+08
3.5238E+08
3.5255E+08
3.5273E+08
3.5291E+08
3.5308E+08
3.5323E+08
3.5342E+08
3.5357E+08
3.5373E+08
3.5388E+08
3.5405E+08
3.542E+08
3.5433E+08
3.5445E+08
3.5458E+08
3.5469E+08
3.5481E+08
3.5492E+08
3.5503E+08
3.5513E+08
3.5522E+08
3.5533E+08
3.5542E+08
3.5552E+08
3.556E+08
3.5569E+08
3.5577E+08
3.5585E+08
3.5593E+08
3.56E+08
3.5607E+08
3.5613E+08
3.5619E+08
3.5626E+08
3.563E+08
3.5634E+08
3.5638E+08
3.5641E+08
3.5646E+08
3.5648E+08
3.5651E+08
3.5652E+08
3.5653E+08
3.5655E+08
3.5656E+08
3.5657E+08
3.5659E+08
3.5659E+08
3.566E+08
3.566E+08
3.5659E+08
3.5659E+08
3.5658E+08
3.5657E+08
3.5656E+08
3.5653E+08
3.5649E+08
3.5645E+08
3.5643E+08
3.564E+08
3.5636E+08
3.5632E+08
3.5628E+08
3.5623E+08
3.5619E+08
3.5613E+08
3.5607E+08
3.5603E+08
3.5598E+08
3.5592E+08
3.5587E+08
3.558E+08
3.5574E+08
3.5568E+08
3.556E+08
3.5553E+08
3.5546E+08
3.5538E+08
3.553E+08
3.5521E+08
3.5513E+08
3.5504E+08
3.5496E+08
3.5487E+08
3.5479E+08
3.547E+08
3.546E+08
3.5452E+08
3.5441E+08
3.5432E+08
3.5425E+08
3.5416E+08
3.5406E+08
3.5397E+08
3.5388E+08
3.5377E+08
3.5367E+08
3.5356E+08
3.5344E+08
3.5335E+08
3.5324E+08
3.5313E+08
3.5303E+08
3.5293E+08
3.5282E+08
3.5271E+08
3.5261E+08
3.5251E+08
3.524E+08
3.523E+08
3.522E+08
3.5211E+08
3.5202E+08
3.5192E+08
3.5183E+08
3.5172E+08
3.5164E+08
3.5153E+08
3.5142E+08
3.5135E+08
3.5122E+08
3.5111E+08
3.5101E+08
3.509E+08
3.5082E+08
3.5072E+08
3.5065E+08
3.5057E+08
3.5049E+08
3.504E+08
3.5033E+08
3.5026E+08
3.5018E+08
3.5011E+08
3.5004E+08
3.4997E+08
3.499E+08
3.4985E+08
3.4977E+08
3.497E+08
3.4964E+08
3.4959E+08
3.495E+08
3.4945E+08
3.4934E+08
3.4923E+08
3.4909E+08
3.4891E+08
3.4871E+08
3.4849E+08
3.4822E+08
3.4792E+08
3.4759E+08
3.4722E+08
3.4681E+08
3.4635E+08
3.4582E+08
3.4523E+08
3.4455E+08
3.4375E+08
3.4284E+08
3.4175E+08
3.4043E+08
3.3881E+08
3.3678E+08
3.3419E+08
3.3068E+08
3.2586E+08
3.1854E+08
3.0706E+08
3.1266E+08
3.1808E+08
3.1875E+08
3.1945E+08