 9.57964318e-07 3.34398332e-06 5.49718701e-06 7.49774981e-06
 9.38089597e-06 1.11754538e-05 1.28924535e-05 1.45386741e-05
 1.61242823e-05 1.76562246e-05 1.91385647e-05 2.05750041e-05
 2.19686726e-05 2.33222727e-05 2.46381462e-05 2.59183532e-05
 2.71647158e-05 2.83788565e-05 2.95622281e-05 3.07161423e-05
 3.18417878e-05 3.29402500e-05 3.40125207e-05 3.50595123e-05
 3.60820656e-05 3.70809585e-05 3.80569133e-05 3.90106008e-05
 3.99426484e-05 4.08536402e-05 4.17441269e-05 4.26146230e-05
 4.34656142e-05 4.42975561e-05 4.51108777e-05 4.59059865e-05
 4.66832666e-05 4.74430851e-05 4.81857875e-05 4.89117041e-05
 4.96211468e-05 5.03144151e-05 5.09917915e-05 5.16535499e-05
 5.22999465e-05 5.29312328e-05 5.35476423e-05 5.41494040e-05
 5.47367315e-05 5.53098304e-05 5.58688993e-05 5.64141270e-05
 5.69457012e-05 5.74637960e-05 5.79685840e-05 5.84602250e-05
 5.89388776e-05 5.94046908e-05 5.98578111e-05 6.02983758e-05
 6.07265186e-05 6.11423670e-05 6.15460461e-05 6.19376772e-05
 6.23173757e-05 6.26852534e-05 6.30414150e-05 6.33859636e-05
 6.37189972e-05 6.40406108e-05 6.43508951e-05 6.46499375e-05
 6.49378214e-05 6.52146268e-05 6.54804303e-05 6.57353047e-05
 6.59793196e-05 6.62125409e-05 6.64350313e-05 6.66468495e-05
 6.68480511e-05 6.70386874e-05 6.72188061e-05 6.73884508e-05
 6.75476603e-05 6.76964688e-05 6.78349047e-05 6.79629904e-05
 6.80807411e-05 6.81881637e-05 6.82852549e-05 6.83719998e-05
 6.84483681e-05 6.85143113e-05 6.85697564e-05 6.86145978e-05
 6.86486818e-05 6.86717811e-05 6.86835715e-05 6.86835715e-05