 9.57964318e-07 2.15185585e-06 3.25977842e-06 4.31006837e-06
 5.31618330e-06 6.28413750e-06 7.22029622e-06 8.13014498e-06
 9.01542658e-06 9.87832946e-06 1.07206687e-05 1.15439519e-05
 1.23494580e-05 1.31382839e-05 1.39113834e-05 1.46695943e-05
 1.54136591e-05 1.61442414e-05 1.68619383e-05 1.75672903e-05
 1.82607898e-05 1.89428869e-05 1.96139955e-05 2.02744975e-05
 2.09247466e-05 2.15650713e-05 2.21957779e-05 2.28171525e-05
 2.34294635e-05 2.40329626e-05 2.46278871e-05 2.52144607e-05
 2.57928946e-05 2.63633892e-05 2.69261341e-05 2.74813098e-05
 2.80290879e-05 2.85696318e-05 2.91030991e-05 2.96296191e-05
 3.01493461e-05 3.06624353e-05 3.11690037e-05 3.16691763e-05
 3.21630724e-05 3.26508072e-05 3.31324916e-05 3.36082321e-05
 3.40781313e-05 3.45422882e-05 3.50007983e-05 3.54537534e-05
 3.59012426e-05 3.63433517e-05 3.67801636e-05 3.72117588e-05
 3.76382148e-05 3.80596068e-05 3.84760078e-05 3.88874884e-05
 3.92941169e-05 3.96959598e-05 4.00930816e-05 4.04855448e-05
 4.08734100e-05 4.12567364e-05 4.16355812e-05 4.20100003e-05
 4.23800478e-05 4.27457764e-05 4.31072376e-05 4.34644814e-05
 4.38175562e-05 4.41665091e-05 4.45113862e-05 4.48522326e-05
 4.51890928e-05 4.55220096e-05 4.58510247e-05 4.61761789e-05
 4.64975120e-05 4.68150632e-05 4.71288710e-05 4.74389750e-05
 4.77454135e-05 4.80482493e-05 4.83474102e-05 4.86429413e-05
 4.89349814e-05 4.92235241e-05 4.95085982e-05 4.97902312e-05
 5.00684526e-05 5.03432912e-05 5.06147751e-05 5.08829324e-05
 5.11477902e-05 5.14093754e-05 5.16677141e-05 5.19228320e-05
 5.21747538e-05 5.24235045e-05 5.26691081e-05 5.29115885e-05
 5.31509681e-05 5.33872686e-05 5.36205128e-05 5.38507238e-05
 5.40779267e-05 5.43021438e-05 5.45233962e-05 5.47417013e-05
 5.49570749e-05 5.51695339e-05 5.53790959e-05 5.55857819e-05
 5.57896115e-05 5.59906040e-05 5.61887766e-05 5.63841459e-05
 5.65767289e-05 5.67665421e-05 5.69536018e-05 5.71379239e-05
 5.73195240e-05 5.74984176e-05 5.76746195e-05 5.78481451e-05
 5.80190082e-05 5.81872230e-05 5.83528029e-05 5.85157617e-05
 5.86761131e-05 5.88338703e-05 5.89890469e-05 5.91416550e-05
 5.92917073e-05 5.94392156e-05 5.95841922e-05 5.97266487e-05
 5.98665967e-05 6.00040475e-05 6.01390121e-05 6.02715015e-05
 6.04015263e-05 6.05290969e-05 6.06542236e-05 6.07769165e-05
 6.08971852e-05 6.10150396e-05 6.11304888e-05 6.12435423e-05
 6.13542089e-05 6.14624975e-05 6.15684166e-05 6.16719747e-05
 6.17731798e-05 6.18720399e-05 6.19685628e-05 6.20627559e-05
 6.21546264e-05 6.22441815e-05 6.23314279e-05 6.24163720e-05
 6.24990202e-05 6.25793784e-05 6.26574523e-05 6.27332472e-05
 6.28067682e-05 6.28780200e-05 6.29470068e-05 6.30137325e-05
 6.30782006e-05 6.31404140e-05 6.32003753e-05 6.32580863e-05
 6.33135483e-05 6.33667619e-05 6.34177270e-05 6.34664425e-05
 6.35129065e-05 6.35571161e-05 6.35990669e-05 6.36387536e-05
 6.36761690e-05 6.37113043e-05 6.37441486e-05 6.37746888e-05
 6.38029087e-05 6.38287891e-05 6.38523069e-05 6.38734343e-05
 6.38921380e-05 6.39083779e-05 6.39221059e-05 6.39332638e-05
 6.39417809e-05 6.39475707e-05 6.39505285e-05 6.39505285e-05