 4.95210178e-05 4.93662283e-05 4.92157849e-05 4.90689128e-05
 4.89250846e-05 4.87839196e-05 4.86451277e-05 4.85084819e-05
 4.83737972e-05 4.82409216e-05 4.81097262e-05 4.79801019e-05
 4.78519539e-05 4.77251995e-05 4.75997660e-05 4.74755885e-05
 4.73526093e-05 4.72307760e-05 4.71100414e-05 4.69903626e-05
 4.68717001e-05 4.67540179e-05 4.66372827e-05 4.65214635e-05
 4.64065318e-05 4.62924611e-05 4.61792263e-05 4.60668043e-05
 4.59551732e-05 4.58443125e-05 4.57342030e-05 4.56248262e-05
 4.55161651e-05 4.54082031e-05 4.53009249e-05 4.51943157e-05
 4.50883614e-05 4.49830487e-05 4.48783649e-05 4.47742976e-05
 4.46708354e-05 4.45679670e-05 4.44656817e-05 4.43639693e-05
 4.42628199e-05 4.41622240e-05 4.40621724e-05 4.39626566e-05
 4.38636678e-05 4.37651981e-05 4.36672394e-05 4.35697842e-05
 4.34728252e-05 4.33763552e-05 4.32803673e-05 4.31848549e-05
 4.30898115e-05 4.29952308e-05 4.29011067e-05 4.28074334e-05
 4.27142051e-05 4.26214162e-05 4.25290614e-05 4.24371353e-05
 4.23456329e-05 4.22545491e-05 4.21638792e-05 4.20736183e-05
 4.19837618e-05 4.18943054e-05 4.18052445e-05 4.17165750e-05
 4.16282926e-05 4.15403933e-05 4.14528730e-05 4.13657279e-05
 4.12789543e-05 4.11925483e-05 4.11065064e-05 4.10208249e-05
 4.09355005e-05 4.08505297e-05 4.07659092e-05 4.06816357e-05
 4.05977060e-05 4.05141171e-05 4.04308658e-05 4.03479490e-05
 4.02653640e-05 4.01831078e-05 4.01011775e-05 4.00195703e-05
 3.99382836e-05 3.98573147e-05 3.97766609e-05 3.96963196e-05
 3.96162883e-05 3.95365645e-05 3.94571458e-05 3.93780298e-05
 3.92992140e-05 3.92206962e-05 3.91424741e-05 3.90645455e-05
 3.89869080e-05 3.89095596e-05 3.88324981e-05 3.87557215e-05
 3.86792276e-05 3.86030143e-05 3.85270798e-05 3.84514220e-05
 3.83760390e-05 3.83009288e-05 3.82260896e-05 3.81515195e-05
 3.80772167e-05 3.80031794e-05 3.79294058e-05 3.78558941e-05
 3.77826427e-05 3.77096498e-05 3.76369137e-05 3.75644328e-05
 3.74922055e-05 3.74202301e-05 3.73485051e-05 3.72770289e-05
 3.72057999e-05 3.71348167e-05 3.70640776e-05 3.69935814e-05
 3.69233263e-05 3.68533111e-05 3.67835343e-05 3.67139945e-05
 3.66446903e-05 3.65756203e-05 3.65067832e-05 3.64381776e-05
 3.63698022e-05 3.63016557e-05 3.62337368e-05 3.61660443e-05
 3.60985768e-05 3.60313331e-05 3.59643120e-05 3.58975123e-05
 3.58309328e-05 3.57645722e-05 3.56984295e-05 3.56325034e-05
 3.55667928e-05 3.55012965e-05 3.54360135e-05 3.53709427e-05
 3.53060828e-05 3.52414330e-05 3.51769920e-05 3.51127588e-05
 3.50487324e-05 3.49849117e-05 3.49212958e-05 3.48578835e-05
 3.47946738e-05 3.47316659e-05 3.46688587e-05 3.46062512e-05
 3.45438424e-05 3.44816315e-05 3.44196174e-05 3.43577992e-05
 3.42961760e-05 3.42347470e-05 3.41735110e-05 3.41124674e-05
 3.40516152e-05 3.39909534e-05 3.39304813e-05 3.38701980e-05
 3.38101026e-05 3.37501942e-05 3.36904721e-05 3.36309354e-05
 3.35715833e-05 3.35124149e-05 3.34534296e-05 3.33946263e-05
 3.33360045e-05 3.32775631e-05 3.32193016e-05 3.31612191e-05
 3.31033149e-05 3.30455882e-05 3.29880382e-05 3.29306643e-05
 3.28734657e-05 3.28164416e-05 3.27595913e-05 3.27029142e-05
 3.26464095e-05 3.25900764e-05 3.25339144e-05 3.24779227e-05
 3.24221006e-05 3.23664475e-05 3.23109626e-05 3.22556453e-05
 3.22004950e-05 3.21455110e-05 3.20906926e-05 3.20360392e-05
 3.19815501e-05 3.19272247e-05 3.18730625e-05 3.18190627e-05
 3.17652247e-05 3.17115479e-05 3.16580318e-05 3.16046757e-05
 3.15514790e-05 3.14984411e-05 3.14455614e-05 3.13928394e-05
 3.13402745e-05 3.12878660e-05 3.12356135e-05 3.11835163e-05
 3.11315738e-05 3.10797857e-05 3.10281511e-05 3.09766698e-05
 3.09253410e-05 3.08741642e-05 3.08231390e-05 3.07722647e-05
 3.07215409e-05 3.06709669e-05 3.06205424e-05 3.05702668e-05
 3.05201395e-05 3.04701602e-05 3.04203281e-05 3.03706429e-05
 3.03211041e-05 3.02717112e-05 3.02224636e-05 3.01733609e-05
 3.01244026e-05 3.00755883e-05 3.00269174e-05 2.99783895e-05
 2.99300041e-05 2.98817607e-05 2.98336589e-05 2.97856982e-05
 2.97378782e-05 2.96901984e-05 2.96426584e-05 2.95952577e-05
 2.95479959e-05 2.95008726e-05 2.94538872e-05 2.94070395e-05
 2.93603290e-05 2.93137553e-05 2.92673173e-05 2.92210143e-05
 2.91748459e-05 2.91288124e-05 2.90829142e-05 2.90371510e-05
 2.89915222e-05 2.89460269e-05 2.89006645e-05 2.88554346e-05
 2.88103370e-05 2.87653711e-05 2.87205367e-05 2.86758333e-05
 2.86312605e-05 2.85868180e-05 2.85425053e-05 2.84983221e-05
 2.84542681e-05 2.84103427e-05 2.83665458e-05 2.83228768e-05
 2.82793355e-05 2.82359214e-05 2.81926343e-05 2.81494737e-05
 2.81064393e-05 2.80635307e-05 2.80207476e-05 2.79780897e-05
 2.79355565e-05 2.78931478e-05 2.78508631e-05 2.78087022e-05
 2.77666647e-05 2.77247503e-05 2.76829587e-05 2.76412894e-05
 2.75997422e-05 2.75583168e-05 2.75170128e-05 2.74758299e-05
 2.74347677e-05 2.73938260e-05 2.73530045e-05 2.73123027e-05
 2.72717205e-05 2.72312574e-05 2.71909133e-05 2.71506876e-05
 2.71105803e-05 2.70705909e-05 2.70307191e-05 2.69909647e-05
 2.69513274e-05 2.69118067e-05 2.68724026e-05 2.68331146e-05
 2.67939425e-05 2.67548859e-05 2.67159446e-05 2.66771183e-05
 2.66384068e-05 2.65998096e-05 2.65613266e-05 2.65229575e-05
 2.64847019e-05 2.64465596e-05 2.64085304e-05 2.63706140e-05
 2.63328105e-05 2.62951196e-05 2.62575407e-05 2.62200733e-05
 2.61827165e-05 2.61454702e-05 2.61083339e-05 2.60713081e-05
 2.60343930e-05 2.59975888e-05 2.59608951e-05 2.59243114e-05
 2.58878371e-05 2.58514717e-05 2.58152150e-05 2.57790668e-05
 2.57430270e-05 2.57070951e-05 2.56712711e-05 2.56355547e-05
 2.55999455e-05 2.55644435e-05 2.55290483e-05 2.54937597e-05
 2.54585774e-05 2.54235013e-05 2.53885310e-05 2.53536664e-05
 2.53189072e-05 2.52842533e-05 2.52497042e-05 2.52152599e-05
 2.51809201e-05 2.51466846e-05 2.51125531e-05 2.50785254e-05
 2.50446013e-05 2.50107806e-05 2.49770631e-05 2.49434485e-05
 2.49099366e-05 2.48765272e-05 2.48432201e-05 2.48100151e-05
 2.47769119e-05 2.47439104e-05 2.47110103e-05 2.46782114e-05
 2.46455135e-05 2.46129164e-05 2.45804199e-05 2.45480237e-05
 2.45157279e-05 2.44835325e-05 2.44514374e-05 2.44194421e-05
 2.43875460e-05 2.43557486e-05 2.43240495e-05 2.42924490e-05
 2.42609469e-05 2.42295434e-05 2.41982380e-05 2.41670307e-05
 2.41359212e-05 2.41049093e-05 2.40739949e-05 2.40431776e-05
 2.40124574e-05 2.39818340e-05 2.39513073e-05 2.39208771e-05
 2.38905432e-05 2.38603054e-05 2.38301635e-05 2.38001173e-05
 2.37701667e-05 2.37403115e-05 2.37105515e-05 2.36808865e-05
 2.36513163e-05 2.36218409e-05 2.35924599e-05 2.35631732e-05
 2.35339807e-05 2.35048821e-05 2.34758773e-05 2.34469662e-05
 2.34181485e-05 2.33894241e-05 2.33607928e-05 2.33322544e-05
 2.33038088e-05 2.32754559e-05 2.32471954e-05 2.32190271e-05
 2.31909510e-05 2.31629669e-05 2.31350745e-05 2.31072738e-05
 2.30795645e-05 2.30519466e-05 2.30244197e-05 2.29969839e-05
 2.29696390e-05 2.29423847e-05 2.29152209e-05 2.28881475e-05
 2.28611643e-05 2.28342712e-05 2.28074679e-05 2.27807545e-05
 2.27541306e-05 2.27275962e-05 2.27011510e-05 2.26747951e-05
 2.26485281e-05 2.26223500e-05 2.25962606e-05 2.25702597e-05
 2.25443473e-05 2.25185232e-05 2.24927871e-05 2.24671391e-05
 2.24415789e-05 2.24161064e-05 2.23907214e-05 2.23654239e-05
 2.23402136e-05 2.23150905e-05 2.22900543e-05 2.22651051e-05
 2.22402425e-05 2.22154666e-05 2.21907770e-05 2.21661738e-05
 2.21416568e-05 2.21172258e-05 2.20928807e-05 2.20686214e-05
 2.20444478e-05 2.20203596e-05 2.19963569e-05 2.19724394e-05
 2.19486070e-05 2.19248596e-05 2.19011971e-05 2.18776193e-05
 2.18541261e-05 2.18307174e-05 2.18073930e-05 2.17841529e-05
 2.17609969e-05 2.17379249e-05 2.17149367e-05 2.16920323e-05
 2.16692115e-05 2.16464741e-05 2.16238202e-05 2.16012495e-05
 2.15787619e-05 2.15563573e-05 2.15340356e-05 2.15117967e-05
 2.14896404e-05 2.14675667e-05 2.14455754e-05 2.14236664e-05
 2.14018395e-05 2.13800948e-05 2.13584320e-05 2.13368510e-05
 2.13153518e-05 2.12939342e-05 2.12725981e-05 2.12513434e-05
 2.12301700e-05 2.12090777e-05 2.11880665e-05 2.11671363e-05
 2.11462869e-05 2.11255182e-05 2.11048302e-05 2.10842226e-05
 2.10636955e-05 2.10432487e-05 2.10228821e-05 2.10025956e-05
 2.09823890e-05 2.09622623e-05 2.09422155e-05 2.09222482e-05
 2.09023606e-05 2.08825524e-05 2.08628236e-05 2.08431741e-05
 2.08236037e-05 2.08041124e-05 2.07847000e-05 2.07653666e-05
 2.07461118e-05 2.07269358e-05 2.07078383e-05 2.06888193e-05
 2.06698786e-05 2.06510162e-05 2.06322320e-05 2.06135259e-05
 2.05948978e-05 2.05763476e-05 2.05578752e-05 2.05394804e-05
 2.05211633e-05 2.05029237e-05 2.04847616e-05 2.04666767e-05
 2.04486691e-05 2.04307387e-05 2.04128853e-05 2.03951089e-05
 2.03774094e-05 2.03597867e-05 2.03422406e-05 2.03247712e-05
 2.03073783e-05 2.02900619e-05 2.02728218e-05 2.02556579e-05
 2.02385703e-05 2.02215587e-05 2.02046232e-05 2.01877636e-05
 2.01709798e-05 2.01542717e-05 2.01376394e-05 2.01210826e-05
 2.01046013e-05 2.00881955e-05 2.00718650e-05 2.00556098e-05
 2.00394297e-05 2.00233248e-05 2.00072948e-05 1.99913398e-05
 1.99754597e-05 1.99596543e-05 1.99439237e-05 1.99282677e-05
 1.99126862e-05 1.98971792e-05 1.98817466e-05 1.98663884e-05
 1.98511043e-05 1.98358945e-05 1.98207587e-05 1.98056970e-05
 1.97907092e-05 1.97757952e-05 1.97609551e-05 1.97461887e-05
 1.97314960e-05 1.97168768e-05 1.97023312e-05 1.96878590e-05
 1.96734602e-05 1.96591347e-05 1.96448824e-05 1.96307033e-05
 1.96165972e-05 1.96025642e-05 1.95886042e-05 1.95747171e-05
 1.95609028e-05 1.95471612e-05 1.95334923e-05 1.95198961e-05
 1.95063725e-05 1.94929213e-05 1.94795426e-05 1.94662362e-05
 1.94530022e-05 1.94398404e-05 1.94267508e-05 1.94137333e-05
 1.94007879e-05 1.93879145e-05 1.93751130e-05 1.93623834e-05
 1.93497256e-05 1.93371396e-05 1.93246253e-05 1.93121827e-05
 1.92998116e-05 1.92875121e-05 1.92752840e-05 1.92631274e-05
 1.92510421e-05 1.92390282e-05 1.92270855e-05 1.92152140e-05
 1.92034137e-05 1.91916845e-05 1.91800263e-05 1.91684391e-05
 1.91569229e-05 1.91454775e-05 1.91341030e-05 1.91227993e-05
 1.91115664e-05 1.91004041e-05 1.90893125e-05 1.90782915e-05
 1.90673410e-05 1.90564611e-05 1.90456516e-05 1.90349126e-05
 1.90242439e-05 1.90136456e-05 1.90031175e-05 1.89926597e-05
 1.89822721e-05 1.89719547e-05 1.89617074e-05 1.89515302e-05
 1.89414230e-05 1.89313858e-05 1.89214187e-05 1.89115214e-05
 1.89016940e-05 1.88919366e-05 1.88822489e-05 1.88726310e-05
 1.88630829e-05 1.88536045e-05 1.88441958e-05 1.88348568e-05
 1.88255874e-05 1.88163877e-05 1.88072575e-05 1.87981968e-05
 1.87892057e-05 1.87802841e-05 1.87714319e-05 1.87626492e-05
 1.87539359e-05 1.87452920e-05 1.87367175e-05 1.87282123e-05
 1.87197765e-05 1.87114100e-05 1.87031128e-05 1.86948849e-05
 1.86867262e-05 1.86786368e-05 1.86706167e-05 1.86626657e-05
 1.86547840e-05 1.86469714e-05 1.86392281e-05 1.86315539e-05
 1.86239489e-05 1.86164129e-05 1.86089458e-05 1.86015484e-05
 1.85942206e-05 1.85869617e-05 1.85797719e-05 1.85726512e-05
 1.85655997e-05 1.85586173e-05 1.85517041e-05 1.85448601e-05
 1.85380853e-05 1.85313797e-05 1.85247432e-05 1.85181760e-05
 1.85116781e-05 1.85052494e-05 1.84988899e-05 1.84925998e-05
 1.84863789e-05 1.84802275e-05 1.84741453e-05 1.84681326e-05
 1.84621892e-05 1.84563154e-05 1.84505110e-05 1.84447761e-05
 1.84391107e-05 1.84335150e-05 1.84279889e-05 1.84225324e-05
 1.84171457e-05 1.84118288e-05 1.84065816e-05 1.84014044e-05
 1.83962970e-05 1.83912597e-05 1.83862924e-05 1.83813952e-05
 1.83765681e-05 1.83718113e-05 1.83671249e-05 1.83625088e-05
 1.83579632e-05 1.83534881e-05 1.83490837e-05 1.83447500e-05
 1.83404872e-05 1.83362952e-05 1.83321743e-05 1.83281245e-05
 1.83241460e-05 1.83202388e-05 1.83164030e-05 1.83126389e-05
 1.83089464e-05 1.83053259e-05 1.83017773e-05 1.82983008e-05
 1.82948966e-05 1.82915649e-05 1.82883058e-05 1.82851194e-05
 1.82820060e-05 1.82789658e-05 1.82759988e-05 1.82731054e-05
 1.82702856e-05 1.82675398e-05 1.82648682e-05 1.82622709e-05
 1.82597483e-05 1.82573006e-05 1.82549279e-05 1.82526307e-05
 1.82504092e-05 1.82482637e-05 1.82461944e-05 1.82442018e-05
 1.82422861e-05 1.82404477e-05 1.82386870e-05 1.82370044e-05
 1.82354002e-05 1.82338749e-05 1.82324289e-05 1.82310627e-05
 1.82297768e-05 1.82285717e-05 1.82274480e-05 1.82264062e-05
 1.82254469e-05 1.82245708e-05 1.82237785e-05 1.82230708e-05
 1.82224483e-05 1.82219120e-05 1.82214627e-05 1.82211012e-05
 1.82208285e-05 1.82206455e-05 1.82205534e-05 1.82205534e-05