
=========2023-07-03===
Zrange_fem= [0.         0.00018519 0.00037037 0.00055556 0.00074074 0.00092593
 0.00111111 0.0012963  0.00148148 0.00166667 0.00185185 0.00203704
 0.00222222 0.00240741 0.00259259 0.00277778 0.00296296 0.00314815
 0.00333333 0.00351852 0.0037037  0.00388889 0.00407407 0.00425926
 0.00444444 0.00462963 0.00481481 0.005     ] 
======================
CMTS= [ 9.44847191e-01  9.06382582e-01  8.74433707e-01  8.46830427e-01
  8.22352629e-01  8.00242787e-01  7.79996479e-01  7.61259864e-01
  7.43774527e-01  7.27345587e-01  7.11822177e-01  6.97084938e-01
  6.83037681e-01  6.69601667e-01  6.56711555e-01  6.44312473e-01
  6.32357860e-01  6.20807832e-01  6.09627944e-01  5.98788222e-01
  5.88262407e-01  5.78027355e-01  5.68062547e-01  5.58349704e-01
  5.48872463e-01  5.39616111e-01  5.30567367e-01  5.21714197e-01
  5.13045660e-01  5.04551773e-01  4.96223405e-01  4.88052176e-01
  4.80030375e-01  4.72150893e-01  4.64407155e-01  4.56793068e-01
  4.49302977e-01  4.41931619e-01  4.34674087e-01  4.27525801e-01
  4.20482474e-01  4.13540091e-01  4.06694884e-01  3.99943310e-01
  3.93282036e-01  3.86707921e-01  3.80218000e-01  3.73809472e-01
  3.67479688e-01  3.61226137e-01  3.55046442e-01  3.48938344e-01
  3.42899698e-01  3.36928465e-01  3.31022701e-01  3.25180558e-01
  3.19400272e-01  3.13680158e-01  3.08018608e-01  3.02414086e-01
  2.96865121e-01  2.91370306e-01  2.85928290e-01  2.80537783e-01
  2.75197542e-01  2.69906378e-01  2.64663146e-01  2.59466749e-01
  2.54316127e-01  2.49210264e-01  2.44148181e-01  2.39128935e-01
  2.34151614e-01  2.29215344e-01  2.24319277e-01  2.19462597e-01
  2.14644515e-01  2.09864269e-01  2.05121122e-01  2.00414363e-01
  1.95743301e-01  1.91107270e-01  1.86505624e-01  1.81937737e-01
  1.77403003e-01  1.72900835e-01  1.68430662e-01  1.63991932e-01
  1.59584108e-01  1.55206669e-01  1.50859110e-01  1.46540939e-01
  1.42251678e-01  1.37990865e-01  1.33758046e-01  1.29552785e-01
  1.25374652e-01  1.21223234e-01  1.17098125e-01  1.12998932e-01
  1.08925270e-01  1.04876766e-01  1.00853055e-01  9.68537835e-02
  9.28786037e-02  8.89271784e-02  8.49991781e-02  8.10942813e-02
  7.72121744e-02  7.33525511e-02  6.95151124e-02  6.56995662e-02
  6.19056272e-02  5.81330167e-02  5.43814624e-02  5.06506979e-02
  4.69404630e-02  4.32505032e-02  3.95805694e-02  3.59304182e-02
  3.22998112e-02  2.86885154e-02  2.50963025e-02  2.15229491e-02
  1.79682364e-02  1.44319503e-02  1.09138809e-02  7.41382258e-03
  3.93157407e-03  4.66937989e-04 -2.98027909e-03 -6.41026676e-03
 -9.82321093e-03 -1.32192939e-02 -1.65986943e-02 -1.99615876e-02
 -2.33081458e-02 -2.66385375e-02 -2.99529285e-02 -3.32514813e-02
 -3.65343553e-02 -3.98017071e-02 -4.30536906e-02 -4.62904567e-02
 -4.95121536e-02 -5.27189271e-02 -5.59109201e-02 -5.90882731e-02
 -6.22511244e-02 -6.53996096e-02 -6.85338620e-02 -7.16540128e-02
 -7.47601909e-02 -7.78525228e-02 -8.09311333e-02 -8.39961448e-02
 -8.70476777e-02 -9.00858507e-02 -9.31107802e-02 -9.61225809e-02
 -9.91213657e-02 -1.02107246e-01 -1.05080330e-01 -1.08040726e-01
 -1.10988540e-01 -1.13923876e-01 -1.16846836e-01 -1.19757522e-01
 -1.22656033e-01 -1.25542467e-01 -1.28416921e-01 -1.31279488e-01
 -1.34130264e-01 -1.36969340e-01 -1.39796807e-01 -1.42612754e-01
 -1.45417270e-01 -1.48210442e-01 -1.50992355e-01 -1.53763093e-01
 -1.56522740e-01 -1.59271379e-01 -1.62009089e-01 -1.64735951e-01
 -1.67452042e-01 -1.70157442e-01 -1.72852226e-01 -1.75536469e-01
 -1.78210246e-01 -1.80873631e-01 -1.83526695e-01 -1.86169510e-01
 -1.88802147e-01 -1.91424675e-01 -1.94037163e-01 -1.96639678e-01
 -1.99232287e-01 -2.01815056e-01 -2.04388051e-01 -2.06951335e-01
 -2.09504972e-01 -2.12049024e-01 -2.14583554e-01 -2.17108622e-01
 -2.19624288e-01 -2.22130612e-01 -2.24627654e-01 -2.27115470e-01
 -2.29594118e-01 -2.32063656e-01 -2.34524138e-01 -2.36975620e-01
 -2.39418156e-01 -2.41851801e-01 -2.44276608e-01 -2.46692629e-01
 -2.49099917e-01 -2.51498523e-01 -2.53888497e-01 -2.56269890e-01
 -2.58642751e-01 -2.61007130e-01 -2.63363075e-01 -2.65710634e-01
 -2.68049854e-01 -2.70380782e-01 -2.72703464e-01 -2.75017947e-01
 -2.77324275e-01 -2.79622493e-01 -2.81912646e-01 -2.84194776e-01
 -2.86468929e-01 -2.88735145e-01 -2.90993468e-01 -2.93243940e-01
 -2.95486601e-01 -2.97721493e-01 -2.99948657e-01 -3.02168132e-01
 -3.04379958e-01 -3.06584175e-01 -3.08780821e-01 -3.10969934e-01
 -3.13151553e-01 -3.15325715e-01 -3.17492458e-01 -3.19651818e-01
 -3.21803832e-01 -3.23948536e-01 -3.26085965e-01 -3.28216155e-01
 -3.30339141e-01 -3.32454957e-01 -3.34563638e-01 -3.36665218e-01
 -3.38759730e-01 -3.40847208e-01 -3.42927684e-01 -3.45001192e-01
 -3.47067762e-01 -3.49127428e-01 -3.51180221e-01 -3.53226173e-01
 -3.55265313e-01 -3.57297674e-01 -3.59323285e-01 -3.61342177e-01
 -3.63354380e-01 -3.65359922e-01 -3.67358834e-01 -3.69351144e-01
 -3.71336882e-01 -3.73316075e-01 -3.75288751e-01 -3.77254940e-01
 -3.79214668e-01 -3.81167963e-01 -3.83114851e-01 -3.85055361e-01
 -3.86989518e-01 -3.88917349e-01 -3.90838880e-01 -3.92754138e-01
 -3.94663147e-01 -3.96565934e-01 -3.98462523e-01 -4.00352939e-01
 -4.02237208e-01 -4.04115354e-01 -4.05987401e-01 -4.07853373e-01
 -4.09713295e-01 -4.11567190e-01 -4.13415082e-01 -4.15256993e-01
 -4.17092947e-01 -4.18922967e-01 -4.20747076e-01 -4.22565296e-01
 -4.24377649e-01 -4.26184158e-01 -4.27984844e-01 -4.29779729e-01
 -4.31568835e-01 -4.33352183e-01 -4.35129795e-01 -4.36901690e-01
 -4.38667891e-01 -4.40428418e-01 -4.42183291e-01 -4.43932530e-01
 -4.45676157e-01 -4.47414190e-01 -4.49146650e-01 -4.50873556e-01
 -4.52594927e-01 -4.54310784e-01 -4.56021145e-01 -4.57726030e-01
 -4.59425456e-01 -4.61119443e-01 -4.62808010e-01 -4.64491175e-01
 -4.66168956e-01 -4.67841371e-01 -4.69508438e-01 -4.71170175e-01
 -4.72826601e-01 -4.74477731e-01 -4.76123584e-01 -4.77764177e-01
 -4.79399527e-01 -4.81029652e-01 -4.82654567e-01 -4.84274291e-01
 -4.85888838e-01 -4.87498227e-01 -4.89102472e-01 -4.90701591e-01
 -4.92295600e-01 -4.93884514e-01 -4.95468350e-01 -4.97047123e-01
 -4.98620849e-01 -5.00189542e-01 -5.01753220e-01 -5.03311896e-01
 -5.04865587e-01 -5.06414307e-01 -5.07958070e-01 -5.09496893e-01
 -5.11030789e-01 -5.12559774e-01 -5.14083861e-01 -5.15603065e-01
 -5.17117400e-01 -5.18626881e-01 -5.20131521e-01 -5.21631335e-01
 -5.23126336e-01 -5.24616539e-01 -5.26101956e-01 -5.27582601e-01
 -5.29058489e-01 -5.30529631e-01 -5.31996042e-01 -5.33457735e-01
 -5.34914722e-01 -5.36367016e-01 -5.37814632e-01 -5.39257580e-01
 -5.40695875e-01 -5.42129529e-01 -5.43558553e-01 -5.44982961e-01
 -5.46402765e-01 -5.47817978e-01 -5.49228611e-01 -5.50634676e-01
 -5.52036186e-01 -5.53433152e-01 -5.54825586e-01 -5.56213501e-01
 -5.57596907e-01 -5.58975817e-01 -5.60350241e-01 -5.61720191e-01
 -5.63085680e-01 -5.64446716e-01 -5.65803314e-01 -5.67155482e-01
 -5.68503232e-01 -5.69846576e-01 -5.71185524e-01 -5.72520086e-01
 -5.73850275e-01 -5.75176099e-01 -5.76497571e-01 -5.77814700e-01
 -5.79127497e-01 -5.80435972e-01 -5.81740136e-01 -5.83039999e-01
 -5.84335571e-01 -5.85626862e-01 -5.86913882e-01 -5.88196642e-01
 -5.89475150e-01 -5.90749418e-01 -5.92019455e-01 -5.93285269e-01
 -5.94546872e-01 -5.95804273e-01 -5.97057481e-01 -5.98306506e-01
 -5.99551356e-01 -6.00792042e-01 -6.02028573e-01 -6.03260958e-01
 -6.04489206e-01 -6.05713326e-01 -6.06933328e-01 -6.08149219e-01
 -6.09361010e-01 -6.10568708e-01 -6.11772324e-01 -6.12971865e-01
 -6.14167340e-01 -6.15358758e-01 -6.16546128e-01 -6.17729457e-01
 -6.18908755e-01 -6.20084030e-01 -6.21255291e-01 -6.22422544e-01
 -6.23585800e-01 -6.24745065e-01 -6.25900349e-01 -6.27051659e-01
 -6.28199003e-01 -6.29342390e-01 -6.30481827e-01 -6.31617322e-01
 -6.32748882e-01 -6.33876517e-01 -6.35000234e-01 -6.36120039e-01
 -6.37235942e-01 -6.38347949e-01 -6.39456068e-01 -6.40560306e-01
 -6.41660672e-01 -6.42757172e-01 -6.43849814e-01 -6.44938605e-01
 -6.46023552e-01 -6.47104663e-01 -6.48181945e-01 -6.49255405e-01
 -6.50325050e-01 -6.51390887e-01 -6.52452923e-01 -6.53511166e-01
 -6.54565621e-01 -6.55616296e-01 -6.56663198e-01 -6.57706333e-01
 -6.58745709e-01 -6.59781332e-01 -6.60813208e-01 -6.61841345e-01
 -6.62865749e-01 -6.63886426e-01 -6.64903382e-01 -6.65916626e-01
 -6.66926162e-01 -6.67931997e-01 -6.68934138e-01 -6.69932591e-01
 -6.70927362e-01 -6.71918458e-01 -6.72905884e-01 -6.73889647e-01
 -6.74869752e-01 -6.75846207e-01 -6.76819017e-01 -6.77788187e-01
 -6.78753725e-01 -6.79715636e-01 -6.80673925e-01 -6.81628599e-01
 -6.82579664e-01 -6.83527125e-01 -6.84470988e-01 -6.85411259e-01
 -6.86347943e-01 -6.87281047e-01 -6.88210575e-01 -6.89136533e-01
 -6.90058928e-01 -6.90977764e-01 -6.91893047e-01 -6.92804782e-01
 -6.93712975e-01 -6.94617631e-01 -6.95518756e-01 -6.96416355e-01
 -6.97310432e-01 -6.98200995e-01 -6.99088046e-01 -6.99971593e-01
 -7.00851639e-01 -7.01728191e-01 -7.02601253e-01 -7.03470830e-01
 -7.04336928e-01 -7.05199551e-01 -7.06058704e-01 -7.06914393e-01
 -7.07766621e-01 -7.08615395e-01 -7.09460719e-01 -7.10302597e-01
 -7.11141036e-01 -7.11976038e-01 -7.12807610e-01 -7.13635755e-01
 -7.14460479e-01 -7.15281786e-01 -7.16099681e-01 -7.16914168e-01
 -7.17725252e-01 -7.18532938e-01 -7.19337230e-01 -7.20138132e-01
 -7.20935649e-01 -7.21729786e-01 -7.22520547e-01 -7.23307936e-01
 -7.24091957e-01 -7.24872615e-01 -7.25649915e-01 -7.26423860e-01
 -7.27194455e-01 -7.27961704e-01 -7.28725611e-01 -7.29486180e-01
 -7.30243416e-01 -7.30997323e-01 -7.31747904e-01 -7.32495164e-01
 -7.33239107e-01 -7.33979737e-01 -7.34717058e-01 -7.35451074e-01
 -7.36181788e-01 -7.36909205e-01 -7.37633329e-01 -7.38354164e-01
 -7.39071713e-01 -7.39785980e-01 -7.40496969e-01 -7.41204684e-01
 -7.41909129e-01 -7.42610307e-01 -7.43308222e-01 -7.44002878e-01
 -7.44694278e-01 -7.45382426e-01 -7.46067326e-01 -7.46748981e-01
 -7.47427395e-01 -7.48102572e-01 -7.48774515e-01 -7.49443227e-01
 -7.50108712e-01 -7.50770973e-01 -7.51430014e-01 -7.52085839e-01
 -7.52738450e-01 -7.53387852e-01 -7.54034047e-01 -7.54677038e-01
 -7.55316830e-01 -7.55953426e-01 -7.56586828e-01 -7.57217040e-01
 -7.57844065e-01 -7.58467906e-01 -7.59088568e-01 -7.59706052e-01
 -7.60320362e-01 -7.60931501e-01 -7.61539472e-01 -7.62144278e-01
 -7.62745923e-01 -7.63344410e-01 -7.63939741e-01 -7.64531919e-01
 -7.65120948e-01 -7.65706830e-01 -7.66289568e-01 -7.66869166e-01
 -7.67445627e-01 -7.68018952e-01 -7.68589145e-01 -7.69156210e-01
 -7.69720148e-01 -7.70280962e-01 -7.70838656e-01 -7.71393232e-01
 -7.71944694e-01 -7.72493042e-01 -7.73038281e-01 -7.73580414e-01
 -7.74119442e-01 -7.74655368e-01 -7.75188196e-01 -7.75717928e-01
 -7.76244566e-01 -7.76768113e-01 -7.77288571e-01 -7.77805944e-01
 -7.78320233e-01 -7.78831442e-01 -7.79339572e-01 -7.79844627e-01
 -7.80346609e-01 -7.80845519e-01 -7.81341362e-01 -7.81834138e-01
 -7.82323851e-01 -7.82810503e-01 -7.83294096e-01 -7.83774633e-01
 -7.84252115e-01 -7.84726546e-01 -7.85197928e-01 -7.85666262e-01
 -7.86131552e-01 -7.86593799e-01 -7.87053006e-01 -7.87509175e-01
 -7.87962308e-01 -7.88412407e-01 -7.88859475e-01 -7.89303513e-01
 -7.89744524e-01 -7.90182511e-01 -7.90617474e-01 -7.91049416e-01
 -7.91478340e-01 -7.91904247e-01 -7.92327139e-01 -7.92747019e-01
 -7.93163888e-01 -7.93577748e-01 -7.93988602e-01 -7.94396452e-01
 -7.94801298e-01 -7.95203144e-01 -7.95601992e-01 -7.95997842e-01
 -7.96390697e-01 -7.96780559e-01 -7.97167430e-01 -7.97551312e-01
 -7.97932206e-01 -7.98310114e-01 -7.98685039e-01 -7.99056981e-01
 -7.99425943e-01 -7.99791926e-01 -8.00154932e-01 -8.00514964e-01
 -8.00872021e-01 -8.01226108e-01 -8.01577224e-01 -8.01925371e-01
 -8.02270553e-01 -8.02612769e-01 -8.02952021e-01 -8.03288312e-01
 -8.03621643e-01 -8.03952015e-01 -8.04279430e-01 -8.04603889e-01
 -8.04925395e-01 -8.05243948e-01 -8.05559550e-01 -8.05872203e-01
 -8.06181907e-01 -8.06488666e-01 -8.06792479e-01 -8.07093349e-01
 -8.07391277e-01 -8.07686263e-01 -8.07978311e-01 -8.08267421e-01
 -8.08553594e-01 -8.08836832e-01 -8.09117136e-01 -8.09394508e-01
 -8.09668948e-01 -8.09940459e-01 -8.10209041e-01 -8.10474695e-01
 -8.10737424e-01 -8.10997227e-01 -8.11254108e-01 -8.11508065e-01
 -8.11759102e-01 -8.12007219e-01 -8.12252417e-01 -8.12494697e-01
 -8.12734061e-01 -8.12970509e-01 -8.13204043e-01 -8.13434665e-01
 -8.13662374e-01 -8.13887172e-01 -8.14109061e-01 -8.14328041e-01
 -8.14544113e-01 -8.14757278e-01 -8.14967538e-01 -8.15174893e-01
 -8.15379345e-01 -8.15580894e-01 -8.15779541e-01 -8.15975287e-01
 -8.16168134e-01 -8.16358081e-01 -8.16545131e-01 -8.16729284e-01
 -8.16910540e-01 -8.17088901e-01 -8.17264368e-01 -8.17436941e-01
 -8.17606621e-01 -8.17773409e-01 -8.17937307e-01 -8.18098313e-01
 -8.18256431e-01 -8.18411659e-01 -8.18563999e-01 -8.18713453e-01
 -8.18860019e-01 -8.19003700e-01 -8.19144495e-01 -8.19282406e-01
 -8.19417433e-01 -8.19549577e-01 -8.19678839e-01 -8.19805219e-01
 -8.19928717e-01 -8.20049335e-01 -8.20167073e-01 -8.20281931e-01
 -8.20393911e-01 -8.20503012e-01 -8.20609236e-01 -8.20712582e-01
 -8.20813051e-01 -8.20910644e-01 -8.21005362e-01 -8.21097204e-01
 -8.21186171e-01 -8.21272264e-01 -8.21355483e-01 -8.21435829e-01
 -8.21513301e-01 -8.21587901e-01 -8.21659628e-01 -8.21728483e-01
 -8.21794467e-01 -8.21857580e-01 -8.21917821e-01 -8.21975192e-01
 -8.22029692e-01 -8.22081323e-01 -8.22130083e-01 -8.22175974e-01
 -8.22218996e-01 -8.22259148e-01 -8.22296432e-01 -8.22330847e-01
 -8.22362393e-01 -8.22391072e-01 -8.22416881e-01 -8.22439823e-01
 -8.22459897e-01 -8.22477103e-01 -8.22491441e-01 -8.22502911e-01
 -8.22511514e-01 -8.22517249e-01 -8.22520117e-01 -8.22520117e-01] 
======================
CH2= [0.94484719 0.94484889 0.94485033 0.94485158 0.94485269 0.94485371
 0.94485464 0.94485551 0.94485632 0.94485708 0.9448578  0.94485849
 0.94485914 0.94485976 0.94486036 0.94486093 0.94486149 0.94486202
 0.94486254 0.94486303 0.94486352 0.94486399 0.94486444 0.94486489
 0.94486532 0.94486574 0.94486615 0.94486655 0.94486694 0.94486732
 0.94486769 0.94486806 0.94486842 0.94486877 0.94486911 0.94486945
 0.94486978 0.9448701  0.94487042 0.94487074 0.94487104 0.94487135
 0.94487164 0.94487193 0.94487222 0.9448725  0.94487278 0.94487306
 0.94487333 0.94487359 0.94487385 0.94487411 0.94487437 0.94487462
 0.94487487 0.94487511 0.94487535 0.94487559 0.94487582 0.94487605
 0.94487628 0.94487651 0.94487673 0.94487695 0.94487717 0.94487738
 0.9448776  0.94487781 0.94487801 0.94487822 0.94487842 0.94487862
 0.94487882 0.94487902 0.94487921 0.9448794  0.94487959 0.94487978
 0.94487996 0.94488015 0.94488033 0.94488051 0.94488069 0.94488086
 0.94488104 0.94488121 0.94488138 0.94488155 0.94488172 0.94488188
 0.94488205 0.94488221 0.94488237 0.94488253 0.94488269 0.94488285
 0.944883   0.94488316 0.94488331 0.94488346 0.94488361 0.94488376
 0.94488391 0.94488405 0.9448842  0.94488434 0.94488448 0.94488462
 0.94488476 0.9448849  0.94488504 0.94488518 0.94488531 0.94488545
 0.94488558 0.94488571 0.94488584 0.94488597 0.9448861  0.94488623
 0.94488635 0.94488648 0.9448866  0.94488673 0.94488685 0.94488697
 0.94488709 0.94488721 0.94488733 0.94488745 0.94488757 0.94488768
 0.9448878  0.94488791 0.94488803 0.94488814 0.94488825 0.94488836
 0.94488847 0.94488858 0.94488869 0.9448888  0.9448889  0.94488901
 0.94488912 0.94488922 0.94488932 0.94488943 0.94488953 0.94488963
 0.94488973 0.94488983 0.94488993 0.94489003 0.94489013 0.94489023
 0.94489032 0.94489042 0.94489052 0.94489061 0.9448907  0.9448908
 0.94489089 0.94489098 0.94489107 0.94489117 0.94489126 0.94489135
 0.94489143 0.94489152 0.94489161 0.9448917  0.94489178 0.94489187
 0.94489196 0.94489204 0.94489213 0.94489221 0.94489229 0.94489238
 0.94489246 0.94489254 0.94489262 0.9448927  0.94489278 0.94489286
 0.94489294 0.94489302 0.9448931  0.94489318 0.94489325 0.94489333
 0.94489341 0.94489348 0.94489356 0.94489363 0.94489371 0.94489378
 0.94489385 0.94489393 0.944894   0.94489407 0.94489414 0.94489421
 0.94489428 0.94489435 0.94489442 0.94489449 0.94489456 0.94489463
 0.9448947  0.94489477 0.94489483 0.9448949  0.94489497 0.94489503
 0.9448951  0.94489516 0.94489523 0.94489529 0.94489536 0.94489542
 0.94489548 0.94489554 0.94489561 0.94489567 0.94489573 0.94489579
 0.94489585 0.94489591 0.94489597 0.94489603 0.94489609 0.94489615
 0.94489621 0.94489627 0.94489633 0.94489639 0.94489644 0.9448965
 0.94489656 0.94489661 0.94489667 0.94489672 0.94489678 0.94489683
 0.94489689 0.94489694 0.944897   0.94489705 0.94489711 0.94489716
 0.94489721 0.94489726 0.94489732 0.94489737 0.94489742 0.94489747
 0.94489752 0.94489757 0.94489762 0.94489767 0.94489772 0.94489777
 0.94489782 0.94489787 0.94489792 0.94489797 0.94489801 0.94489806
 0.94489811 0.94489816 0.9448982  0.94489825 0.9448983  0.94489834
 0.94489839 0.94489843 0.94489848 0.94489852 0.94489857 0.94489861
 0.94489866 0.9448987  0.94489875 0.94489879 0.94489883 0.94489888
 0.94489892 0.94489896 0.944899   0.94489904 0.94489909 0.94489913
 0.94489917 0.94489921 0.94489925 0.94489929 0.94489933 0.94489937
 0.94489941 0.94489945 0.94489949 0.94489953 0.94489957 0.94489961
 0.94489965 0.94489968 0.94489972 0.94489976 0.9448998  0.94489983
 0.94489987 0.94489991 0.94489995 0.94489998 0.94490002 0.94490005
 0.94490009 0.94490013 0.94490016 0.9449002  0.94490023 0.94490027
 0.9449003  0.94490034 0.94490037 0.9449004  0.94490044 0.94490047
 0.9449005  0.94490054 0.94490057 0.9449006  0.94490064 0.94490067
 0.9449007  0.94490073 0.94490077 0.9449008  0.94490083 0.94490086
 0.94490089 0.94490092 0.94490095 0.94490098 0.94490101 0.94490104
 0.94490107 0.9449011  0.94490113 0.94490116 0.94490119 0.94490122
 0.94490125 0.94490128 0.94490131 0.94490134 0.94490136 0.94490139
 0.94490142 0.94490145 0.94490148 0.9449015  0.94490153 0.94490156
 0.94490159 0.94490161 0.94490164 0.94490167 0.94490169 0.94490172
 0.94490174 0.94490177 0.9449018  0.94490182 0.94490185 0.94490187
 0.9449019  0.94490192 0.94490195 0.94490197 0.944902   0.94490202
 0.94490204 0.94490207 0.94490209 0.94490212 0.94490214 0.94490216
 0.94490219 0.94490221 0.94490223 0.94490226 0.94490228 0.9449023
 0.94490232 0.94490235 0.94490237 0.94490239 0.94490241 0.94490243
 0.94490246 0.94490248 0.9449025  0.94490252 0.94490254 0.94490256
 0.94490258 0.9449026  0.94490262 0.94490264 0.94490267 0.94490269
 0.94490271 0.94490273 0.94490275 0.94490276 0.94490278 0.9449028
 0.94490282 0.94490284 0.94490286 0.94490288 0.9449029  0.94490292
 0.94490294 0.94490296 0.94490297 0.94490299 0.94490301 0.94490303
 0.94490305 0.94490306 0.94490308 0.9449031  0.94490312 0.94490313
 0.94490315 0.94490317 0.94490318 0.9449032  0.94490322 0.94490324
 0.94490325 0.94490327 0.94490328 0.9449033  0.94490332 0.94490333
 0.94490335 0.94490336 0.94490338 0.9449034  0.94490341 0.94490343
 0.94490344 0.94490346 0.94490347 0.94490349 0.9449035  0.94490352
 0.94490353 0.94490355 0.94490356 0.94490357 0.94490359 0.9449036
 0.94490362 0.94490363 0.94490364 0.94490366 0.94490367 0.94490369
 0.9449037  0.94490371 0.94490373 0.94490374 0.94490375 0.94490376
 0.94490378 0.94490379 0.9449038  0.94490382 0.94490383 0.94490384
 0.94490385 0.94490387 0.94490388 0.94490389 0.9449039  0.94490391
 0.94490393 0.94490394 0.94490395 0.94490396 0.94490397 0.94490398
 0.94490399 0.94490401 0.94490402 0.94490403 0.94490404 0.94490405
 0.94490406 0.94490407 0.94490408 0.94490409 0.9449041  0.94490411
 0.94490412 0.94490413 0.94490414 0.94490415 0.94490416 0.94490417
 0.94490418 0.94490419 0.9449042  0.94490421 0.94490422 0.94490423
 0.94490424 0.94490425 0.94490426 0.94490427 0.94490428 0.94490429
 0.9449043  0.94490431 0.94490431 0.94490432 0.94490433 0.94490434
 0.94490435 0.94490436 0.94490437 0.94490437 0.94490438 0.94490439
 0.9449044  0.94490441 0.94490442 0.94490442 0.94490443 0.94490444
 0.94490445 0.94490445 0.94490446 0.94490447 0.94490448 0.94490448
 0.94490449 0.9449045  0.94490451 0.94490451 0.94490452 0.94490453
 0.94490453 0.94490454 0.94490455 0.94490455 0.94490456 0.94490457
 0.94490457 0.94490458 0.94490459 0.94490459 0.9449046  0.94490461
 0.94490461 0.94490462 0.94490462 0.94490463 0.94490464 0.94490464
 0.94490465 0.94490465 0.94490466 0.94490467 0.94490467 0.94490468
 0.94490468 0.94490469 0.94490469 0.9449047  0.9449047  0.94490471
 0.94490471 0.94490472 0.94490473 0.94490473 0.94490474 0.94490474
 0.94490475 0.94490475 0.94490475 0.94490476 0.94490476 0.94490477
 0.94490477 0.94490478 0.94490478 0.94490479 0.94490479 0.9449048
 0.9449048  0.9449048  0.94490481 0.94490481 0.94490482 0.94490482
 0.94490483 0.94490483 0.94490483 0.94490484 0.94490484 0.94490485
 0.94490485 0.94490485 0.94490486 0.94490486 0.94490486 0.94490487
 0.94490487 0.94490487 0.94490488 0.94490488 0.94490488 0.94490489
 0.94490489 0.94490489 0.9449049  0.9449049  0.9449049  0.94490491
 0.94490491 0.94490491 0.94490492 0.94490492 0.94490492 0.94490492
 0.94490493 0.94490493 0.94490493 0.94490494 0.94490494 0.94490494
 0.94490494 0.94490495 0.94490495 0.94490495 0.94490495 0.94490496
 0.94490496 0.94490496 0.94490496 0.94490497 0.94490497 0.94490497
 0.94490497 0.94490497 0.94490498 0.94490498 0.94490498 0.94490498
 0.94490499 0.94490499 0.94490499 0.94490499 0.94490499 0.94490499
 0.944905   0.944905   0.944905   0.944905   0.944905   0.94490501
 0.94490501 0.94490501 0.94490501 0.94490501 0.94490501 0.94490501
 0.94490502 0.94490502 0.94490502 0.94490502 0.94490502 0.94490502
 0.94490502 0.94490503 0.94490503 0.94490503 0.94490503 0.94490503
 0.94490503 0.94490503 0.94490503 0.94490504 0.94490504 0.94490504
 0.94490504 0.94490504 0.94490504 0.94490504 0.94490504 0.94490504
 0.94490504 0.94490505 0.94490505 0.94490505 0.94490505 0.94490505
 0.94490505 0.94490505 0.94490505 0.94490505 0.94490505 0.94490505
 0.94490505 0.94490506 0.94490506 0.94490506 0.94490506 0.94490506
 0.94490506 0.94490506 0.94490506 0.94490506 0.94490506 0.94490506
 0.94490506 0.94490506 0.94490506 0.94490506 0.94490506 0.94490506
 0.94490506 0.94490506 0.94490506 0.94490507 0.94490507 0.94490507
 0.94490507 0.94490507 0.94490507 0.94490507 0.94490507 0.94490507
 0.94490507 0.94490507 0.94490507 0.94490507 0.94490507 0.94490507
 0.94490507 0.94490507 0.94490507 0.94490507 0.94490507 0.94490507
 0.94490507 0.94490507 0.94490507 0.94490507 0.94490507 0.94490507
 0.94490507 0.94490507 0.94490507 0.94490507 0.94490507 0.94490507
 0.94490507 0.94490507 0.94490507 0.94490507 0.94490507 0.94490507
 0.94490507 0.94490507 0.94490507 0.94490507 0.94490507 0.94490507
 0.94490507 0.94490507 0.94490507 0.94490507 0.94490507 0.94490507
 0.94490507 0.94490507 0.94490507 0.94490507 0.94490507 0.94490507
 0.94490507 0.94490507] 
======================
CHCl= [0.         0.05713797 0.10460071 0.14561047 0.1819789  0.21483081
 0.24491523 0.27275756 0.29874155 0.32315658 0.34622669 0.36812914
 0.38900675 0.40897647 0.42813534 0.44656483 0.46433411 0.4815024
 0.49812086 0.514234   0.52988084 0.54509573 0.55990916 0.57434827
 0.58843737 0.6021983  0.61565081 0.62881275 0.64170039 0.65432855
 0.66671079 0.67885955 0.6907863  0.7025016  0.7140152  0.72533616
 0.73647288 0.74743318 0.75822435 0.76885319 0.77932607 0.78964895
 0.79982743 0.80986677 0.81977193 0.82954757 0.8391981  0.84872767
 0.85814023 0.86743949 0.87662901 0.88571212 0.89469201 0.90357173
 0.91235414 0.92104201 0.92963795 0.93814446 0.94656393 0.95489864
 0.96315079 0.97132246 0.97941565 0.98743229 0.99537421 1.0032432
 1.01104094 1.01876907 1.02642917 1.03402274 1.04155123 1.04901606
 1.05641856 1.06376005 1.07104179 1.07826497 1.08543079 1.09254036
 1.09959479 1.10659513 1.1135424  1.12043761 1.1272817  1.13407561
 1.14082023 1.14751645 1.1541651  1.16076701 1.16732298 1.17383378
 1.18030016 1.18672286 1.19310257 1.19944    1.20573581 1.21199065
 1.21820516 1.22437996 1.23051564 1.2366128  1.242672   1.2486938
 1.25467873 1.26062734 1.26654013 1.2724176  1.27826024 1.28406854
 1.28984295 1.29558394 1.30129194 1.30696739 1.31261072 1.31822234
 1.32380265 1.32935205 1.33487093 1.34035967 1.34581862 1.35124817
 1.35664865 1.36202043 1.36736383 1.37267918 1.37796683 1.38322707
 1.38846023 1.3936666  1.3988465  1.40400021 1.40912801 1.4142302
 1.41930705 1.42435882 1.42938579 1.43438821 1.43936635 1.44432044
 1.44925074 1.45415749 1.45904093 1.46390129 1.46873879 1.47355366
 1.47834613 1.48311641 1.4878647  1.49259123 1.49729619 1.50197979
 1.50664222 1.51128369 1.51590437 1.52050447 1.52508416 1.52964362
 1.53418305 1.53870261 1.54320247 1.54768281 1.55214379 1.55658558
 1.56100834 1.56541223 1.56979742 1.57416404 1.57851226 1.58284223
 1.58715409 1.59144799 1.59572408 1.59998248 1.60422335 1.60844683
 1.61265303 1.61684211 1.62101418 1.62516938 1.62930784 1.63342968
 1.63753502 1.64162399 1.64569671 1.6497533  1.65379386 1.65781853
 1.66182741 1.66582061 1.66979824 1.67376042 1.67770725 1.68163883
 1.68555528 1.68945669 1.69334317 1.69721482 1.70107173 1.70491401
 1.70874176 1.71255505 1.716354   1.7201387  1.72390923 1.72766569
 1.73140817 1.73513675 1.73885152 1.74255257 1.74623999 1.74991386
 1.75357425 1.75722126 1.76085497 1.76447545 1.76808278 1.77167705
 1.77525833 1.77882669 1.78238222 1.78592498 1.78945505 1.7929725
 1.79647741 1.79996985 1.80344988 1.80691758 1.81037301 1.81381625
 1.81724736 1.8206664  1.82407345 1.82746857 1.83085182 1.83422326
 1.83758296 1.84093099 1.84426739 1.84759224 1.8509056  1.85420752
 1.85749806 1.86077728 1.86404524 1.86730199 1.8705476  1.87378211
 1.87700559 1.88021809 1.88341966 1.88661035 1.88979023 1.89295933
 1.89611772 1.89926545 1.90240256 1.90552911 1.90864514 1.91175071
 1.91484587 1.91793066 1.92100513 1.92406933 1.9271233  1.9301671
 1.93320076 1.93622434 1.93923789 1.94224143 1.94523502 1.94821871
 1.95119253 1.95415654 1.95711076 1.96005525 1.96299005 1.96591519
 1.96883073 1.97173669 1.97463312 1.97752007 1.98039756 1.98326565
 1.98612436 1.98897374 1.99181382 1.99464465 1.99746625 2.00027868
 2.00308196 2.00587613 2.00866123 2.01143729 2.01420435 2.01696244
 2.01971161 2.02245187 2.02518328 2.02790586 2.03061964 2.03332466
 2.03602096 2.03870856 2.04138749 2.0440578  2.04671951 2.04937266
 2.05201727 2.05465338 2.05728101 2.0599002  2.06251099 2.06511339
 2.06770744 2.07029317 2.07287061 2.07543979 2.07800073 2.08055347
 2.08309803 2.08563445 2.08816275 2.09068295 2.09319509 2.09569919
 2.09819529 2.1006834  2.10316355 2.10563578 2.1081001  2.11055654
 2.11300514 2.11544591 2.11787888 2.12030407 2.12272151 2.12513123
 2.12753325 2.1299276  2.13231429 2.13469336 2.13706482 2.13942871
 2.14178504 2.14413383 2.14647512 2.14880892 2.15113526 2.15345416
 2.15576564 2.15806972 2.16036644 2.1626558  2.16493783 2.16721255
 2.16947999 2.17174016 2.17399309 2.1762388  2.1784773  2.18070863
 2.18293279 2.18514982 2.18735972 2.18956253 2.19175826 2.19394692
 2.19612855 2.19830316 2.20047077 2.2026314  2.20478506 2.20693178
 2.20907158 2.21120447 2.21333048 2.21544962 2.21756191 2.21966736
 2.221766   2.22385785 2.22594292 2.22802123 2.2300928  2.23215764
 2.23421578 2.23626722 2.23831199 2.24035011 2.24238159 2.24440644
 2.24642469 2.24843635 2.25044143 2.25243996 2.25443195 2.25641742
 2.25839637 2.26036884 2.26233483 2.26429436 2.26624744 2.26819409
 2.27013433 2.27206817 2.27399562 2.27591671 2.27783144 2.27973983
 2.2816419  2.28353765 2.28542712 2.2873103  2.28918721 2.29105787
 2.2929223  2.2947805  2.29663249 2.29847828 2.30031789 2.30215134
 2.30397862 2.30579977 2.30761479 2.30942369 2.31122649 2.31302321
 2.31481385 2.31659842 2.31837695 2.32014944 2.32191591 2.32367637
 2.32543083 2.3271793  2.3289218  2.33065834 2.33238893 2.33411358
 2.33583231 2.33754513 2.33925204 2.34095307 2.34264822 2.34433751
 2.34602094 2.34769853 2.3493703  2.35103624 2.35269638 2.35435072
 2.35599927 2.35764205 2.35927907 2.36091034 2.36253587 2.36415567
 2.36576975 2.36737812 2.36898079 2.37057778 2.37216909 2.37375474
 2.37533473 2.37690908 2.37847779 2.38004088 2.38159835 2.38315022
 2.3846965  2.38623719 2.38777231 2.38930186 2.39082586 2.39234431
 2.39385723 2.39536463 2.39686651 2.39836288 2.39985376 2.40133915
 2.40281906 2.4042935  2.40576248 2.40722601 2.40868411 2.41013676
 2.411584   2.41302582 2.41446224 2.41589326 2.41731889 2.41873914
 2.42015402 2.42156354 2.42296771 2.42436653 2.42576002 2.42714818
 2.42853102 2.42990855 2.43128077 2.4326477  2.43400935 2.43536572
 2.43671681 2.43806264 2.43940322 2.44073856 2.44206865 2.44339352
 2.44471316 2.44602758 2.4473368  2.44864082 2.44993965 2.45123329
 2.45252175 2.45380505 2.45508318 2.45635616 2.45762399 2.45888668
 2.46014423 2.46139666 2.46264397 2.46388617 2.46512327 2.46635527
 2.46758217 2.468804   2.47002075 2.47123242 2.47243904 2.47364059
 2.4748371  2.47602856 2.47721499 2.47839639 2.47957277 2.48074413
 2.48191047 2.48307182 2.48422817 2.48537952 2.4865259  2.48766729
 2.48880371 2.48993517 2.49106166 2.49218321 2.4932998  2.49441146
 2.49551818 2.49661997 2.49771683 2.49880878 2.49989582 2.50097795
 2.50205518 2.50312752 2.50419497 2.50525754 2.50631523 2.50736805
 2.508416   2.50945909 2.51049733 2.51153072 2.51255926 2.51358297
 2.51460184 2.51561589 2.51662511 2.51762952 2.51862912 2.51962391
 2.5206139  2.52159909 2.52257949 2.5235551  2.52452594 2.525492
 2.52645329 2.52740981 2.52836157 2.52930858 2.53025083 2.53118834
 2.53212111 2.53304914 2.53397244 2.53489102 2.53580487 2.536714
 2.53761842 2.53851813 2.53941314 2.54030345 2.54118906 2.54206999
 2.54294622 2.54381778 2.54468466 2.54554687 2.54640441 2.54725728
 2.5481055  2.54894905 2.54978796 2.55062223 2.55145184 2.55227682
 2.55309717 2.55391289 2.55472398 2.55553044 2.55633229 2.55712953
 2.55792215 2.55871017 2.55949358 2.5602724  2.56104662 2.56181625
 2.5625813  2.56334176 2.56409764 2.56484894 2.56559567 2.56633784
 2.56707544 2.56780848 2.56853696 2.56926088 2.56998026 2.57069509
 2.57140537 2.57211112 2.57281233 2.573509   2.57420115 2.57488877
 2.57557186 2.57625044 2.5769245  2.57759404 2.57825908 2.57891961
 2.57957564 2.58022716 2.58087419 2.58151672 2.58215477 2.58278832
 2.58341739 2.58404198 2.58466209 2.58527773 2.58588889 2.58649558
 2.5870978  2.58769556 2.58828886 2.5888777  2.58946209 2.59004202
 2.5906175  2.59118854 2.59175513 2.59231727 2.59287498 2.59342826
 2.5939771  2.5945215  2.59506148 2.59559704 2.59612817 2.59665488
 2.59717717 2.59769504 2.5982085  2.59871756 2.5992222  2.59972243
 2.60021827 2.6007097  2.60119673 2.60167936 2.60215761 2.60263145
 2.60310091 2.60356598 2.60402667 2.60448297 2.6049349  2.60538244
 2.6058256  2.6062644  2.60669881 2.60712886 2.60755454 2.60797586
 2.6083928  2.60880539 2.60921362 2.60961749 2.610017   2.61041215
 2.61080296 2.61118941 2.61157151 2.61194927 2.61232268 2.61269175
 2.61305647 2.61341686 2.6137729  2.61412461 2.61447199 2.61481503
 2.61515374 2.61548812 2.61581817 2.61614389 2.61646529 2.61678237
 2.61709512 2.61740355 2.61770767 2.61800746 2.61830294 2.6185941
 2.61888095 2.61916349 2.61944172 2.61971563 2.61998524 2.62025054
 2.62051154 2.62076823 2.62102062 2.62126871 2.6215125  2.62175198
 2.62198717 2.62221806 2.62244466 2.62266696 2.62288497 2.62309868
 2.62330811 2.62351324 2.62371408 2.62391063 2.6241029  2.62429088
 2.62447457 2.62465398 2.62482911 2.62499995 2.62516651 2.62532879
 2.62548679 2.6256405  2.62578994 2.6259351  2.62607599 2.62621259
 2.62634492 2.62647298 2.62659676 2.62671626 2.6268315  2.62694246
 2.62704914 2.62715156 2.6272497  2.62734357 2.62743318 2.62751851
 2.62759957 2.62767637 2.62774889 2.62781715 2.62788114 2.62794086
 2.62799632 2.6280475  2.62809442 2.62813708 2.62817547 2.62820959
 2.62823945 2.62826504 2.62828637 2.62830343 2.62831622 2.62832475
 2.62832902 2.62832902] 
======================
phi= [9.57964318e-07 1.26754339e-06 1.56843010e-06 1.86217433e-06
 2.14983071e-06 2.43216087e-06 2.70974463e-06 2.98303628e-06
 3.25240560e-06 3.51815689e-06 3.78054754e-06 4.03979615e-06
 4.29609226e-06 4.54960097e-06 4.80046806e-06 5.04882294e-06
 5.29478149e-06 5.53844806e-06 5.77991715e-06 6.01927481e-06
 6.25659971e-06 6.49196412e-06 6.72543468e-06 6.95707301e-06
 7.18693633e-06 7.41507790e-06 7.64154742e-06 7.86639144e-06
 8.08965359e-06 8.31137491e-06 8.53159406e-06 8.75034755e-06
 8.96766987e-06 9.18359373e-06 9.39815015e-06 9.61136860e-06
 9.82327715e-06 1.00339025e-05 1.02432703e-05 1.04514047e-05
 1.06583292e-05 1.08640660e-05 1.10686366e-05 1.12720614e-05
 1.14743603e-05 1.16755521e-05 1.18756551e-05 1.20746869e-05
 1.22726644e-05 1.24696039e-05 1.26655212e-05 1.28604315e-05
 1.30543496e-05 1.32472896e-05 1.34392653e-05 1.36302902e-05
 1.38203771e-05 1.40095385e-05 1.41977866e-05 1.43851332e-05
 1.45715899e-05 1.47571676e-05 1.49418773e-05 1.51257294e-05
 1.53087342e-05 1.54909018e-05 1.56722417e-05 1.58527635e-05
 1.60324763e-05 1.62113892e-05 1.63895109e-05 1.65668500e-05
 1.67434148e-05 1.69192135e-05 1.70942540e-05 1.72685441e-05
 1.74420915e-05 1.76149034e-05 1.77869873e-05 1.79583501e-05
 1.81289990e-05 1.82989406e-05 1.84681816e-05 1.86367286e-05
 1.88045879e-05 1.89717658e-05 1.91382685e-05 1.93041019e-05
 1.94692720e-05 1.96337845e-05 1.97976451e-05 1.99608593e-05
 2.01234327e-05 2.02853706e-05 2.04466783e-05 2.06073609e-05
 2.07674234e-05 2.09268710e-05 2.10857084e-05 2.12439405e-05
 2.14015720e-05 2.15586076e-05 2.17150518e-05 2.18709091e-05
 2.20261840e-05 2.21808808e-05 2.23350037e-05 2.24885570e-05
 2.26415449e-05 2.27939713e-05 2.29458404e-05 2.30971560e-05
 2.32479220e-05 2.33981424e-05 2.35478208e-05 2.36969609e-05
 2.38455665e-05 2.39936412e-05 2.41411884e-05 2.42882117e-05
 2.44347146e-05 2.45807004e-05 2.47261726e-05 2.48711343e-05
 2.50155890e-05 2.51595397e-05 2.53029898e-05 2.54459422e-05
 2.55884002e-05 2.57303666e-05 2.58718447e-05 2.60128373e-05
 2.61533473e-05 2.62933777e-05 2.64329313e-05 2.65720109e-05
 2.67106193e-05 2.68487593e-05 2.69864336e-05 2.71236448e-05
 2.72603955e-05 2.73966885e-05 2.75325263e-05 2.76679115e-05
 2.78028465e-05 2.79373338e-05 2.80713760e-05 2.82049754e-05
 2.83381345e-05 2.84708556e-05 2.86031410e-05 2.87349932e-05
 2.88664145e-05 2.89974069e-05 2.91279729e-05 2.92581147e-05
 2.93878343e-05 2.95171341e-05 2.96460160e-05 2.97744824e-05
 2.99025352e-05 3.00301765e-05 3.01574085e-05 3.02842331e-05
 3.04106523e-05 3.05366682e-05 3.06622826e-05 3.07874977e-05
 3.09123152e-05 3.10367371e-05 3.11607652e-05 3.12844016e-05
 3.14076479e-05 3.15305061e-05 3.16529779e-05 3.17750652e-05
 3.18967697e-05 3.20180932e-05 3.21390374e-05 3.22596040e-05
 3.23797949e-05 3.24996116e-05 3.26190558e-05 3.27381292e-05
 3.28568335e-05 3.29751701e-05 3.30931409e-05 3.32107473e-05
 3.33279911e-05 3.34448737e-05 3.35613968e-05 3.36775618e-05
 3.37933702e-05 3.39088236e-05 3.40239235e-05 3.41386714e-05
 3.42530687e-05 3.43671168e-05 3.44808173e-05 3.45941716e-05
 3.47071811e-05 3.48198471e-05 3.49321712e-05 3.50441546e-05
 3.51557988e-05 3.52671051e-05 3.53780748e-05 3.54887093e-05
 3.55990100e-05 3.57089781e-05 3.58186149e-05 3.59279217e-05
 3.60368998e-05 3.61455505e-05 3.62538751e-05 3.63618747e-05
 3.64695506e-05 3.65769041e-05 3.66839364e-05 3.67906486e-05
 3.68970420e-05 3.70031178e-05 3.71088771e-05 3.72143212e-05
 3.73194511e-05 3.74242680e-05 3.75287731e-05 3.76329675e-05
 3.77368523e-05 3.78404287e-05 3.79436977e-05 3.80466605e-05
 3.81493181e-05 3.82516716e-05 3.83537221e-05 3.84554706e-05
 3.85569183e-05 3.86580661e-05 3.87589151e-05 3.88594664e-05
 3.89597209e-05 3.90596797e-05 3.91593438e-05 3.92587141e-05
 3.93577917e-05 3.94565777e-05 3.95550728e-05 3.96532782e-05
 3.97511947e-05 3.98488234e-05 3.99461652e-05 4.00432210e-05
 4.01399918e-05 4.02364786e-05 4.03326822e-05 4.04286036e-05
 4.05242436e-05 4.06196032e-05 4.07146832e-05 4.08094845e-05
 4.09040081e-05 4.09982549e-05 4.10922256e-05 4.11859210e-05
 4.12793419e-05 4.13724894e-05 4.14653654e-05 4.15579714e-05
 4.16503082e-05 4.17423752e-05 4.18341717e-05 4.19256981e-05
 4.20169556e-05 4.21079462e-05 4.21986709e-05 4.22891307e-05
 4.23793260e-05 4.24692577e-05 4.25589266e-05 4.26483335e-05
 4.27374790e-05 4.28263641e-05 4.29149894e-05 4.30033558e-05
 4.30914639e-05 4.31793145e-05 4.32669084e-05 4.33542464e-05
 4.34413290e-05 4.35281571e-05 4.36147314e-05 4.37010526e-05
 4.37871214e-05 4.38729386e-05 4.39585047e-05 4.40438207e-05
 4.41288870e-05 4.42137045e-05 4.42982738e-05 4.43825956e-05
 4.44666705e-05 4.45504993e-05 4.46340827e-05 4.47174212e-05
 4.48005155e-05 4.48833664e-05 4.49659744e-05 4.50483402e-05
 4.51304645e-05 4.52123479e-05 4.52939910e-05 4.53753945e-05
 4.54565590e-05 4.55374851e-05 4.56181735e-05 4.56986247e-05
 4.57788394e-05 4.58588182e-05 4.59385617e-05 4.60180706e-05
 4.60973453e-05 4.61763865e-05 4.62551948e-05 4.63337708e-05
 4.64121151e-05 4.64902282e-05 4.65681108e-05 4.66457633e-05
 4.67231865e-05 4.68003808e-05 4.68773468e-05 4.69540850e-05
 4.70305962e-05 4.71068808e-05 4.71829393e-05 4.72587719e-05
 4.73343791e-05 4.74097609e-05 4.74849187e-05 4.75598534e-05
 4.76345669e-05 4.77090597e-05 4.77833323e-05 4.78573839e-05
 4.79312140e-05 4.80048224e-05 4.80782097e-05 4.81513772e-05
 4.82243258e-05 4.82970566e-05 4.83695699e-05 4.84418664e-05
 4.85139461e-05 4.85858098e-05 4.86574577e-05 4.87288907e-05
 4.88001089e-05 4.88711130e-05 4.89419034e-05 4.90124807e-05
 4.90828452e-05 4.91529975e-05 4.92229380e-05 4.92926672e-05
 4.93621855e-05 4.94314935e-05 4.95005916e-05 4.95694802e-05
 4.96381598e-05 4.97066309e-05 4.97748938e-05 4.98429492e-05
 4.99107973e-05 4.99784387e-05 5.00458738e-05 5.01131030e-05
 5.01801268e-05 5.02469455e-05 5.03135597e-05 5.03799698e-05
 5.04461762e-05 5.05121793e-05 5.05779795e-05 5.06435772e-05
 5.07089729e-05 5.07741671e-05 5.08391602e-05 5.09039525e-05
 5.09685441e-05 5.10329350e-05 5.10971253e-05 5.11611159e-05
 5.12249080e-05 5.12885028e-05 5.13519009e-05 5.14151020e-05
 5.14781062e-05 5.15409133e-05 5.16035240e-05 5.16659385e-05
 5.17281575e-05 5.17901813e-05 5.18520103e-05 5.19136448e-05
 5.19750852e-05 5.20363319e-05 5.20973853e-05 5.21582457e-05
 5.22189136e-05 5.22793892e-05 5.23396730e-05 5.23997654e-05
 5.24596665e-05 5.25193770e-05 5.25788970e-05 5.26382270e-05
 5.26973673e-05 5.27563183e-05 5.28150803e-05 5.28736536e-05
 5.29320387e-05 5.29902358e-05 5.30482454e-05 5.31060677e-05
 5.31637031e-05 5.32211519e-05 5.32784145e-05 5.33354912e-05
 5.33923823e-05 5.34490883e-05 5.35056093e-05 5.35619457e-05
 5.36180980e-05 5.36740663e-05 5.37298510e-05 5.37854525e-05
 5.38408710e-05 5.38961069e-05 5.39511605e-05 5.40060321e-05
 5.40607221e-05 5.41152307e-05 5.41695582e-05 5.42237050e-05
 5.42776714e-05 5.43314577e-05 5.43850641e-05 5.44384911e-05
 5.44917388e-05 5.45448077e-05 5.45976979e-05 5.46504099e-05
 5.47029438e-05 5.47553000e-05 5.48074788e-05 5.48594805e-05
 5.49113054e-05 5.49629537e-05 5.50144257e-05 5.50657218e-05
 5.51168423e-05 5.51677873e-05 5.52185572e-05 5.52691523e-05
 5.53195728e-05 5.53698190e-05 5.54198913e-05 5.54697899e-05
 5.55195150e-05 5.55690669e-05 5.56184459e-05 5.56676523e-05
 5.57166864e-05 5.57655484e-05 5.58142385e-05 5.58627571e-05
 5.59111044e-05 5.59592807e-05 5.60072862e-05 5.60551212e-05
 5.61027860e-05 5.61502808e-05 5.61976059e-05 5.62447614e-05
 5.62917478e-05 5.63385652e-05 5.63852139e-05 5.64316941e-05
 5.64780062e-05 5.65241502e-05 5.65701265e-05 5.66159354e-05
 5.66615771e-05 5.67070517e-05 5.67523597e-05 5.67975011e-05
 5.68424763e-05 5.68872854e-05 5.69319288e-05 5.69764066e-05
 5.70207192e-05 5.70648666e-05 5.71088493e-05 5.71526673e-05
 5.71963209e-05 5.72398104e-05 5.72831360e-05 5.73262979e-05
 5.73692963e-05 5.74121316e-05 5.74548037e-05 5.74973132e-05
 5.75396600e-05 5.75818445e-05 5.76238669e-05 5.76657274e-05
 5.77074262e-05 5.77489636e-05 5.77903397e-05 5.78315547e-05
 5.78726090e-05 5.79135026e-05 5.79542358e-05 5.79948089e-05
 5.80352220e-05 5.80754753e-05 5.81155691e-05 5.81555035e-05
 5.81952788e-05 5.82348951e-05 5.82743527e-05 5.83136518e-05
 5.83527926e-05 5.83917752e-05 5.84305999e-05 5.84692669e-05
 5.85077763e-05 5.85461285e-05 5.85843234e-05 5.86223615e-05
 5.86602428e-05 5.86979675e-05 5.87355359e-05 5.87729481e-05
 5.88102044e-05 5.88473048e-05 5.88842497e-05 5.89210391e-05
 5.89576734e-05 5.89941526e-05 5.90304769e-05 5.90666465e-05
 5.91026617e-05 5.91385226e-05 5.91742294e-05 5.92097822e-05
 5.92451812e-05 5.92804267e-05 5.93155187e-05 5.93504576e-05
 5.93852434e-05 5.94198763e-05 5.94543565e-05 5.94886841e-05
 5.95228594e-05 5.95568825e-05 5.95907536e-05 5.96244729e-05
 5.96580405e-05 5.96914565e-05 5.97247213e-05 5.97578348e-05
 5.97907973e-05 5.98236090e-05 5.98562700e-05 5.98887805e-05
 5.99211406e-05 5.99533505e-05 5.99854104e-05 6.00173203e-05
 6.00490806e-05 6.00806913e-05 6.01121526e-05 6.01434646e-05
 6.01746276e-05 6.02056415e-05 6.02365067e-05 6.02672233e-05
 6.02977914e-05 6.03282111e-05 6.03584826e-05 6.03886061e-05
 6.04185817e-05 6.04484095e-05 6.04780898e-05 6.05076226e-05
 6.05370080e-05 6.05662463e-05 6.05953376e-05 6.06242820e-05
 6.06530796e-05 6.06817307e-05 6.07102352e-05 6.07385935e-05
 6.07668055e-05 6.07948715e-05 6.08227916e-05 6.08505659e-05
 6.08781945e-05 6.09056776e-05 6.09330153e-05 6.09602078e-05
 6.09872551e-05 6.10141574e-05 6.10409149e-05 6.10675276e-05
 6.10939956e-05 6.11203192e-05 6.11464984e-05 6.11725334e-05
 6.11984243e-05 6.12241711e-05 6.12497740e-05 6.12752332e-05
 6.13005488e-05 6.13257208e-05 6.13507494e-05 6.13756347e-05
 6.14003768e-05 6.14249759e-05 6.14494319e-05 6.14737452e-05
 6.14979157e-05 6.15219436e-05 6.15458290e-05 6.15695719e-05
 6.15931726e-05 6.16166310e-05 6.16399474e-05 6.16631218e-05
 6.16861542e-05 6.17090449e-05 6.17317939e-05 6.17544013e-05
 6.17768673e-05 6.17991918e-05 6.18213750e-05 6.18434170e-05
 6.18653179e-05 6.18870778e-05 6.19086967e-05 6.19301748e-05
 6.19515122e-05 6.19727089e-05 6.19937650e-05 6.20146806e-05
 6.20354558e-05 6.20560906e-05 6.20765852e-05 6.20969397e-05
 6.21171540e-05 6.21372283e-05 6.21571627e-05 6.21769572e-05
 6.21966119e-05 6.22161269e-05 6.22355022e-05 6.22547380e-05
 6.22738342e-05 6.22927909e-05 6.23116083e-05 6.23302863e-05
 6.23488251e-05 6.23672247e-05 6.23854851e-05 6.24036064e-05
 6.24215886e-05 6.24394319e-05 6.24571362e-05 6.24747016e-05
 6.24921282e-05 6.25094160e-05 6.25265650e-05 6.25435753e-05
 6.25604470e-05 6.25771800e-05 6.25937744e-05 6.26102302e-05
 6.26265475e-05 6.26427263e-05 6.26587667e-05 6.26746686e-05
 6.26904320e-05 6.27060571e-05 6.27215438e-05 6.27368922e-05
 6.27521023e-05 6.27671742e-05 6.27821083e-05 6.27969033e-05
 6.28115589e-05 6.28260767e-05 6.28404562e-05 6.28546976e-05
 6.28688006e-05 6.28827653e-05 6.28965917e-05 6.29102798e-05
 6.29238294e-05 6.29372407e-05 6.29505135e-05 6.29636479e-05
 6.29766439e-05 6.29895013e-05 6.30022202e-05 6.30148004e-05
 6.30272421e-05 6.30395451e-05 6.30517094e-05 6.30637349e-05
 6.30756215e-05 6.30873693e-05 6.30989781e-05 6.31104478e-05
 6.31217785e-05 6.31329700e-05 6.31440222e-05 6.31549351e-05
 6.31657086e-05 6.31763425e-05 6.31868367e-05 6.31971913e-05
 6.32074059e-05 6.32174807e-05 6.32274153e-05 6.32372097e-05
 6.32468637e-05 6.32563773e-05 6.32657503e-05 6.32749824e-05
 6.32840736e-05 6.32930237e-05 6.33018325e-05 6.33104999e-05
 6.33190256e-05 6.33274095e-05 6.33356514e-05 6.33437509e-05
 6.33517081e-05 6.33595225e-05 6.33671940e-05 6.33747223e-05
 6.33821071e-05 6.33893483e-05 6.33964455e-05 6.34033984e-05
 6.34102067e-05 6.34168702e-05 6.34233884e-05 6.34297611e-05
 6.34359879e-05 6.34420685e-05 6.34480024e-05 6.34537893e-05
 6.34594287e-05 6.34649203e-05 6.34702636e-05 6.34754581e-05
 6.34805034e-05 6.34853989e-05 6.34901441e-05 6.34947385e-05
 6.34991816e-05 6.35034727e-05 6.35076112e-05 6.35115964e-05
 6.35154278e-05 6.35191045e-05 6.35226259e-05 6.35259912e-05
 6.35291996e-05 6.35322502e-05 6.35351422e-05 6.35378745e-05
 6.35404463e-05 6.35428565e-05 6.35451040e-05 6.35471876e-05
 6.35491062e-05 6.35508585e-05 6.35524430e-05 6.35538585e-05
 6.35551033e-05 6.35561759e-05 6.35570746e-05 6.35577976e-05
 6.35583430e-05 6.35587089e-05 6.35588932e-05 6.35588932e-05] 
======================
d= [4.95210178e-05 4.93662283e-05 4.92157849e-05 4.90689128e-05
 4.89250846e-05 4.87839196e-05 4.86451277e-05 4.85084819e-05
 4.83737972e-05 4.82409216e-05 4.81097262e-05 4.79801019e-05
 4.78519539e-05 4.77251995e-05 4.75997660e-05 4.74755885e-05
 4.73526093e-05 4.72307760e-05 4.71100414e-05 4.69903626e-05
 4.68717001e-05 4.67540179e-05 4.66372827e-05 4.65214635e-05
 4.64065318e-05 4.62924611e-05 4.61792263e-05 4.60668043e-05
 4.59551732e-05 4.58443125e-05 4.57342030e-05 4.56248262e-05
 4.55161651e-05 4.54082031e-05 4.53009249e-05 4.51943157e-05
 4.50883614e-05 4.49830487e-05 4.48783649e-05 4.47742976e-05
 4.46708354e-05 4.45679670e-05 4.44656817e-05 4.43639693e-05
 4.42628199e-05 4.41622240e-05 4.40621724e-05 4.39626566e-05
 4.38636678e-05 4.37651981e-05 4.36672394e-05 4.35697842e-05
 4.34728252e-05 4.33763552e-05 4.32803673e-05 4.31848549e-05
 4.30898115e-05 4.29952308e-05 4.29011067e-05 4.28074334e-05
 4.27142051e-05 4.26214162e-05 4.25290614e-05 4.24371353e-05
 4.23456329e-05 4.22545491e-05 4.21638792e-05 4.20736183e-05
 4.19837618e-05 4.18943054e-05 4.18052445e-05 4.17165750e-05
 4.16282926e-05 4.15403933e-05 4.14528730e-05 4.13657279e-05
 4.12789543e-05 4.11925483e-05 4.11065064e-05 4.10208249e-05
 4.09355005e-05 4.08505297e-05 4.07659092e-05 4.06816357e-05
 4.05977060e-05 4.05141171e-05 4.04308658e-05 4.03479490e-05
 4.02653640e-05 4.01831078e-05 4.01011775e-05 4.00195703e-05
 3.99382836e-05 3.98573147e-05 3.97766609e-05 3.96963196e-05
 3.96162883e-05 3.95365645e-05 3.94571458e-05 3.93780298e-05
 3.92992140e-05 3.92206962e-05 3.91424741e-05 3.90645455e-05
 3.89869080e-05 3.89095596e-05 3.88324981e-05 3.87557215e-05
 3.86792276e-05 3.86030143e-05 3.85270798e-05 3.84514220e-05
 3.83760390e-05 3.83009288e-05 3.82260896e-05 3.81515195e-05
 3.80772167e-05 3.80031794e-05 3.79294058e-05 3.78558941e-05
 3.77826427e-05 3.77096498e-05 3.76369137e-05 3.75644328e-05
 3.74922055e-05 3.74202301e-05 3.73485051e-05 3.72770289e-05
 3.72057999e-05 3.71348167e-05 3.70640776e-05 3.69935814e-05
 3.69233263e-05 3.68533111e-05 3.67835343e-05 3.67139945e-05
 3.66446903e-05 3.65756203e-05 3.65067832e-05 3.64381776e-05
 3.63698022e-05 3.63016557e-05 3.62337368e-05 3.61660443e-05
 3.60985768e-05 3.60313331e-05 3.59643120e-05 3.58975123e-05
 3.58309328e-05 3.57645722e-05 3.56984295e-05 3.56325034e-05
 3.55667928e-05 3.55012965e-05 3.54360135e-05 3.53709427e-05
 3.53060828e-05 3.52414330e-05 3.51769920e-05 3.51127588e-05
 3.50487324e-05 3.49849117e-05 3.49212958e-05 3.48578835e-05
 3.47946738e-05 3.47316659e-05 3.46688587e-05 3.46062512e-05
 3.45438424e-05 3.44816315e-05 3.44196174e-05 3.43577992e-05
 3.42961760e-05 3.42347470e-05 3.41735110e-05 3.41124674e-05
 3.40516152e-05 3.39909534e-05 3.39304813e-05 3.38701980e-05
 3.38101026e-05 3.37501942e-05 3.36904721e-05 3.36309354e-05
 3.35715833e-05 3.35124149e-05 3.34534296e-05 3.33946263e-05
 3.33360045e-05 3.32775631e-05 3.32193016e-05 3.31612191e-05
 3.31033149e-05 3.30455882e-05 3.29880382e-05 3.29306643e-05
 3.28734657e-05 3.28164416e-05 3.27595913e-05 3.27029142e-05
 3.26464095e-05 3.25900764e-05 3.25339144e-05 3.24779227e-05
 3.24221006e-05 3.23664475e-05 3.23109626e-05 3.22556453e-05
 3.22004950e-05 3.21455110e-05 3.20906926e-05 3.20360392e-05
 3.19815501e-05 3.19272247e-05 3.18730625e-05 3.18190627e-05
 3.17652247e-05 3.17115479e-05 3.16580318e-05 3.16046757e-05
 3.15514790e-05 3.14984411e-05 3.14455614e-05 3.13928394e-05
 3.13402745e-05 3.12878660e-05 3.12356135e-05 3.11835163e-05
 3.11315738e-05 3.10797857e-05 3.10281511e-05 3.09766698e-05
 3.09253410e-05 3.08741642e-05 3.08231390e-05 3.07722647e-05
 3.07215409e-05 3.06709669e-05 3.06205424e-05 3.05702668e-05
 3.05201395e-05 3.04701602e-05 3.04203281e-05 3.03706429e-05
 3.03211041e-05 3.02717112e-05 3.02224636e-05 3.01733609e-05
 3.01244026e-05 3.00755883e-05 3.00269174e-05 2.99783895e-05
 2.99300041e-05 2.98817607e-05 2.98336589e-05 2.97856982e-05
 2.97378782e-05 2.96901984e-05 2.96426584e-05 2.95952577e-05
 2.95479959e-05 2.95008726e-05 2.94538872e-05 2.94070395e-05
 2.93603290e-05 2.93137553e-05 2.92673173e-05 2.92210143e-05
 2.91748459e-05 2.91288124e-05 2.90829142e-05 2.90371510e-05
 2.89915222e-05 2.89460269e-05 2.89006645e-05 2.88554346e-05
 2.88103370e-05 2.87653711e-05 2.87205367e-05 2.86758333e-05
 2.86312605e-05 2.85868180e-05 2.85425053e-05 2.84983221e-05
 2.84542681e-05 2.84103427e-05 2.83665458e-05 2.83228768e-05
 2.82793355e-05 2.82359214e-05 2.81926343e-05 2.81494737e-05
 2.81064393e-05 2.80635307e-05 2.80207476e-05 2.79780897e-05
 2.79355565e-05 2.78931478e-05 2.78508631e-05 2.78087022e-05
 2.77666647e-05 2.77247503e-05 2.76829587e-05 2.76412894e-05
 2.75997422e-05 2.75583168e-05 2.75170128e-05 2.74758299e-05
 2.74347677e-05 2.73938260e-05 2.73530045e-05 2.73123027e-05
 2.72717205e-05 2.72312574e-05 2.71909133e-05 2.71506876e-05
 2.71105803e-05 2.70705909e-05 2.70307191e-05 2.69909647e-05
 2.69513274e-05 2.69118067e-05 2.68724026e-05 2.68331146e-05
 2.67939425e-05 2.67548859e-05 2.67159446e-05 2.66771183e-05
 2.66384068e-05 2.65998096e-05 2.65613266e-05 2.65229575e-05
 2.64847019e-05 2.64465596e-05 2.64085304e-05 2.63706140e-05
 2.63328105e-05 2.62951196e-05 2.62575407e-05 2.62200733e-05
 2.61827165e-05 2.61454702e-05 2.61083339e-05 2.60713081e-05
 2.60343930e-05 2.59975888e-05 2.59608951e-05 2.59243114e-05
 2.58878371e-05 2.58514717e-05 2.58152150e-05 2.57790668e-05
 2.57430270e-05 2.57070951e-05 2.56712711e-05 2.56355547e-05
 2.55999455e-05 2.55644435e-05 2.55290483e-05 2.54937597e-05
 2.54585774e-05 2.54235013e-05 2.53885310e-05 2.53536664e-05
 2.53189072e-05 2.52842533e-05 2.52497042e-05 2.52152599e-05
 2.51809201e-05 2.51466846e-05 2.51125531e-05 2.50785254e-05
 2.50446013e-05 2.50107806e-05 2.49770631e-05 2.49434485e-05
 2.49099366e-05 2.48765272e-05 2.48432201e-05 2.48100151e-05
 2.47769119e-05 2.47439104e-05 2.47110103e-05 2.46782114e-05
 2.46455135e-05 2.46129164e-05 2.45804199e-05 2.45480237e-05
 2.45157279e-05 2.44835325e-05 2.44514374e-05 2.44194421e-05
 2.43875460e-05 2.43557486e-05 2.43240495e-05 2.42924490e-05
 2.42609469e-05 2.42295434e-05 2.41982380e-05 2.41670307e-05
 2.41359212e-05 2.41049093e-05 2.40739949e-05 2.40431776e-05
 2.40124574e-05 2.39818340e-05 2.39513073e-05 2.39208771e-05
 2.38905432e-05 2.38603054e-05 2.38301635e-05 2.38001173e-05
 2.37701667e-05 2.37403115e-05 2.37105515e-05 2.36808865e-05
 2.36513163e-05 2.36218409e-05 2.35924599e-05 2.35631732e-05
 2.35339807e-05 2.35048821e-05 2.34758773e-05 2.34469662e-05
 2.34181485e-05 2.33894241e-05 2.33607928e-05 2.33322544e-05
 2.33038088e-05 2.32754559e-05 2.32471954e-05 2.32190271e-05
 2.31909510e-05 2.31629669e-05 2.31350745e-05 2.31072738e-05
 2.30795645e-05 2.30519466e-05 2.30244197e-05 2.29969839e-05
 2.29696390e-05 2.29423847e-05 2.29152209e-05 2.28881475e-05
 2.28611643e-05 2.28342712e-05 2.28074679e-05 2.27807545e-05
 2.27541306e-05 2.27275962e-05 2.27011510e-05 2.26747951e-05
 2.26485281e-05 2.26223500e-05 2.25962606e-05 2.25702597e-05
 2.25443473e-05 2.25185232e-05 2.24927871e-05 2.24671391e-05
 2.24415789e-05 2.24161064e-05 2.23907214e-05 2.23654239e-05
 2.23402136e-05 2.23150905e-05 2.22900543e-05 2.22651051e-05
 2.22402425e-05 2.22154666e-05 2.21907770e-05 2.21661738e-05
 2.21416568e-05 2.21172258e-05 2.20928807e-05 2.20686214e-05
 2.20444478e-05 2.20203596e-05 2.19963569e-05 2.19724394e-05
 2.19486070e-05 2.19248596e-05 2.19011971e-05 2.18776193e-05
 2.18541261e-05 2.18307174e-05 2.18073930e-05 2.17841529e-05
 2.17609969e-05 2.17379249e-05 2.17149367e-05 2.16920323e-05
 2.16692115e-05 2.16464741e-05 2.16238202e-05 2.16012495e-05
 2.15787619e-05 2.15563573e-05 2.15340356e-05 2.15117967e-05
 2.14896404e-05 2.14675667e-05 2.14455754e-05 2.14236664e-05
 2.14018395e-05 2.13800948e-05 2.13584320e-05 2.13368510e-05
 2.13153518e-05 2.12939342e-05 2.12725981e-05 2.12513434e-05
 2.12301700e-05 2.12090777e-05 2.11880665e-05 2.11671363e-05
 2.11462869e-05 2.11255182e-05 2.11048302e-05 2.10842226e-05
 2.10636955e-05 2.10432487e-05 2.10228821e-05 2.10025956e-05
 2.09823890e-05 2.09622623e-05 2.09422155e-05 2.09222482e-05
 2.09023606e-05 2.08825524e-05 2.08628236e-05 2.08431741e-05
 2.08236037e-05 2.08041124e-05 2.07847000e-05 2.07653666e-05
 2.07461118e-05 2.07269358e-05 2.07078383e-05 2.06888193e-05
 2.06698786e-05 2.06510162e-05 2.06322320e-05 2.06135259e-05
 2.05948978e-05 2.05763476e-05 2.05578752e-05 2.05394804e-05
 2.05211633e-05 2.05029237e-05 2.04847616e-05 2.04666767e-05
 2.04486691e-05 2.04307387e-05 2.04128853e-05 2.03951089e-05
 2.03774094e-05 2.03597867e-05 2.03422406e-05 2.03247712e-05
 2.03073783e-05 2.02900619e-05 2.02728218e-05 2.02556579e-05
 2.02385703e-05 2.02215587e-05 2.02046232e-05 2.01877636e-05
 2.01709798e-05 2.01542717e-05 2.01376394e-05 2.01210826e-05
 2.01046013e-05 2.00881955e-05 2.00718650e-05 2.00556098e-05
 2.00394297e-05 2.00233248e-05 2.00072948e-05 1.99913398e-05
 1.99754597e-05 1.99596543e-05 1.99439237e-05 1.99282677e-05
 1.99126862e-05 1.98971792e-05 1.98817466e-05 1.98663884e-05
 1.98511043e-05 1.98358945e-05 1.98207587e-05 1.98056970e-05
 1.97907092e-05 1.97757952e-05 1.97609551e-05 1.97461887e-05
 1.97314960e-05 1.97168768e-05 1.97023312e-05 1.96878590e-05
 1.96734602e-05 1.96591347e-05 1.96448824e-05 1.96307033e-05
 1.96165972e-05 1.96025642e-05 1.95886042e-05 1.95747171e-05
 1.95609028e-05 1.95471612e-05 1.95334923e-05 1.95198961e-05
 1.95063725e-05 1.94929213e-05 1.94795426e-05 1.94662362e-05
 1.94530022e-05 1.94398404e-05 1.94267508e-05 1.94137333e-05
 1.94007879e-05 1.93879145e-05 1.93751130e-05 1.93623834e-05
 1.93497256e-05 1.93371396e-05 1.93246253e-05 1.93121827e-05
 1.92998116e-05 1.92875121e-05 1.92752840e-05 1.92631274e-05
 1.92510421e-05 1.92390282e-05 1.92270855e-05 1.92152140e-05
 1.92034137e-05 1.91916845e-05 1.91800263e-05 1.91684391e-05
 1.91569229e-05 1.91454775e-05 1.91341030e-05 1.91227993e-05
 1.91115664e-05 1.91004041e-05 1.90893125e-05 1.90782915e-05
 1.90673410e-05 1.90564611e-05 1.90456516e-05 1.90349126e-05
 1.90242439e-05 1.90136456e-05 1.90031175e-05 1.89926597e-05
 1.89822721e-05 1.89719547e-05 1.89617074e-05 1.89515302e-05
 1.89414230e-05 1.89313858e-05 1.89214187e-05 1.89115214e-05
 1.89016940e-05 1.88919366e-05 1.88822489e-05 1.88726310e-05
 1.88630829e-05 1.88536045e-05 1.88441958e-05 1.88348568e-05
 1.88255874e-05 1.88163877e-05 1.88072575e-05 1.87981968e-05
 1.87892057e-05 1.87802841e-05 1.87714319e-05 1.87626492e-05
 1.87539359e-05 1.87452920e-05 1.87367175e-05 1.87282123e-05
 1.87197765e-05 1.87114100e-05 1.87031128e-05 1.86948849e-05
 1.86867262e-05 1.86786368e-05 1.86706167e-05 1.86626657e-05
 1.86547840e-05 1.86469714e-05 1.86392281e-05 1.86315539e-05
 1.86239489e-05 1.86164129e-05 1.86089458e-05 1.86015484e-05
 1.85942206e-05 1.85869617e-05 1.85797719e-05 1.85726512e-05
 1.85655997e-05 1.85586173e-05 1.85517041e-05 1.85448601e-05
 1.85380853e-05 1.85313797e-05 1.85247432e-05 1.85181760e-05
 1.85116781e-05 1.85052494e-05 1.84988899e-05 1.84925998e-05
 1.84863789e-05 1.84802275e-05 1.84741453e-05 1.84681326e-05
 1.84621892e-05 1.84563154e-05 1.84505110e-05 1.84447761e-05
 1.84391107e-05 1.84335150e-05 1.84279889e-05 1.84225324e-05
 1.84171457e-05 1.84118288e-05 1.84065816e-05 1.84014044e-05
 1.83962970e-05 1.83912597e-05 1.83862924e-05 1.83813952e-05
 1.83765681e-05 1.83718113e-05 1.83671249e-05 1.83625088e-05
 1.83579632e-05 1.83534881e-05 1.83490837e-05 1.83447500e-05
 1.83404872e-05 1.83362952e-05 1.83321743e-05 1.83281245e-05
 1.83241460e-05 1.83202388e-05 1.83164030e-05 1.83126389e-05
 1.83089464e-05 1.83053259e-05 1.83017773e-05 1.82983008e-05
 1.82948966e-05 1.82915649e-05 1.82883058e-05 1.82851194e-05
 1.82820060e-05 1.82789658e-05 1.82759988e-05 1.82731054e-05
 1.82702856e-05 1.82675398e-05 1.82648682e-05 1.82622709e-05
 1.82597483e-05 1.82573006e-05 1.82549279e-05 1.82526307e-05
 1.82504092e-05 1.82482637e-05 1.82461944e-05 1.82442018e-05
 1.82422861e-05 1.82404477e-05 1.82386870e-05 1.82370044e-05
 1.82354002e-05 1.82338749e-05 1.82324289e-05 1.82310627e-05
 1.82297768e-05 1.82285717e-05 1.82274480e-05 1.82264062e-05
 1.82254469e-05 1.82245708e-05 1.82237785e-05 1.82230708e-05
 1.82224483e-05 1.82219120e-05 1.82214627e-05 1.82211012e-05
 1.82208285e-05 1.82206455e-05 1.82205534e-05 1.82205534e-05] 
======================
xi= [2.7530869039799276e-05, 0.0020723685868633537, 0.005888015044569543, 0.010988199617680371, 0.016634995910344764, 0.022965399745376078, 0.029361413464873445, 0.036137652535044286, 0.04295694130028517, 0.049498564819821844, 0.056160761002731464, 0.06243053257059394, 0.06870987569637053, 0.07452958746448352, 0.08027406847330308, 0.08570415105569401, 0.09062778831941268, 0.0953787704217613, 0.09961530115758528, 0.10362778296928538, 0.10712996456841288, 0.11036388208826184, 0.11319082976604282, 0.11552875152274215, 0.11753941776556533, 0.11907839234775082, 0.12024658196114235, 0.12094745470128365] 
======================
tf_hrs= 0.419167002 
======================
rpt= [4.996718289076145e-05, 4.99343657815229e-05, 4.990154867228435e-05, 4.98687315630458e-05, 4.983591445380725e-05, 4.98030973445687e-05, 4.977028023533015e-05, 4.97374631260916e-05, 4.970464601685305e-05, 4.96718289076145e-05, 4.963901179837595e-05, 4.96061946891374e-05, 4.957337757989885e-05, 4.95405604706603e-05, 4.950774336142175e-05, 4.9474926252183203e-05, 4.9442109142944653e-05, 4.9409292033706104e-05, 4.9376474924467554e-05, 4.9343657815229004e-05, 4.9310840705990454e-05, 4.9278023596751904e-05, 4.9245206487513354e-05, 4.9212389378274804e-05, 4.9179572269036254e-05, 4.9146755159797704e-05, 4.9113938050559154e-05, 4.9081120941320604e-05, 4.9048303832082054e-05, 4.9015486722843504e-05, 4.8982669613604954e-05, 4.8949852504366404e-05, 4.8917035395127855e-05, 4.8884218285889305e-05, 4.8851401176650755e-05, 4.8818584067412205e-05, 4.8785766958173655e-05, 4.8752949848935105e-05, 4.8720132739696555e-05, 4.8687315630458005e-05, 4.8654498521219455e-05, 4.8621681411980905e-05, 4.8588864302742355e-05, 4.8556047193503805e-05, 4.8523230084265255e-05, 4.8490412975026705e-05, 4.8457595865788155e-05, 4.8424778756549605e-05, 4.8391961647311056e-05, 4.8359144538072506e-05, 4.8326327428833956e-05, 4.8293510319595406e-05, 4.8260693210356856e-05, 4.8227876101118306e-05, 4.8195058991879756e-05, 4.8162241882641206e-05, 4.8129424773402656e-05, 4.8096607664164106e-05, 4.8063790554925556e-05, 4.8030973445687006e-05, 4.7998156336448456e-05, 4.7965339227209906e-05, 4.7932522117971356e-05, 4.7899705008732807e-05, 4.7866887899494257e-05, 4.783407079025571e-05, 4.780125368101716e-05, 4.776843657177861e-05, 4.773561946254006e-05, 4.770280235330151e-05, 4.766998524406296e-05, 4.763716813482441e-05, 4.760435102558586e-05, 4.757153391634731e-05, 4.753871680710876e-05, 4.750589969787021e-05, 4.747308258863166e-05, 4.744026547939311e-05, 4.740744837015456e-05, 4.737463126091601e-05, 4.734181415167746e-05, 4.730899704243891e-05, 4.727617993320036e-05, 4.724336282396181e-05, 4.721054571472326e-05, 4.717772860548471e-05, 4.714491149624616e-05, 4.711209438700761e-05, 4.707927727776906e-05, 4.704646016853051e-05, 4.701364305929196e-05, 4.698082595005341e-05, 4.694800884081486e-05, 4.691519173157631e-05, 4.688237462233776e-05, 4.684955751309921e-05, 4.681674040386066e-05, 4.678392329462211e-05, 4.675110618538356e-05, 4.671828907614501e-05, 4.668547196690646e-05, 4.665265485766791e-05, 4.661983774842936e-05, 4.658702063919081e-05, 4.655420352995226e-05, 4.652138642071371e-05, 4.648856931147516e-05, 4.645575220223661e-05, 4.642293509299806e-05, 4.639011798375951e-05, 4.635730087452096e-05, 4.632448376528241e-05, 4.629166665604386e-05, 4.625884954680531e-05, 4.622603243756676e-05, 4.619321532832821e-05, 4.616039821908966e-05, 4.612758110985111e-05, 4.609476400061256e-05, 4.606194689137401e-05, 4.602912978213546e-05, 4.599631267289691e-05, 4.596349556365836e-05, 4.593067845441981e-05, 4.589786134518126e-05, 4.586504423594271e-05, 4.583222712670416e-05, 4.579941001746561e-05, 4.576659290822706e-05, 4.573377579898851e-05, 4.570095868974996e-05, 4.566814158051141e-05, 4.563532447127286e-05, 4.560250736203431e-05, 4.556969025279576e-05, 4.553687314355721e-05, 4.550405603431866e-05, 4.547123892508011e-05, 4.543842181584156e-05, 4.540560470660301e-05, 4.537278759736446e-05, 4.533997048812591e-05, 4.530715337888736e-05, 4.527433626964881e-05, 4.524151916041026e-05, 4.520870205117171e-05, 4.517588494193316e-05, 4.514306783269461e-05, 4.511025072345606e-05, 4.507743361421751e-05, 4.504461650497896e-05, 4.501179939574041e-05, 4.497898228650186e-05, 4.494616517726331e-05, 4.491334806802476e-05, 4.488053095878621e-05, 4.484771384954766e-05, 4.481489674030911e-05, 4.478207963107056e-05, 4.474926252183201e-05, 4.471644541259346e-05, 4.468362830335491e-05, 4.465081119411636e-05, 4.461799408487781e-05, 4.458517697563926e-05, 4.455235986640071e-05, 4.451954275716216e-05, 4.448672564792361e-05, 4.445390853868506e-05, 4.442109142944651e-05, 4.4388274320207963e-05, 4.4355457210969413e-05, 4.4322640101730864e-05, 4.4289822992492314e-05, 4.4257005883253764e-05, 4.4224188774015214e-05, 4.4191371664776664e-05, 4.4158554555538114e-05, 4.4125737446299564e-05, 4.4092920337061014e-05, 4.4060103227822464e-05, 4.4027286118583914e-05, 4.3994469009345364e-05, 4.3961651900106814e-05, 4.3928834790868264e-05, 4.3896017681629714e-05, 4.3863200572391164e-05, 4.3830383463152615e-05, 4.3797566353914065e-05, 4.3764749244675515e-05, 4.3731932135436965e-05, 4.3699115026198415e-05, 4.3666297916959865e-05, 4.3633480807721315e-05, 4.3600663698482765e-05, 4.3567846589244215e-05, 4.3535029480005665e-05, 4.3502212370767115e-05, 4.3469395261528565e-05, 4.3436578152290015e-05, 4.3403761043051465e-05, 4.3370943933812915e-05, 4.3338126824574365e-05, 4.3305309715335816e-05, 4.3272492606097266e-05, 4.3239675496858716e-05, 4.3206858387620166e-05, 4.3174041278381616e-05, 4.3141224169143066e-05, 4.3108407059904516e-05, 4.3075589950665966e-05, 4.3042772841427416e-05, 4.3009955732188866e-05, 4.2977138622950316e-05, 4.2944321513711766e-05, 4.2911504404473216e-05, 4.2878687295234666e-05, 4.2845870185996116e-05, 4.2813053076757567e-05, 4.2780235967519017e-05, 4.274741885828047e-05, 4.271460174904192e-05, 4.268178463980337e-05, 4.264896753056482e-05, 4.261615042132627e-05, 4.258333331208772e-05, 4.255051620284917e-05, 4.251769909361062e-05, 4.248488198437207e-05, 4.245206487513352e-05, 4.241924776589497e-05, 4.238643065665642e-05, 4.235361354741787e-05, 4.232079643817932e-05, 4.228797932894077e-05, 4.225516221970222e-05, 4.222234511046367e-05, 4.218952800122512e-05, 4.215671089198657e-05, 4.212389378274802e-05, 4.209107667350947e-05, 4.205825956427092e-05, 4.202544245503237e-05, 4.199262534579382e-05, 4.195980823655527e-05, 4.192699112731672e-05, 4.189417401807817e-05, 4.186135690883962e-05, 4.182853979960107e-05, 4.179572269036252e-05, 4.176290558112397e-05, 4.173008847188542e-05, 4.169727136264687e-05, 4.166445425340832e-05, 4.163163714416977e-05, 4.159882003493122e-05, 4.156600292569267e-05, 4.153318581645412e-05, 4.150036870721557e-05, 4.146755159797702e-05, 4.143473448873847e-05, 4.140191737949992e-05, 4.136910027026137e-05, 4.133628316102282e-05, 4.130346605178427e-05, 4.127064894254572e-05, 4.123783183330717e-05, 4.120501472406862e-05, 4.117219761483007e-05, 4.113938050559152e-05, 4.110656339635297e-05, 4.107374628711442e-05, 4.104092917787587e-05, 4.100811206863732e-05, 4.097529495939877e-05, 4.094247785016022e-05, 4.090966074092167e-05, 4.087684363168312e-05, 4.084402652244457e-05, 4.081120941320602e-05, 4.077839230396747e-05, 4.074557519472892e-05, 4.071275808549037e-05, 4.067994097625182e-05, 4.064712386701327e-05, 4.061430675777472e-05, 4.058148964853617e-05, 4.054867253929762e-05, 4.051585543005907e-05, 4.048303832082052e-05, 4.045022121158197e-05, 4.041740410234342e-05, 4.038458699310487e-05, 4.035176988386632e-05, 4.031895277462777e-05, 4.028613566538922e-05, 4.025331855615067e-05, 4.022050144691212e-05, 4.018768433767357e-05, 4.015486722843502e-05, 4.012205011919647e-05, 4.008923300995792e-05, 4.005641590071937e-05, 4.002359879148082e-05, 3.999078168224227e-05, 3.995796457300372e-05, 3.992514746376517e-05, 3.989233035452662e-05, 3.985951324528807e-05, 3.982669613604952e-05, 3.979387902681097e-05, 3.976106191757242e-05, 3.972824480833387e-05, 3.969542769909532e-05, 3.966261058985677e-05, 3.962979348061822e-05, 3.959697637137967e-05, 3.956415926214112e-05, 3.953134215290257e-05, 3.949852504366402e-05, 3.946570793442547e-05, 3.943289082518692e-05, 3.940007371594837e-05, 3.936725660670982e-05, 3.933443949747127e-05, 3.9301622388232723e-05, 3.9268805278994173e-05, 3.9235988169755624e-05, 3.9203171060517074e-05, 3.9170353951278524e-05, 3.9137536842039974e-05, 3.9104719732801424e-05, 3.9071902623562874e-05, 3.9039085514324324e-05, 3.9006268405085774e-05, 3.8973451295847224e-05, 3.8940634186608674e-05, 3.8907817077370124e-05, 3.8874999968131574e-05, 3.8842182858893024e-05, 3.8809365749654474e-05, 3.8776548640415924e-05, 3.8743731531177374e-05, 3.8710914421938825e-05, 3.8678097312700275e-05, 3.8645280203461725e-05, 3.8612463094223175e-05, 3.8579645984984625e-05, 3.8546828875746075e-05, 3.8514011766507525e-05, 3.8481194657268975e-05, 3.8448377548030425e-05, 3.8415560438791875e-05, 3.8382743329553325e-05, 3.8349926220314775e-05, 3.8317109111076225e-05, 3.8284292001837675e-05, 3.8251474892599125e-05, 3.8218657783360576e-05, 3.8185840674122026e-05, 3.8153023564883476e-05, 3.8120206455644926e-05, 3.8087389346406376e-05, 3.8054572237167826e-05, 3.8021755127929276e-05, 3.7988938018690726e-05, 3.7956120909452176e-05, 3.7923303800213626e-05, 3.7890486690975076e-05, 3.7857669581736526e-05, 3.7824852472497976e-05, 3.7792035363259426e-05, 3.7759218254020876e-05, 3.7726401144782326e-05, 3.7693584035543777e-05, 3.766076692630523e-05, 3.762794981706668e-05, 3.759513270782813e-05, 3.756231559858958e-05, 3.752949848935103e-05, 3.749668138011248e-05, 3.746386427087393e-05, 3.743104716163538e-05, 3.739823005239683e-05, 3.736541294315828e-05, 3.733259583391973e-05, 3.729977872468118e-05, 3.726696161544263e-05, 3.723414450620408e-05, 3.720132739696553e-05, 3.716851028772698e-05, 3.713569317848843e-05, 3.710287606924988e-05, 3.707005896001133e-05, 3.703724185077278e-05, 3.700442474153423e-05, 3.697160763229568e-05, 3.693879052305713e-05, 3.690597341381858e-05, 3.687315630458003e-05, 3.684033919534148e-05, 3.680752208610293e-05, 3.677470497686438e-05, 3.674188786762583e-05, 3.670907075838728e-05, 3.667625364914873e-05, 3.664343653991018e-05, 3.661061943067163e-05, 3.657780232143308e-05, 3.654498521219453e-05, 3.651216810295598e-05, 3.647935099371743e-05, 3.644653388447888e-05, 3.641371677524033e-05, 3.638089966600178e-05, 3.634808255676323e-05, 3.631526544752468e-05, 3.628244833828613e-05, 3.624963122904758e-05, 3.621681411980903e-05, 3.618399701057048e-05, 3.615117990133193e-05, 3.611836279209338e-05, 3.608554568285483e-05, 3.605272857361628e-05, 3.601991146437773e-05, 3.598709435513918e-05, 3.595427724590063e-05, 3.592146013666208e-05, 3.588864302742353e-05, 3.585582591818498e-05, 3.582300880894643e-05, 3.579019169970788e-05, 3.575737459046933e-05, 3.572455748123078e-05, 3.569174037199223e-05, 3.565892326275368e-05, 3.562610615351513e-05, 3.559328904427658e-05, 3.556047193503803e-05, 3.552765482579948e-05, 3.549483771656093e-05, 3.546202060732238e-05, 3.542920349808383e-05, 3.539638638884528e-05, 3.536356927960673e-05, 3.533075217036818e-05, 3.529793506112963e-05, 3.526511795189108e-05, 3.523230084265253e-05, 3.519948373341398e-05, 3.516666662417543e-05, 3.513384951493688e-05, 3.510103240569833e-05, 3.506821529645978e-05, 3.503539818722123e-05, 3.500258107798268e-05, 3.496976396874413e-05, 3.493694685950558e-05, 3.490412975026703e-05, 3.487131264102848e-05, 3.483849553178993e-05, 3.480567842255138e-05, 3.477286131331283e-05, 3.474004420407428e-05, 3.470722709483573e-05, 3.467440998559718e-05, 3.464159287635863e-05, 3.460877576712008e-05, 3.457595865788153e-05, 3.454314154864298e-05, 3.451032443940443e-05, 3.447750733016588e-05, 3.444469022092733e-05, 3.441187311168878e-05, 3.437905600245023e-05, 3.434623889321168e-05, 3.431342178397313e-05, 3.428060467473458e-05, 3.424778756549603e-05, 3.421497045625748e-05, 3.4182153347018933e-05, 3.4149336237780384e-05, 3.4116519128541834e-05, 3.4083702019303284e-05, 3.4050884910064734e-05, 3.4018067800826184e-05, 3.3985250691587634e-05, 3.3952433582349084e-05, 3.3919616473110534e-05, 3.3886799363871984e-05, 3.3853982254633434e-05, 3.3821165145394884e-05, 3.3788348036156334e-05, 3.3755530926917784e-05, 3.3722713817679234e-05, 3.3689896708440684e-05, 3.3657079599202134e-05, 3.3624262489963585e-05, 3.3591445380725035e-05, 3.3558628271486485e-05, 3.3525811162247935e-05, 3.3492994053009385e-05, 3.3460176943770835e-05, 3.3427359834532285e-05, 3.3394542725293735e-05, 3.3361725616055185e-05, 3.3328908506816635e-05, 3.3296091397578085e-05, 3.3263274288339535e-05, 3.3230457179100985e-05, 3.3197640069862435e-05, 3.3164822960623885e-05, 3.3132005851385336e-05, 3.3099188742146786e-05, 3.3066371632908236e-05, 3.3033554523669686e-05, 3.3000737414431136e-05, 3.2967920305192586e-05, 3.2935103195954036e-05, 3.2902286086715486e-05, 3.2869468977476936e-05, 3.2836651868238386e-05, 3.2803834758999836e-05, 3.2771017649761286e-05, 3.2738200540522736e-05, 3.2705383431284186e-05, 3.2672566322045636e-05, 3.2639749212807086e-05, 3.2606932103568537e-05, 3.2574114994329987e-05, 3.254129788509144e-05, 3.250848077585289e-05, 3.247566366661434e-05, 3.244284655737579e-05, 3.241002944813724e-05, 3.237721233889869e-05, 3.234439522966014e-05, 3.231157812042159e-05, 3.227876101118304e-05, 3.224594390194449e-05, 3.221312679270594e-05, 3.218030968346739e-05, 3.214749257422884e-05, 3.211467546499029e-05, 3.208185835575174e-05, 3.204904124651319e-05, 3.201622413727464e-05, 3.198340702803609e-05, 3.195058991879754e-05, 3.191777280955899e-05, 3.188495570032044e-05, 3.185213859108189e-05, 3.181932148184334e-05, 3.178650437260479e-05, 3.175368726336624e-05, 3.172087015412769e-05, 3.168805304488914e-05, 3.165523593565059e-05, 3.162241882641204e-05, 3.158960171717349e-05, 3.155678460793494e-05, 3.152396749869639e-05, 3.149115038945784e-05, 3.145833328021929e-05, 3.142551617098074e-05, 3.139269906174219e-05, 3.135988195250364e-05, 3.132706484326509e-05, 3.129424773402654e-05, 3.126143062478799e-05, 3.122861351554944e-05, 3.119579640631089e-05, 3.116297929707234e-05, 3.113016218783379e-05, 3.109734507859524e-05, 3.106452796935669e-05, 3.103171086011814e-05, 3.099889375087959e-05, 3.096607664164104e-05, 3.093325953240249e-05, 3.090044242316394e-05, 3.086762531392539e-05, 3.083480820468684e-05, 3.080199109544829e-05, 3.076917398620974e-05, 3.073635687697119e-05, 3.070353976773264e-05, 3.067072265849409e-05, 3.063790554925554e-05, 3.060508844001699e-05, 3.057227133077844e-05, 3.053945422153989e-05, 3.0506637112301337e-05, 3.0473820003062784e-05, 3.044100289382423e-05, 3.0408185784585677e-05, 3.0375368675347124e-05, 3.034255156610857e-05, 3.0309734456870017e-05, 3.0276917347631464e-05, 3.024410023839291e-05, 3.0211283129154357e-05, 3.0178466019915804e-05, 3.014564891067725e-05, 3.0112831801438697e-05, 3.0080014692200144e-05, 3.004719758296159e-05, 3.0014380473723037e-05, 2.9981563364484484e-05, 2.994874625524593e-05, 2.9915929146007377e-05, 2.9883112036768824e-05, 2.985029492753027e-05, 2.9817477818291717e-05, 2.9784660709053164e-05, 2.975184359981461e-05, 2.9719026490576058e-05, 2.9686209381337504e-05, 2.965339227209895e-05, 2.9620575162860398e-05, 2.9587758053621844e-05, 2.955494094438329e-05, 2.9522123835144738e-05, 2.9489306725906184e-05, 2.945648961666763e-05, 2.9423672507429078e-05, 2.9390855398190524e-05, 2.935803828895197e-05, 2.9325221179713418e-05, 2.9292404070474864e-05, 2.925958696123631e-05, 2.9226769851997758e-05, 2.9193952742759204e-05, 2.916113563352065e-05, 2.9128318524282098e-05, 2.9095501415043544e-05, 2.906268430580499e-05, 2.9029867196566438e-05, 2.8997050087327884e-05, 2.896423297808933e-05, 2.8931415868850778e-05, 2.8898598759612224e-05, 2.886578165037367e-05, 2.8832964541135118e-05, 2.8800147431896564e-05, 2.876733032265801e-05, 2.8734513213419458e-05, 2.8701696104180904e-05, 2.866887899494235e-05, 2.8636061885703798e-05, 2.8603244776465245e-05, 2.857042766722669e-05, 2.8537610557988138e-05, 2.8504793448749585e-05, 2.847197633951103e-05, 2.8439159230272478e-05, 2.8406342121033925e-05, 2.837352501179537e-05, 2.8340707902556818e-05, 2.8307890793318265e-05, 2.827507368407971e-05, 2.8242256574841158e-05, 2.8209439465602605e-05, 2.817662235636405e-05, 2.8143805247125498e-05, 2.8110988137886945e-05, 2.807817102864839e-05, 2.8045353919409838e-05, 2.8012536810171285e-05, 2.797971970093273e-05, 2.7946902591694178e-05, 2.7914085482455625e-05, 2.788126837321707e-05, 2.7848451263978518e-05, 2.7815634154739965e-05, 2.778281704550141e-05, 2.7749999936262858e-05, 2.7717182827024305e-05, 2.768436571778575e-05, 2.7651548608547198e-05, 2.7618731499308645e-05, 2.758591439007009e-05, 2.7553097280831538e-05, 2.7520280171592985e-05, 2.748746306235443e-05, 2.7454645953115878e-05, 2.7421828843877325e-05, 2.738901173463877e-05, 2.7356194625400218e-05, 2.7323377516161665e-05, 2.729056040692311e-05, 2.7257743297684558e-05, 2.7224926188446005e-05, 2.719210907920745e-05, 2.7159291969968898e-05, 2.7126474860730345e-05, 2.709365775149179e-05, 2.7060840642253238e-05, 2.7028023533014685e-05, 2.699520642377613e-05, 2.696238931453758e-05, 2.6929572205299025e-05, 2.689675509606047e-05, 2.686393798682192e-05, 2.6831120877583365e-05, 2.6798303768344812e-05, 2.676548665910626e-05, 2.6732669549867705e-05, 2.6699852440629152e-05, 2.66670353313906e-05, 2.6634218222152045e-05, 2.6601401112913492e-05, 2.656858400367494e-05, 2.6535766894436385e-05, 2.6502949785197832e-05, 2.647013267595928e-05, 2.6437315566720725e-05, 2.6404498457482172e-05, 2.637168134824362e-05, 2.6338864239005065e-05, 2.6306047129766512e-05, 2.627323002052796e-05, 2.6240412911289405e-05, 2.6207595802050852e-05, 2.61747786928123e-05, 2.6141961583573745e-05, 2.6109144474335192e-05, 2.607632736509664e-05, 2.6043510255858085e-05, 2.6010693146619532e-05, 2.597787603738098e-05, 2.5945058928142425e-05, 2.5912241818903872e-05, 2.587942470966532e-05, 2.5846607600426765e-05, 2.5813790491188212e-05, 2.578097338194966e-05, 2.5748156272711105e-05, 2.5715339163472552e-05, 2.5682522054234e-05, 2.5649704944995445e-05, 2.5616887835756892e-05, 2.558407072651834e-05, 2.5551253617279785e-05, 2.5518436508041232e-05, 2.548561939880268e-05, 2.5452802289564125e-05, 2.5419985180325572e-05, 2.538716807108702e-05, 2.5354350961848465e-05, 2.5321533852609912e-05, 2.528871674337136e-05, 2.5255899634132805e-05, 2.5223082524894252e-05, 2.51902654156557e-05, 2.5157448306417146e-05, 2.5124631197178592e-05, 2.509181408794004e-05, 2.5058996978701486e-05, 2.5026179869462932e-05, 2.499336276022438e-05, 2.4960545650985826e-05, 2.4927728541747272e-05, 2.489491143250872e-05, 2.4862094323270166e-05, 2.4829277214031612e-05, 2.479646010479306e-05, 2.4763642995554506e-05, 2.4730825886315952e-05, 2.46980087770774e-05, 2.4665191667838846e-05, 2.4632374558600292e-05, 2.459955744936174e-05, 2.4566740340123186e-05, 2.4533923230884632e-05, 2.450110612164608e-05, 2.4468289012407526e-05, 2.4435471903168972e-05, 2.440265479393042e-05, 2.4369837684691866e-05, 2.4337020575453312e-05, 2.430420346621476e-05, 2.4271386356976206e-05, 2.4238569247737652e-05, 2.42057521384991e-05, 2.4172935029260546e-05, 2.4140117920021992e-05, 2.410730081078344e-05, 2.4074483701544886e-05, 2.4041666592306333e-05, 2.400884948306778e-05, 2.3976032373829226e-05, 2.3943215264590673e-05, 2.391039815535212e-05, 2.3877581046113566e-05, 2.3844763936875013e-05, 2.381194682763646e-05, 2.3779129718397906e-05, 2.3746312609159353e-05, 2.37134954999208e-05, 2.3680678390682246e-05, 2.3647861281443693e-05, 2.361504417220514e-05, 2.3582227062966586e-05, 2.3549409953728033e-05, 2.351659284448948e-05, 2.3483775735250926e-05, 2.3450958626012373e-05, 2.341814151677382e-05, 2.3385324407535266e-05, 2.3352507298296713e-05, 2.331969018905816e-05, 2.3286873079819606e-05, 2.3254055970581053e-05, 2.32212388613425e-05, 2.3188421752103946e-05, 2.3155604642865393e-05, 2.312278753362684e-05, 2.3089970424388286e-05, 2.3057153315149733e-05, 2.302433620591118e-05, 2.2991519096672626e-05, 2.2958701987434073e-05, 2.292588487819552e-05, 2.2893067768956966e-05, 2.2860250659718413e-05, 2.282743355047986e-05, 2.2794616441241306e-05, 2.2761799332002753e-05, 2.27289822227642e-05, 2.2696165113525646e-05, 2.2663348004287093e-05, 2.263053089504854e-05, 2.2597713785809986e-05, 2.2564896676571433e-05, 2.253207956733288e-05, 2.2499262458094326e-05, 2.2466445348855773e-05, 2.243362823961722e-05, 2.2400811130378666e-05, 2.2367994021140113e-05, 2.233517691190156e-05, 2.2302359802663006e-05, 2.2269542693424453e-05, 2.22367255841859e-05, 2.2203908474947346e-05, 2.2171091365708793e-05, 2.213827425647024e-05, 2.2105457147231686e-05, 2.2072640037993133e-05, 2.203982292875458e-05, 2.2007005819516026e-05, 2.1974188710277473e-05, 2.194137160103892e-05, 2.1908554491800366e-05, 2.1875737382561813e-05, 2.184292027332326e-05, 2.1810103164084706e-05, 2.1777286054846153e-05, 2.17444689456076e-05, 2.1711651836369047e-05, 2.1678834727130493e-05, 2.164601761789194e-05, 2.1613200508653387e-05, 2.1580383399414833e-05, 2.154756629017628e-05, 2.1514749180937727e-05, 2.1481932071699173e-05, 2.144911496246062e-05, 2.1416297853222067e-05, 2.1383480743983513e-05, 2.135066363474496e-05, 2.1317846525506407e-05, 2.1285029416267853e-05, 2.12522123070293e-05, 2.1219395197790747e-05, 2.1186578088552193e-05, 2.115376097931364e-05, 2.1120943870075087e-05, 2.1088126760836533e-05, 2.105530965159798e-05, 2.1022492542359427e-05, 2.0989675433120873e-05, 2.095685832388232e-05, 2.0924041214643767e-05, 2.0891224105405213e-05, 2.085840699616666e-05, 2.0825589886928107e-05, 2.0792772777689553e-05, 2.0759955668451e-05, 2.0727138559212447e-05, 2.0694321449973893e-05, 2.066150434073534e-05, 2.0628687231496787e-05, 2.0595870122258234e-05, 2.056305301301968e-05, 2.0530235903781127e-05, 2.0497418794542574e-05, 2.046460168530402e-05, 2.0431784576065467e-05, 2.0398967466826914e-05, 2.036615035758836e-05, 2.0333333248349807e-05, 2.0300516139111254e-05, 2.02676990298727e-05, 2.0234881920634147e-05, 2.0202064811395594e-05, 2.016924770215704e-05, 2.0136430592918487e-05, 2.0103613483679934e-05, 2.007079637444138e-05, 2.0037979265202827e-05, 2.0005162155964274e-05, 1.997234504672572e-05, 1.9939527937487167e-05, 1.9906710828248614e-05, 1.987389371901006e-05, 1.9841076609771507e-05, 1.9808259500532954e-05, 1.97754423912944e-05, 1.9742625282055847e-05, 1.9709808172817294e-05, 1.967699106357874e-05, 1.9644173954340187e-05, 1.9611356845101634e-05, 1.957853973586308e-05, 1.9545722626624527e-05, 1.9512905517385974e-05, 1.948008840814742e-05, 1.9447271298908867e-05, 1.9414454189670314e-05, 1.938163708043176e-05, 1.9348819971193207e-05, 1.9316002861954654e-05, 1.92831857527161e-05, 1.9250368643477547e-05, 1.9217551534238994e-05, 1.918473442500044e-05, 1.9151917315761887e-05, 1.9119100206523334e-05, 1.908628309728478e-05, 1.9053465988046227e-05, 1.9020648878807674e-05, 1.898783176956912e-05, 1.8955014660330567e-05, 1.8922197551092014e-05, 1.888938044185346e-05, 1.8856563332614907e-05, 1.8823746223376354e-05, 1.87909291141378e-05, 1.8758112004899247e-05, 1.8725294895660694e-05, 1.869247778642214e-05, 1.8659660677183587e-05, 1.8626843567945034e-05, 1.859402645870648e-05, 1.8561209349467927e-05, 1.8528392240229374e-05, 1.849557513099082e-05, 1.8462758021752267e-05, 1.8429940912513714e-05, 1.839712380327516e-05, 1.8364306694036608e-05, 1.8331489584798054e-05, 1.82986724755595e-05, 1.8265855366320948e-05, 1.8233038257082394e-05, 1.820022114784384e-05, 1.8167404038605288e-05, 1.8134586929366734e-05, 1.810176982012818e-05, 1.8068952710889628e-05, 1.8036135601651074e-05, 1.800331849241252e-05, 1.7970501383173968e-05, 1.7937684273935414e-05, 1.790486716469686e-05, 1.7872050055458308e-05, 1.7839232946219754e-05, 1.78064158369812e-05, 1.7773598727742648e-05, 1.7740781618504094e-05, 1.770796450926554e-05, 1.7675147400026988e-05, 1.7642330290788434e-05, 1.760951318154988e-05, 1.7576696072311328e-05, 1.7543878963072774e-05, 1.751106185383422e-05, 1.7478244744595668e-05, 1.7445427635357114e-05, 1.741261052611856e-05, 1.7379793416880008e-05, 1.7346976307641454e-05, 1.73141591984029e-05, 1.7281342089164348e-05, 1.7248524979925795e-05, 1.721570787068724e-05, 1.7182890761448688e-05, 1.7150073652210135e-05, 1.711725654297158e-05, 1.7084439433733028e-05, 1.7051622324494475e-05, 1.701880521525592e-05, 1.6985988106017368e-05, 1.6953170996778815e-05, 1.692035388754026e-05, 1.6887536778301708e-05, 1.6854719669063155e-05, 1.68219025598246e-05, 1.6789085450586048e-05, 1.6756268341347495e-05, 1.672345123210894e-05, 1.6690634122870388e-05, 1.6657817013631835e-05, 1.662499990439328e-05, 1.6592182795154728e-05, 1.6559365685916175e-05, 1.652654857667762e-05, 1.6493731467439068e-05, 1.6460914358200515e-05, 1.642809724896196e-05, 1.6395280139723408e-05, 1.6362463030484855e-05, 1.63296459212463e-05, 1.6296828812007748e-05, 1.6264011702769195e-05, 1.623119459353064e-05, 1.6198377484292088e-05, 1.6165560375053535e-05, 1.613274326581498e-05, 1.6099926156576428e-05, 1.6067109047337875e-05, 1.603429193809932e-05, 1.6001474828860768e-05, 1.5968657719622215e-05, 1.593584061038366e-05, 1.5903023501145108e-05, 1.5870206391906555e-05, 1.5837389282668e-05, 1.5804572173429448e-05, 1.5771755064190895e-05, 1.573893795495234e-05, 1.5706120845713788e-05, 1.5673303736475235e-05, 1.564048662723668e-05, 1.560766951799813e-05, 1.5574852408759575e-05, 1.554203529952102e-05, 1.550921819028247e-05, 1.5476401081043915e-05, 1.5443583971805362e-05, 1.541076686256681e-05, 1.5377949753328255e-05, 1.5345132644089702e-05, 1.531231553485115e-05, 1.5279498425612595e-05, 1.5246681316374043e-05, 1.5213864207135492e-05, 1.518104709789694e-05, 1.5148229988658389e-05, 1.5115412879419837e-05, 1.5082595770181285e-05, 1.5049778660942734e-05, 1.5016961551704182e-05, 1.498414444246563e-05, 1.4951327333227079e-05, 1.4918510223988527e-05, 1.4885693114749976e-05, 1.4852876005511424e-05, 1.4820058896272872e-05, 1.478724178703432e-05, 1.4754424677795769e-05, 1.4721607568557217e-05, 1.4688790459318666e-05, 1.4655973350080114e-05, 1.4623156240841562e-05, 1.4590339131603011e-05, 1.455752202236446e-05, 1.4524704913125908e-05, 1.4491887803887356e-05, 1.4459070694648804e-05, 1.4426253585410253e-05, 1.4393436476171701e-05, 1.436061936693315e-05, 1.4327802257694598e-05, 1.4294985148456046e-05, 1.4262168039217495e-05, 1.4229350929978943e-05, 1.4196533820740391e-05, 1.416371671150184e-05, 1.4130899602263288e-05, 1.4098082493024736e-05, 1.4065265383786185e-05, 1.4032448274547633e-05, 1.3999631165309082e-05, 1.396681405607053e-05, 1.3933996946831978e-05, 1.3901179837593427e-05, 1.3868362728354875e-05, 1.3835545619116323e-05, 1.3802728509877772e-05, 1.376991140063922e-05, 1.3737094291400668e-05, 1.3704277182162117e-05, 1.3671460072923565e-05, 1.3638642963685014e-05, 1.3605825854446462e-05, 1.357300874520791e-05, 1.3540191635969359e-05, 1.3507374526730807e-05, 1.3474557417492255e-05, 1.3441740308253704e-05, 1.3408923199015152e-05, 1.33761060897766e-05, 1.3343288980538049e-05, 1.3310471871299497e-05, 1.3277654762060946e-05, 1.3244837652822394e-05, 1.3212020543583842e-05, 1.317920343434529e-05, 1.314638632510674e-05, 1.3113569215868188e-05, 1.3080752106629636e-05, 1.3047934997391084e-05, 1.3015117888152533e-05, 1.2982300778913981e-05, 1.294948366967543e-05, 1.2916666560436878e-05, 1.2883849451198326e-05, 1.2851032341959774e-05, 1.2818215232721223e-05, 1.2785398123482671e-05, 1.275258101424412e-05, 1.2719763905005568e-05, 1.2686946795767016e-05, 1.2654129686528465e-05, 1.2621312577289913e-05, 1.2588495468051361e-05, 1.255567835881281e-05, 1.2522861249574258e-05, 1.2490044140335707e-05, 1.2457227031097155e-05, 1.2424409921858603e-05, 1.2391592812620052e-05, 1.23587757033815e-05, 1.2325958594142948e-05, 1.2293141484904397e-05, 1.2260324375665845e-05, 1.2227507266427294e-05, 1.2194690157188742e-05, 1.216187304795019e-05, 1.2129055938711639e-05, 1.2096238829473087e-05, 1.2063421720234535e-05, 1.2030604610995984e-05, 1.1997787501757432e-05, 1.196497039251888e-05, 1.1932153283280329e-05, 1.1899336174041777e-05, 1.1866519064803226e-05, 1.1833701955564674e-05, 1.1800884846326122e-05, 1.176806773708757e-05, 1.1735250627849019e-05, 1.1702433518610467e-05, 1.1669616409371916e-05, 1.1636799300133364e-05, 1.1603982190894813e-05, 1.1571165081656261e-05, 1.153834797241771e-05, 1.1505530863179158e-05, 1.1472713753940606e-05, 1.1439896644702054e-05, 1.1407079535463503e-05, 1.1374262426224951e-05, 1.13414453169864e-05, 1.1308628207747848e-05, 1.1275811098509296e-05, 1.1242993989270745e-05, 1.1210176880032193e-05, 1.1177359770793641e-05, 1.114454266155509e-05, 1.1111725552316538e-05, 1.1078908443077986e-05, 1.1046091333839435e-05, 1.1013274224600883e-05, 1.0980457115362332e-05, 1.094764000612378e-05, 1.0914822896885228e-05, 1.0882005787646677e-05, 1.0849188678408125e-05, 1.0816371569169573e-05, 1.0783554459931022e-05, 1.075073735069247e-05, 1.0717920241453919e-05, 1.0685103132215367e-05, 1.0652286022976815e-05, 1.0619468913738264e-05, 1.0586651804499712e-05, 1.055383469526116e-05, 1.0521017586022609e-05, 1.0488200476784057e-05, 1.0455383367545506e-05, 1.0422566258306954e-05, 1.0389749149068402e-05, 1.035693203982985e-05, 1.0324114930591299e-05, 1.0291297821352747e-05, 1.0258480712114196e-05, 1.0225663602875644e-05, 1.0192846493637092e-05, 1.0160029384398541e-05, 1.012721227515999e-05, 1.0094395165921438e-05, 1.0061578056682886e-05, 1.0028760947444334e-05, 9.995943838205783e-06, 9.963126728967231e-06, 9.93030961972868e-06, 9.897492510490128e-06, 9.864675401251576e-06, 9.831858292013025e-06, 9.799041182774473e-06, 9.766224073535921e-06, 9.73340696429737e-06, 9.700589855058818e-06, 9.667772745820266e-06, 9.634955636581715e-06, 9.602138527343163e-06, 9.569321418104612e-06, 9.53650430886606e-06, 9.503687199627508e-06, 9.470870090388957e-06, 9.438052981150405e-06, 9.405235871911853e-06, 9.372418762673302e-06, 9.33960165343475e-06, 9.306784544196198e-06, 9.273967434957647e-06, 9.241150325719095e-06, 9.208333216480544e-06, 9.175516107241992e-06, 9.14269899800344e-06, 9.109881888764889e-06, 9.077064779526337e-06, 9.044247670287785e-06, 9.011430561049234e-06, 8.978613451810682e-06, 8.94579634257213e-06, 8.912979233333579e-06, 8.880162124095027e-06, 8.847345014856476e-06, 8.814527905617924e-06, 8.781710796379372e-06, 8.74889368714082e-06, 8.71607657790227e-06, 8.683259468663718e-06, 8.650442359425166e-06, 8.617625250186614e-06, 8.584808140948063e-06, 8.551991031709511e-06, 8.51917392247096e-06, 8.486356813232408e-06, 8.453539703993856e-06, 8.420722594755304e-06, 8.387905485516753e-06, 8.355088376278201e-06, 8.32227126703965e-06, 8.289454157801098e-06, 8.256637048562546e-06, 8.223819939323995e-06, 8.191002830085443e-06, 8.158185720846891e-06, 8.12536861160834e-06, 8.092551502369788e-06, 8.059734393131237e-06, 8.026917283892685e-06, 7.994100174654133e-06, 7.961283065415582e-06, 7.92846595617703e-06, 7.895648846938478e-06, 7.862831737699927e-06, 7.830014628461375e-06, 7.797197519222824e-06, 7.764380409984272e-06, 7.73156330074572e-06, 7.698746191507169e-06, 7.665929082268617e-06, 7.633111973030065e-06, 7.600294863791514e-06, 7.567477754552962e-06, 7.5346606453144105e-06, 7.501843536075859e-06, 7.469026426837307e-06, 7.436209317598756e-06, 7.403392208360204e-06, 7.370575099121652e-06, 7.337757989883101e-06, 7.304940880644549e-06, 7.2721237714059974e-06, 7.239306662167446e-06, 7.206489552928894e-06, 7.1736724436903426e-06, 7.140855334451791e-06, 7.108038225213239e-06, 7.075221115974688e-06, 7.042404006736136e-06, 7.009586897497584e-06, 6.976769788259033e-06, 6.943952679020481e-06, 6.9111355697819295e-06, 6.878318460543378e-06, 6.845501351304826e-06, 6.812684242066275e-06, 6.779867132827723e-06, 6.747050023589171e-06, 6.71423291435062e-06, 6.681415805112068e-06, 6.6485986958735165e-06, 6.615781586634965e-06, 6.582964477396413e-06, 6.550147368157862e-06, 6.51733025891931e-06, 6.484513149680758e-06, 6.451696040442207e-06, 6.418878931203655e-06, 6.3860618219651034e-06, 6.353244712726552e-06, 6.320427603488e-06, 6.2876104942494486e-06, 6.254793385010897e-06, 6.221976275772345e-06, 6.189159166533794e-06, 6.156342057295242e-06, 6.12352494805669e-06, 6.090707838818139e-06, 6.057890729579587e-06, 6.0250736203410355e-06, 5.992256511102484e-06, 5.959439401863932e-06, 5.926622292625381e-06, 5.893805183386829e-06, 5.860988074148277e-06, 5.828170964909726e-06, 5.795353855671174e-06, 5.7625367464326225e-06, 5.729719637194071e-06, 5.696902527955519e-06, 5.664085418716968e-06, 5.631268309478416e-06, 5.598451200239864e-06, 5.565634091001313e-06, 5.532816981762761e-06, 5.4999998725242094e-06, 5.467182763285658e-06, 5.434365654047106e-06, 5.4015485448085546e-06, 5.368731435570003e-06, 5.335914326331451e-06, 5.3030972170929e-06, 5.270280107854348e-06, 5.237462998615796e-06, 5.204645889377245e-06, 5.171828780138693e-06, 5.1390116709001415e-06, 5.10619456166159e-06, 5.073377452423038e-06, 5.040560343184487e-06, 5.007743233945935e-06, 4.974926124707383e-06, 4.942109015468832e-06, 4.90929190623028e-06, 4.8764747969917285e-06, 4.843657687753177e-06, 4.810840578514625e-06, 4.778023469276074e-06, 4.745206360037522e-06, 4.71238925079897e-06, 4.679572141560419e-06, 4.646755032321867e-06, 4.6139379230833154e-06, 4.581120813844764e-06, 4.548303704606212e-06, 4.5154865953676606e-06, 4.482669486129109e-06, 4.449852376890557e-06, 4.417035267652006e-06, 4.384218158413454e-06, 4.351401049174902e-06, 4.318583939936351e-06, 4.285766830697799e-06, 4.2529497214592475e-06, 4.220132612220696e-06, 4.187315502982144e-06, 4.154498393743593e-06, 4.121681284505041e-06, 4.088864175266489e-06, 4.056047066027938e-06, 4.023229956789386e-06, 3.9904128475508345e-06, 3.957595738312283e-06, 3.924778629073731e-06, 3.89196151983518e-06, 3.859144410596628e-06, 3.826327301358076e-06, 3.7935101921195243e-06, 3.7606930828809722e-06, 3.72787597364242e-06, 3.695058864403868e-06, 3.662241755165316e-06, 3.629424645926764e-06, 3.596607536688212e-06, 3.56379042744966e-06, 3.530973318211108e-06, 3.498156208972556e-06, 3.4653390997340038e-06, 3.4325219904954517e-06, 3.3997048812568996e-06, 3.3668877720183476e-06, 3.3340706627797955e-06, 3.3012535535412435e-06, 3.2684364443026914e-06, 3.2356193350641394e-06, 3.2028022258255873e-06, 3.1699851165870353e-06, 3.1371680073484832e-06, 3.104350898109931e-06, 3.071533788871379e-06, 3.038716679632827e-06, 3.005899570394275e-06, 2.973082461155723e-06, 2.940265351917171e-06, 2.907448242678619e-06, 2.874631133440067e-06, 2.8418140242015147e-06, 2.8089969149629627e-06, 2.7761798057244106e-06, 2.7433626964858586e-06, 2.7105455872473065e-06, 2.6777284780087545e-06, 2.6449113687702024e-06, 2.6120942595316504e-06, 2.5792771502930983e-06, 2.5464600410545463e-06, 2.513642931815994e-06, 2.480825822577442e-06, 2.44800871333889e-06, 2.415191604100338e-06, 2.382374494861786e-06, 2.349557385623234e-06, 2.316740276384682e-06, 2.28392316714613e-06, 2.2511060579075778e-06, 2.2182889486690257e-06, 2.1854718394304737e-06, 2.1526547301919216e-06, 2.1198376209533696e-06, 2.0870205117148175e-06, 2.0542034024762655e-06, 2.0213862932377134e-06, 1.9885691839991614e-06, 1.9557520747606093e-06, 1.9229349655220573e-06, 1.8901178562835054e-06, 1.8573007470449536e-06, 1.8244836378064017e-06, 1.7916665285678499e-06, 1.758849419329298e-06, 1.7260323100907462e-06, 1.6932152008521944e-06, 1.6603980916136425e-06, 1.6275809823750907e-06, 1.5947638731365388e-06, 1.561946763897987e-06, 1.5291296546594352e-06, 1.4963125454208833e-06, 1.4634954361823315e-06, 1.4306783269437796e-06, 1.3978612177052278e-06, 1.365044108466676e-06, 1.3322269992281241e-06, 1.2994098899895723e-06, 1.2665927807510204e-06, 1.2337756715124686e-06, 1.2009585622739167e-06, 1.168141453035365e-06, 1.135324343796813e-06, 1.1025072345582612e-06, 1.0696901253197094e-06, 1.0368730160811575e-06, 1.0040559068426057e-06, 9.712387976040539e-07, 9.38421688365502e-07, 9.056045791269502e-07, 8.727874698883983e-07, 8.399703606498465e-07, 8.071532514112946e-07, 7.743361421727428e-07, 7.41519032934191e-07, 7.087019236956391e-07, 6.758848144570873e-07, 6.430677052185354e-07, 6.102505959799836e-07, 5.774334867414318e-07, 5.446163775028799e-07, 5.117992682643281e-07, 4.789821590257762e-07] 
======================
counter_t= [   0    1    2 ... 1506 1507 1508] 
======================
