
=========2023-07-03===
Zrange_fem= [0.         0.00018519 0.00037037 0.00055556 0.00074074 0.00092593
 0.00111111 0.0012963  0.00148148 0.00166667 0.00185185 0.00203704
 0.00222222 0.00240741 0.00259259 0.00277778 0.00296296 0.00314815
 0.00333333 0.00351852 0.0037037  0.00388889 0.00407407 0.00425926
 0.00444444 0.00462963 0.00481481 0.005     ] 
======================
CMTS= [0.94484719 0.91619689 0.90350483 0.89892579 0.89920276 0.9026806
 0.90840651 0.91578338 0.92441325 0.93401824 0.94439701 0.95539934
 0.96691037 0.9788405  0.99111857 1.00368727 1.01649982 1.02951762
 1.04270846 1.05604529 1.06950515 1.08306846 1.09671838 1.11044038
 1.1242218  1.13805164 1.15192021 1.16581902 1.17974053 1.19367808
 1.20762575 1.22157824 1.23553084 1.2494793  1.26341981 1.27734895
 1.29126362 1.30516102 1.31903863 1.33289414 1.34672548 1.36053075
 1.37430822 1.38805633 1.40177363 1.41545883 1.42911072 1.44272822
 1.45631031 1.4698561  1.48336473 1.49683545 1.51026754 1.52366037
 1.53701335 1.55032593 1.56359762 1.57682796 1.59001655 1.60316301
 1.61626698 1.62932815 1.64234624 1.65532098 1.66825213 1.68113948
 1.69398283 1.70678199 1.71953683 1.73224718 1.74491292 1.75753394
 1.77011014 1.78264143 1.79512772 1.80756896 1.81996508 1.83231604
 1.84462179 1.85688231 1.86909757 1.88126755 1.89339224 1.90547163
 1.91750573 1.92949454 1.94143807 1.95333634 1.96518935 1.97699715
 1.98875974 2.00047716 2.01214945 2.02377663 2.03535876 2.04689585
 2.05838797 2.06983516 2.08123745 2.09259491 2.10390758 2.11517551
 2.12639876 2.13757739 2.14871144 2.15980098 2.17084606 2.18184675
 2.1928031  2.20371517 2.21458304 2.22540675 2.23618638 2.24692198
 2.25761362 2.26826136 2.27886528 2.28942543 2.29994188 2.31041469
 2.32084393 2.33122967 2.34157197 2.3518709  2.36212652 2.37233891
 2.38250812 2.39263422 2.40271728 2.41275736 2.42275453 2.43270886
 2.44262041 2.45248924 2.46231543 2.47209903 2.48184011 2.49153874
 2.50119498 2.51080888 2.52038053 2.52990998 2.53939729 2.54884252
 2.55824575 2.56760702 2.57692641 2.58620397 2.59543977 2.60463387
 2.61378632 2.62289719 2.63196654 2.64099443 2.64998091 2.65892605
 2.6678299  2.67669253 2.68551399 2.69429433 2.70303362 2.71173191
 2.72038926 2.72900572 2.73758135 2.74611621 2.75461035 2.76306382
 2.77147668 2.77984899 2.78818079 2.79647214 2.80472309 2.8129337
 2.82110401 2.82923408 2.83732396 2.84537371 2.85338336 2.86135297
 2.8692826  2.87717229 2.88502209 2.89283205 2.90060221 2.90833264
 2.91602336 2.92367444 2.93128592 2.93885784 2.94639026 2.95388321
 2.96133675 2.96875092 2.97612576 2.98346133 2.99075765 2.99801479
 3.00523279 3.01241167 3.0195515  3.02665232 3.03371416 3.04073707
 3.04772109 3.05466626 3.06157263 3.06844024 3.07526912 3.08205932
 3.08881088 3.09552384 3.10219824 3.10883412 3.11543152 3.12199048
 3.12851103 3.13499322 3.14143708 3.14784266 3.15420998 3.1605391
 3.16683004 3.17308284 3.17929755 3.18547419 3.19161281 3.19771343
 3.20377611 3.20980086 3.21578774 3.22173676 3.22764798 3.23352142
 3.23935712 3.24515512 3.25091544 3.25663813 3.26232321 3.26797072
 3.2735807  3.27915318 3.28468819 3.29018576 3.29564593 3.30106874
 3.3064542  3.31180237 3.31711326 3.32238691 3.32762336 3.33282263
 3.33798475 3.34310977 3.34819771 3.35324859 3.35826246 3.36323934
 3.36817927 3.37308227 3.37794838 3.38277762 3.38757003 3.39232564
 3.39704447 3.40172657 3.40637194 3.41098064 3.41555268 3.42008809
 3.42458691 3.42904917 3.43347489 3.4378641  3.44221684 3.44653312
 3.45081299 3.45505646 3.45926357 3.46343434 3.46756881 3.471667
 3.47572894 3.47975466 3.48374419 3.48769755 3.49161478 3.49549589
 3.49934093 3.5031499  3.50692286 3.51065981 3.51436079 3.51802583
 3.52165496 3.52524819 3.52880556 3.5323271  3.53581283 3.53926278
 3.54267697 3.54605544 3.54939821 3.55270531 3.55597676 3.55921259
 3.56241283 3.5655775  3.56870663 3.57180025 3.57485838 3.57788106
 3.5808683  3.58382013 3.58673658 3.58961768 3.59246345 3.59527392
 3.59804911 3.60078905 3.60349377 3.60616329 3.60879764 3.61139684
 3.61396092 3.61648991 3.61898383 3.6214427  3.62386657 3.62625544
 3.62860934 3.6309283  3.63321235 3.63546152 3.63767582 3.63985528
 3.64199993 3.64410979 3.64618489 3.64822526 3.65023091 3.65220188
 3.65413819 3.65603987 3.65790693 3.65973941 3.66153733 3.66330071
 3.66502959 3.66672398 3.66838391 3.6700094  3.67160048 3.67315718
 3.67467951 3.67616751 3.67762119 3.67904059 3.68042572 3.68177662
 3.68309329 3.68437578 3.6856241  3.68683827 3.68801832 3.68916428
 3.69027617 3.69135401 3.69239782 3.69340763 3.69438347 3.69532535
 3.6962333  3.69710733 3.69794749 3.69875378 3.69952623 3.70026486
 3.70096969 3.70164076 3.70227807 3.70288165 3.70345153 3.70398772
 3.70449024 3.70495912 3.70539438 3.70579605 3.70616413 3.70649865
 3.70679963 3.70706709 3.70730105 3.70750154 3.70766856 3.70780214
 3.7079023  3.70796905 3.70800242 3.70800242] 
======================
CH2= [0.94484719 0.94487919 0.94490753 0.94493374 0.94495852 0.94498223
 0.9450051  0.94502729 0.9450489  0.94507001 0.94509069 0.94511098
 0.94513092 0.94515054 0.94516986 0.94518892 0.94520773 0.94522631
 0.94524466 0.94526281 0.94528076 0.94529853 0.94531612 0.94533353
 0.94535079 0.94536789 0.94538484 0.94540165 0.94541831 0.94543485
 0.94545125 0.94546752 0.94548368 0.94549971 0.94551563 0.94553143
 0.94554712 0.94556271 0.94557819 0.94559356 0.94560884 0.94562401
 0.94563909 0.94565408 0.94566897 0.94568377 0.94569848 0.9457131
 0.94572763 0.94574208 0.94575645 0.94577073 0.94578492 0.94579904
 0.94581308 0.94582704 0.94584092 0.94585472 0.94586845 0.9458821
 0.94589568 0.94590919 0.94592262 0.94593598 0.94594927 0.94596249
 0.94597564 0.94598872 0.94600174 0.94601468 0.94602756 0.94604037
 0.94605311 0.94606579 0.94607841 0.94609096 0.94610344 0.94611586
 0.94612822 0.94614051 0.94615275 0.94616492 0.94617703 0.94618908
 0.94620106 0.94621299 0.94622486 0.94623667 0.94624841 0.9462601
 0.94627173 0.9462833  0.94629482 0.94630627 0.94631767 0.94632901
 0.94634029 0.94635152 0.94636269 0.94637381 0.94638486 0.94639586
 0.94640681 0.9464177  0.94642854 0.94643932 0.94645004 0.94646071
 0.94647133 0.94648189 0.9464924  0.94650286 0.94651326 0.9465236
 0.9465339  0.94654414 0.94655433 0.94656446 0.94657454 0.94658457
 0.94659455 0.94660447 0.94661434 0.94662416 0.94663393 0.94664365
 0.94665331 0.94666293 0.94667249 0.946682   0.94669146 0.94670087
 0.94671022 0.94671953 0.94672878 0.94673799 0.94674714 0.94675624
 0.9467653  0.9467743  0.94678325 0.94679215 0.946801   0.94680981
 0.94681856 0.94682726 0.94683591 0.94684451 0.94685307 0.94686157
 0.94687002 0.94687843 0.94688678 0.94689509 0.94690335 0.94691155
 0.94691971 0.94692782 0.94693588 0.94694389 0.94695186 0.94695977
 0.94696764 0.94697545 0.94698322 0.94699094 0.94699861 0.94700623
 0.94701381 0.94702133 0.94702881 0.94703624 0.94704362 0.94705096
 0.94705824 0.94706548 0.94707267 0.94707981 0.9470869  0.94709395
 0.94710095 0.9471079  0.9471148  0.94712166 0.94712846 0.94713523
 0.94714194 0.9471486  0.94715522 0.94716179 0.94716832 0.94717479
 0.94718122 0.94718761 0.94719394 0.94720023 0.94720647 0.94721267
 0.94721881 0.94722491 0.94723097 0.94723698 0.94724294 0.94724885
 0.94725472 0.94726054 0.94726632 0.94727205 0.94727773 0.94728337
 0.94728896 0.9472945  0.9473     0.94730546 0.94731086 0.94731622
 0.94732154 0.94732681 0.94733203 0.94733721 0.94734234 0.94734743
 0.94735247 0.94735747 0.94736242 0.94736733 0.94737219 0.94737701
 0.94738178 0.94738651 0.94739119 0.94739583 0.94740042 0.94740497
 0.94740948 0.94741394 0.94741835 0.94742272 0.94742705 0.94743134
 0.94743558 0.94743977 0.94744393 0.94744803 0.9474521  0.94745612
 0.9474601  0.94746404 0.94746793 0.94747178 0.94747559 0.94747935
 0.94748308 0.94748676 0.94749039 0.94749399 0.94749754 0.94750106
 0.94750452 0.94750795 0.94751134 0.94751468 0.94751799 0.94752125
 0.94752447 0.94752765 0.94753079 0.94753389 0.94753695 0.94753997
 0.94754295 0.94754589 0.94754878 0.94755164 0.94755446 0.94755724
 0.94755999 0.94756269 0.94756535 0.94756798 0.94757056 0.94757311
 0.94757562 0.94757809 0.94758053 0.94758292 0.94758528 0.9475876
 0.94758989 0.94759214 0.94759435 0.94759653 0.94759866 0.94760077
 0.94760284 0.94760487 0.94760687 0.94760883 0.94761075 0.94761265
 0.9476145  0.94761633 0.94761812 0.94761987 0.9476216  0.94762329
 0.94762494 0.94762657 0.94762816 0.94762972 0.94763125 0.94763274
 0.9476342  0.94763564 0.94763704 0.94763841 0.94763975 0.94764106
 0.94764234 0.94764359 0.94764482 0.94764601 0.94764717 0.94764831
 0.94764942 0.9476505  0.94765155 0.94765258 0.94765358 0.94765455
 0.94765549 0.94765641 0.94765731 0.94765817 0.94765902 0.94765984
 0.94766063 0.9476614  0.94766215 0.94766287 0.94766357 0.94766425
 0.9476649  0.94766554 0.94766615 0.94766674 0.94766731 0.94766785
 0.94766838 0.94766889 0.94766938 0.94766985 0.9476703  0.94767073
 0.94767114 0.94767154 0.94767192 0.94767228 0.94767262 0.94767295
 0.94767326 0.94767356 0.94767384 0.9476741  0.94767436 0.9476746
 0.94767482 0.94767503 0.94767523 0.94767542 0.94767559 0.94767575
 0.9476759  0.94767604 0.94767617 0.94767629 0.9476764  0.9476765
 0.94767659 0.94767668 0.94767675 0.94767682 0.94767688 0.94767693
 0.94767698 0.94767702 0.94767705 0.94767708 0.94767711 0.94767713
 0.94767715 0.94767716 0.94767717 0.94767718 0.94767718 0.94767719
 0.94767719 0.94767719 0.94767719 0.94767719] 
======================
CHCl= [ 0.          0.04313935  0.06255515  0.0699082   0.07003967  0.06540986
  0.05743519  0.04700333  0.03470593  0.02095619  0.00605348 -0.00977882
 -0.02636988 -0.04358642 -0.06132262 -0.07949323 -0.09802863 -0.11687139
 -0.1359736  -0.15529499 -0.1748014  -0.19446367 -0.21425676 -0.234159
 -0.25415159 -0.27421809 -0.29434412 -0.314517   -0.33472553 -0.35495977
 -0.37521089 -0.39547102 -0.4157331  -0.43599083 -0.45623852 -0.47647106
 -0.49668383 -0.51687268 -0.53703382 -0.55716382 -0.57725958 -0.59731827
 -0.61733732 -0.63731438 -0.65724731 -0.67713415 -0.69697312 -0.71676259
 -0.73650105 -0.75618716 -0.77581964 -0.79539736 -0.81491926 -0.83438438
 -0.85379184 -0.87314083 -0.8924306  -0.91166049 -0.93082987 -0.94993816
 -0.96898486 -0.98796949 -1.00689162 -1.02575085 -1.04454682 -1.06327921
 -1.08194773 -1.10055211 -1.11909211 -1.13756751 -1.15597812 -1.17432378
 -1.19260431 -1.2108196  -1.22896952 -1.24705398 -1.26507288 -1.28302615
 -1.30091374 -1.31873559 -1.33649166 -1.35418193 -1.37180638 -1.38936499
 -1.40685778 -1.42428474 -1.4416459  -1.45894126 -1.47617086 -1.49333473
 -1.51043291 -1.52746544 -1.54443237 -1.56133376 -1.57816965 -1.59494011
 -1.61164521 -1.62828501 -1.64485958 -1.66136899 -1.67781332 -1.69419265
 -1.71050705 -1.72675662 -1.74294143 -1.75906156 -1.77511712 -1.79110818
 -1.80703483 -1.82289718 -1.8386953  -1.85442929 -1.87009926 -1.88570528
 -1.90124746 -1.9167259  -1.93214069 -1.94749193 -1.96277972 -1.97800415
 -1.99316533 -2.00826335 -2.02329832 -2.03827032 -2.05317947 -2.06802586
 -2.08280958 -2.09753075 -2.11218945 -2.12678579 -2.14131987 -2.15579178
 -2.17020162 -2.18454949 -2.19883549 -2.21305972 -2.22722228 -2.24132325
 -2.25536275 -2.26934085 -2.28325767 -2.2971133  -2.31090782 -2.32464135
 -2.33831396 -2.35192575 -2.36547683 -2.37896727 -2.39239718 -2.40576664
 -2.41907575 -2.4323246  -2.44551327 -2.45864187 -2.47171047 -2.48471916
 -2.49766804 -2.5105572  -2.52338671 -2.53615667 -2.54886716 -2.56151827
 -2.57411009 -2.58664269 -2.59911616 -2.61153059 -2.62388606 -2.63618265
 -2.64842044 -2.66059952 -2.67271996 -2.68478184 -2.69678525 -2.70873026
 -2.72061695 -2.7324454  -2.74421569 -2.75592789 -2.76758208 -2.77917834
 -2.79071674 -2.80219735 -2.81362025 -2.82498552 -2.83629322 -2.84754343
 -2.85873622 -2.86987166 -2.88094982 -2.89197078 -2.9029346  -2.91384135
 -2.9246911  -2.93548392 -2.94621988 -2.95689904 -2.96752148 -2.97808725
 -2.98859642 -2.99904907 -3.00944524 -3.01978502 -3.03006845 -3.04029562
 -3.05046656 -3.06058136 -3.07064007 -3.08064276 -3.09058948 -3.10048029
 -3.11031526 -3.12009445 -3.12981791 -3.1394857  -3.14909788 -3.15865452
 -3.16815566 -3.17760136 -3.18699169 -3.19632669 -3.20560642 -3.21483094
 -3.2240003  -3.23311457 -3.24217378 -3.25117799 -3.26012727 -3.26902166
 -3.27786121 -3.28664597 -3.29537601 -3.30405136 -3.31267208 -3.32123822
 -3.32974984 -3.33820697 -3.34660968 -3.354958   -3.36325199 -3.3714917
 -3.37967718 -3.38780846 -3.39588561 -3.40390866 -3.41187767 -3.41979267
 -3.42765373 -3.43546087 -3.44321415 -3.45091361 -3.4585593  -3.46615126
 -3.47368954 -3.48117417 -3.48860521 -3.4959827  -3.50330667 -3.51057717
 -3.51779425 -3.52495794 -3.53206829 -3.53912534 -3.54612912 -3.55307969
 -3.55997708 -3.56682133 -3.57361248 -3.58035057 -3.58703564 -3.59366774
 -3.60024689 -3.60677313 -3.61324652 -3.61966707 -3.62603484 -3.63234986
 -3.63861216 -3.64482179 -3.65097878 -3.65708316 -3.66313498 -3.66913427
 -3.67508106 -3.6809754  -3.68681731 -3.69260684 -3.69834401 -3.70402886
 -3.70966143 -3.71524175 -3.72076986 -3.72624578 -3.73166956 -3.73704122
 -3.7423608  -3.74762834 -3.75284386 -3.7580074  -3.76311898 -3.76817865
 -3.77318644 -3.77814237 -3.78304648 -3.7878988  -3.79269936 -3.79744819
 -3.80214532 -3.80679079 -3.81138462 -3.81592685 -3.8204175  -3.8248566
 -3.82924419 -3.83358029 -3.83786494 -3.84209815 -3.84627997 -3.85041042
 -3.85448953 -3.85851733 -3.86249384 -3.8664191  -3.87029313 -3.87411596
 -3.87788761 -3.88160812 -3.88527752 -3.88889582 -3.89246306 -3.89597927
 -3.89944446 -3.90285868 -3.90622193 -3.90953426 -3.91279568 -3.91600622
 -3.91916591 -3.92227477 -3.92533283 -3.92834011 -3.93129664 -3.93420245
 -3.93705755 -3.93986198 -3.94261575 -3.94531889 -3.94797143 -3.95057339
 -3.95312479 -3.95562566 -3.95807602 -3.96047589 -3.9628253  -3.96512426
 -3.96737281 -3.96957096 -3.97171874 -3.97381617 -3.97586327 -3.97786007
 -3.97980658 -3.98170282 -3.98354882 -3.9853446  -3.98709019 -3.98878559
 -3.99043083 -3.99202593 -3.99357092 -3.99506581 -3.99651061 -3.99790536
 -3.99925007 -4.00054476 -4.00178945 -4.00298415 -4.00412889 -4.00522368
 -4.00626855 -4.0072635  -4.00820856 -4.00910374 -4.00994907 -4.01074455
 -4.0114902  -4.01218605 -4.0128321  -4.01342837 -4.01397488 -4.01447164
 -4.01491867 -4.01531597 -4.01566357 -4.01596147 -4.0162097  -4.01640825
 -4.01655715 -4.01665641 -4.01670603 -4.01670603] 
======================
phi= [9.57964318e-07 1.56659387e-06 2.14622453e-06 2.70444770e-06
 3.24552639e-06 3.77219508e-06 4.28637002e-06 4.78946776e-06
 5.28258898e-06 5.76660966e-06 6.24224922e-06 6.71010608e-06
 7.17068911e-06 7.62443534e-06 8.07172563e-06 8.51289466e-06
 8.94823939e-06 9.37802522e-06 9.80249098e-06 1.02218529e-05
 1.06363080e-05 1.10460361e-05 1.14512028e-05 1.18519606e-05
 1.22484509e-05 1.26408049e-05 1.30291448e-05 1.34135851e-05
 1.37942326e-05 1.41711879e-05 1.45445457e-05 1.49143952e-05
 1.52808208e-05 1.56439023e-05 1.60037156e-05 1.63603325e-05
 1.67138215e-05 1.70642479e-05 1.74116739e-05 1.77561590e-05
 1.80977601e-05 1.84365315e-05 1.87725256e-05 1.91057924e-05
 1.94363801e-05 1.97643349e-05 2.00897014e-05 2.04125225e-05
 2.07328396e-05 2.10506924e-05 2.13661196e-05 2.16791582e-05
 2.19898447e-05 2.22982133e-05 2.26042982e-05 2.29081303e-05
 2.32097434e-05 2.35091690e-05 2.38064404e-05 2.41015851e-05
 2.43946271e-05 2.46855902e-05 2.49744992e-05 2.52613848e-05
 2.55462732e-05 2.58291897e-05 2.61101559e-05 2.63891954e-05
 2.66663322e-05 2.69415885e-05 2.72149854e-05 2.74865429e-05
 2.77562817e-05 2.80242220e-05 2.82903835e-05 2.85547853e-05
 2.88174457e-05 2.90783833e-05 2.93376158e-05 2.95951606e-05
 2.98510348e-05 3.01052551e-05 3.03578379e-05 3.06087992e-05
 3.08581546e-05 3.11059195e-05 3.13521089e-05 3.15967377e-05
 3.18398203e-05 3.20813708e-05 3.23214032e-05 3.25599310e-05
 3.27969678e-05 3.30325266e-05 3.32666202e-05 3.34992615e-05
 3.37304627e-05 3.39602360e-05 3.41885936e-05 3.44155470e-05
 3.46411080e-05 3.48652877e-05 3.50880975e-05 3.53095483e-05
 3.55296508e-05 3.57484157e-05 3.59658535e-05 3.61819743e-05
 3.63967883e-05 3.66103054e-05 3.68225354e-05 3.70334879e-05
 3.72431722e-05 3.74515977e-05 3.76587736e-05 3.78647089e-05
 3.80694125e-05 3.82728932e-05 3.84751596e-05 3.86762201e-05
 3.88760831e-05 3.90747568e-05 3.92722494e-05 3.94685689e-05
 3.96637231e-05 3.98577198e-05 4.00505666e-05 4.02422712e-05
 4.04328408e-05 4.06222829e-05 4.08106048e-05 4.09978134e-05
 4.11839158e-05 4.13689191e-05 4.15528299e-05 4.17356552e-05
 4.19174014e-05 4.20980752e-05 4.22776831e-05 4.24562315e-05
 4.26337266e-05 4.28101748e-05 4.29855820e-05 4.31599545e-05
 4.33332981e-05 4.35056189e-05 4.36769226e-05 4.38472150e-05
 4.40165017e-05 4.41847885e-05 4.43520809e-05 4.45183842e-05
 4.46837041e-05 4.48480457e-05 4.50114143e-05 4.51738153e-05
 4.53352537e-05 4.54957346e-05 4.56552630e-05 4.58138440e-05
 4.59714824e-05 4.61281831e-05 4.62839509e-05 4.64387905e-05
 4.65927067e-05 4.67457039e-05 4.68977869e-05 4.70489601e-05
 4.71992280e-05 4.73485950e-05 4.74970656e-05 4.76446440e-05
 4.77913344e-05 4.79371412e-05 4.80820685e-05 4.82261205e-05
 4.83693011e-05 4.85116145e-05 4.86530647e-05 4.87936556e-05
 4.89333912e-05 4.90722752e-05 4.92103116e-05 4.93475041e-05
 4.94838564e-05 4.96193723e-05 4.97540554e-05 4.98879094e-05
 5.00209379e-05 5.01531443e-05 5.02845323e-05 5.04151053e-05
 5.05448667e-05 5.06738200e-05 5.08019685e-05 5.09293155e-05
 5.10558644e-05 5.11816184e-05 5.13065808e-05 5.14307548e-05
 5.15541436e-05 5.16767502e-05 5.17985778e-05 5.19196294e-05
 5.20399082e-05 5.21594172e-05 5.22781592e-05 5.23961373e-05
 5.25133545e-05 5.26298135e-05 5.27455173e-05 5.28604688e-05
 5.29746707e-05 5.30881258e-05 5.32008369e-05 5.33128067e-05
 5.34240380e-05 5.35345333e-05 5.36442955e-05 5.37533270e-05
 5.38616306e-05 5.39692088e-05 5.40760641e-05 5.41821991e-05
 5.42876163e-05 5.43923182e-05 5.44963072e-05 5.45995859e-05
 5.47021564e-05 5.48040213e-05 5.49051825e-05 5.50056428e-05
 5.51054047e-05 5.52044714e-05 5.53028453e-05 5.54005283e-05
 5.54975221e-05 5.55938281e-05 5.56894486e-05 5.57843857e-05
 5.58786423e-05 5.59722204e-05 5.60651222e-05 5.61573498e-05
 5.62489052e-05 5.63397906e-05 5.64300080e-05 5.65195594e-05
 5.66084469e-05 5.66966725e-05 5.67842381e-05 5.68711458e-05
 5.69573975e-05 5.70429951e-05 5.71279406e-05 5.72122358e-05
 5.72958827e-05 5.73788832e-05 5.74612389e-05 5.75429522e-05
 5.76240240e-05 5.77044572e-05 5.77842528e-05 5.78634151e-05
 5.79419453e-05 5.80198454e-05 5.80971139e-05 5.81737500e-05
 5.82497547e-05 5.83251307e-05 5.83998832e-05 5.84740141e-05
 5.85475265e-05 5.86204202e-05 5.86926973e-05 5.87643583e-05
 5.88354055e-05 5.89058402e-05 5.89756640e-05 5.90448783e-05
 5.91134848e-05 5.91814849e-05 5.92488801e-05 5.93156718e-05
 5.93818616e-05 5.94474508e-05 5.95124410e-05 5.95768334e-05
 5.96406296e-05 5.97038310e-05 5.97664388e-05 5.98284545e-05
 5.98898795e-05 5.99507150e-05 6.00109625e-05 6.00706231e-05
 6.01296983e-05 6.01881893e-05 6.02460974e-05 6.03034238e-05
 6.03601698e-05 6.04163366e-05 6.04719254e-05 6.05269375e-05
 6.05813740e-05 6.06352361e-05 6.06885249e-05 6.07412417e-05
 6.07933875e-05 6.08449634e-05 6.08959706e-05 6.09464101e-05
 6.09962830e-05 6.10455904e-05 6.10943333e-05 6.11425126e-05
 6.11901295e-05 6.12371849e-05 6.12836797e-05 6.13296149e-05
 6.13749915e-05 6.14198103e-05 6.14640723e-05 6.15077783e-05
 6.15509292e-05 6.15935258e-05 6.16355689e-05 6.16770593e-05
 6.17179978e-05 6.17583852e-05 6.17982220e-05 6.18375092e-05
 6.18762472e-05 6.19144368e-05 6.19520786e-05 6.19891732e-05
 6.20257211e-05 6.20617229e-05 6.20971791e-05 6.21320901e-05
 6.21664565e-05 6.22002786e-05 6.22335568e-05 6.22662913e-05
 6.22984827e-05 6.23301310e-05 6.23612365e-05 6.23917994e-05
 6.24218199e-05 6.24512980e-05 6.24802337e-05 6.25086271e-05
 6.25364782e-05 6.25637867e-05 6.25905526e-05 6.26167756e-05
 6.26424554e-05 6.26675917e-05 6.26921841e-05 6.27162321e-05
 6.27397351e-05 6.27626925e-05 6.27851036e-05 6.28069676e-05
 6.28282836e-05 6.28490505e-05 6.28692674e-05 6.28889331e-05
 6.29080461e-05 6.29266051e-05 6.29446086e-05 6.29620548e-05
 6.29789420e-05 6.29952680e-05 6.30110308e-05 6.30262280e-05
 6.30408571e-05 6.30549153e-05 6.30683996e-05 6.30813069e-05
 6.30936337e-05 6.31053762e-05 6.31165303e-05 6.31270916e-05
 6.31370552e-05 6.31464159e-05 6.31551681e-05 6.31633056e-05
 6.31708215e-05 6.31777086e-05 6.31839588e-05 6.31895633e-05
 6.31945124e-05 6.31987957e-05 6.32024014e-05 6.32053170e-05
 6.32075283e-05 6.32090199e-05 6.32097750e-05 6.32097750e-05] 
======================
d= [4.95210178e-05 4.92167031e-05 4.89268877e-05 4.86477761e-05
 4.83772368e-05 4.81139025e-05 4.78568150e-05 4.76052661e-05
 4.73587055e-05 4.71166952e-05 4.68788754e-05 4.66449470e-05
 4.64146554e-05 4.61877823e-05 4.59641372e-05 4.57435527e-05
 4.55258803e-05 4.53109874e-05 4.50987545e-05 4.48890735e-05
 4.46818460e-05 4.44769820e-05 4.42743986e-05 4.40740197e-05
 4.38757746e-05 4.36795976e-05 4.34854276e-05 4.32932075e-05
 4.31028837e-05 4.29144060e-05 4.27277271e-05 4.25428024e-05
 4.23595896e-05 4.21780488e-05 4.19981422e-05 4.18198338e-05
 4.16430892e-05 4.14678760e-05 4.12941630e-05 4.11219205e-05
 4.09511200e-05 4.07817343e-05 4.06137372e-05 4.04471038e-05
 4.02818100e-05 4.01178325e-05 3.99551493e-05 3.97937387e-05
 3.96335802e-05 3.94746538e-05 3.93169402e-05 3.91604209e-05
 3.90050776e-05 3.88508934e-05 3.86978509e-05 3.85459348e-05
 3.83951283e-05 3.82454155e-05 3.80967798e-05 3.79492074e-05
 3.78026864e-05 3.76572049e-05 3.75127504e-05 3.73693076e-05
 3.72268634e-05 3.70854051e-05 3.69449220e-05 3.68054023e-05
 3.66668339e-05 3.65292058e-05 3.63925073e-05 3.62567285e-05
 3.61218592e-05 3.59878890e-05 3.58548082e-05 3.57226074e-05
 3.55912771e-05 3.54608083e-05 3.53311921e-05 3.52024197e-05
 3.50744826e-05 3.49473724e-05 3.48210810e-05 3.46956004e-05
 3.45709227e-05 3.44470403e-05 3.43239455e-05 3.42016311e-05
 3.40800899e-05 3.39593146e-05 3.38392984e-05 3.37200345e-05
 3.36015161e-05 3.34837367e-05 3.33666899e-05 3.32503693e-05
 3.31347687e-05 3.30198820e-05 3.29057032e-05 3.27922265e-05
 3.26794460e-05 3.25673561e-05 3.24559512e-05 3.23452259e-05
 3.22351746e-05 3.21257921e-05 3.20170733e-05 3.19090129e-05
 3.18016059e-05 3.16948473e-05 3.15887323e-05 3.14832561e-05
 3.13784139e-05 3.12742011e-05 3.11706132e-05 3.10676456e-05
 3.09652937e-05 3.08635534e-05 3.07624202e-05 3.06618900e-05
 3.05619585e-05 3.04626216e-05 3.03638753e-05 3.02657155e-05
 3.01681384e-05 3.00711401e-05 2.99747167e-05 2.98788644e-05
 2.97835796e-05 2.96888585e-05 2.95946976e-05 2.95010933e-05
 2.94080421e-05 2.93155405e-05 2.92235850e-05 2.91321724e-05
 2.90412993e-05 2.89509624e-05 2.88611584e-05 2.87718842e-05
 2.86831367e-05 2.85949126e-05 2.85072090e-05 2.84200228e-05
 2.83333509e-05 2.82471906e-05 2.81615387e-05 2.80763925e-05
 2.79917491e-05 2.79076057e-05 2.78239596e-05 2.77408079e-05
 2.76581480e-05 2.75759772e-05 2.74942928e-05 2.74130924e-05
 2.73323732e-05 2.72521327e-05 2.71723685e-05 2.70930780e-05
 2.70142588e-05 2.69359084e-05 2.68580245e-05 2.67806047e-05
 2.67036467e-05 2.66271480e-05 2.65511066e-05 2.64755200e-05
 2.64003860e-05 2.63257025e-05 2.62514672e-05 2.61776780e-05
 2.61043328e-05 2.60314294e-05 2.59589657e-05 2.58869398e-05
 2.58153494e-05 2.57441927e-05 2.56734676e-05 2.56031722e-05
 2.55333044e-05 2.54638624e-05 2.53948442e-05 2.53262480e-05
 2.52580718e-05 2.51903138e-05 2.51229723e-05 2.50560453e-05
 2.49895311e-05 2.49234278e-05 2.48577338e-05 2.47924474e-05
 2.47275666e-05 2.46630900e-05 2.45990158e-05 2.45353423e-05
 2.44720678e-05 2.44091908e-05 2.43467096e-05 2.42846226e-05
 2.42229282e-05 2.41616249e-05 2.41007111e-05 2.40401853e-05
 2.39800459e-05 2.39202914e-05 2.38609204e-05 2.38019313e-05
 2.37433228e-05 2.36850932e-05 2.36272413e-05 2.35697656e-05
 2.35126647e-05 2.34559371e-05 2.33995816e-05 2.33435966e-05
 2.32879810e-05 2.32327333e-05 2.31778523e-05 2.31233365e-05
 2.30691847e-05 2.30153956e-05 2.29619679e-05 2.29089004e-05
 2.28561918e-05 2.28038409e-05 2.27518464e-05 2.27002071e-05
 2.26489218e-05 2.25979893e-05 2.25474087e-05 2.24971786e-05
 2.24472976e-05 2.23977643e-05 2.23485774e-05 2.22997359e-05
 2.22512390e-05 2.22030860e-05 2.21552757e-05 2.21078071e-05
 2.20606788e-05 2.20138898e-05 2.19674389e-05 2.19213251e-05
 2.18755474e-05 2.18301047e-05 2.17849960e-05 2.17402203e-05
 2.16957765e-05 2.16516638e-05 2.16078809e-05 2.15644271e-05
 2.15213012e-05 2.14785024e-05 2.14360297e-05 2.13938821e-05
 2.13520587e-05 2.13105584e-05 2.12693805e-05 2.12285239e-05
 2.11879880e-05 2.11477714e-05 2.11078736e-05 2.10682924e-05
 2.10290273e-05 2.09900773e-05 2.09514431e-05 2.09131250e-05
 2.08751226e-05 2.08374346e-05 2.08000584e-05 2.07629930e-05
 2.07262367e-05 2.06897899e-05 2.06536514e-05 2.06178209e-05
 2.05822972e-05 2.05470799e-05 2.05121680e-05 2.04775608e-05
 2.04432576e-05 2.04092575e-05 2.03755600e-05 2.03421641e-05
 2.03090692e-05 2.02762746e-05 2.02437795e-05 2.02115833e-05
 2.01796852e-05 2.01480845e-05 2.01167806e-05 2.00857727e-05
 2.00550603e-05 2.00246425e-05 1.99945188e-05 1.99646884e-05
 1.99351508e-05 1.99059053e-05 1.98769513e-05 1.98482881e-05
 1.98199151e-05 1.97918317e-05 1.97640373e-05 1.97365313e-05
 1.97093130e-05 1.96823820e-05 1.96557375e-05 1.96293792e-05
 1.96033063e-05 1.95775183e-05 1.95520147e-05 1.95267949e-05
 1.95018585e-05 1.94772048e-05 1.94528334e-05 1.94287437e-05
 1.94049352e-05 1.93814076e-05 1.93581602e-05 1.93351925e-05
 1.93125042e-05 1.92900948e-05 1.92679638e-05 1.92461108e-05
 1.92245354e-05 1.92032371e-05 1.91822155e-05 1.91614703e-05
 1.91410011e-05 1.91208074e-05 1.91008890e-05 1.90812454e-05
 1.90618764e-05 1.90427816e-05 1.90239607e-05 1.90054134e-05
 1.89871395e-05 1.89691385e-05 1.89514105e-05 1.89339549e-05
 1.89167717e-05 1.88998607e-05 1.88832216e-05 1.88668543e-05
 1.88507587e-05 1.88349345e-05 1.88193817e-05 1.88041003e-05
 1.87890901e-05 1.87743510e-05 1.87598831e-05 1.87456864e-05
 1.87317609e-05 1.87181066e-05 1.87047237e-05 1.86916122e-05
 1.86787723e-05 1.86662041e-05 1.86539079e-05 1.86418840e-05
 1.86301325e-05 1.86186537e-05 1.86074482e-05 1.85965162e-05
 1.85858582e-05 1.85754747e-05 1.85653663e-05 1.85555335e-05
 1.85459769e-05 1.85366974e-05 1.85276957e-05 1.85189726e-05
 1.85105290e-05 1.85023660e-05 1.84944846e-05 1.84868860e-05
 1.84795715e-05 1.84725424e-05 1.84658002e-05 1.84593465e-05
 1.84531831e-05 1.84473119e-05 1.84417348e-05 1.84364542e-05
 1.84314724e-05 1.84267920e-05 1.84224159e-05 1.84183472e-05
 1.84145892e-05 1.84111457e-05 1.84080206e-05 1.84052184e-05
 1.84027438e-05 1.84006022e-05 1.83987993e-05 1.83973415e-05
 1.83962359e-05 1.83954900e-05 1.83951125e-05 1.83951125e-05] 
======================
xi= [2.7530869039799276e-05, 0.0019545826374411527, 0.006024676995570487, 0.01095093909074627, 0.0165804308392643, 0.022665301261646478, 0.029488642024367333, 0.0360001908254646, 0.042545496851692004, 0.04950509616081289, 0.05588345010955437, 0.06209585590677937, 0.06810036291897463, 0.07426398097749165, 0.07973489153174083, 0.08490987132779113, 0.09010442254650677, 0.09460943793520696, 0.09877008697423167, 0.10257630962349219, 0.10625191884752823, 0.10930050281875484, 0.1119755267174226, 0.11442294412685622, 0.11631273112278673, 0.1178168115457897, 0.11892661044927685, 0.11965725785378852] 
======================
tf_hrs= 0.419167002 
======================
rpt= [4.996718289076145e-05, 4.99343657815229e-05, 4.990154867228435e-05, 4.98687315630458e-05, 4.983591445380725e-05, 4.98030973445687e-05, 4.977028023533015e-05, 4.97374631260916e-05, 4.970464601685305e-05, 4.96718289076145e-05, 4.963901179837595e-05, 4.96061946891374e-05, 4.957337757989885e-05, 4.95405604706603e-05, 4.950774336142175e-05, 4.9474926252183203e-05, 4.9442109142944653e-05, 4.9409292033706104e-05, 4.9376474924467554e-05, 4.9343657815229004e-05, 4.9310840705990454e-05, 4.9278023596751904e-05, 4.9245206487513354e-05, 4.9212389378274804e-05, 4.9179572269036254e-05, 4.9146755159797704e-05, 4.9113938050559154e-05, 4.9081120941320604e-05, 4.9048303832082054e-05, 4.9015486722843504e-05, 4.8982669613604954e-05, 4.8949852504366404e-05, 4.8917035395127855e-05, 4.8884218285889305e-05, 4.8851401176650755e-05, 4.8818584067412205e-05, 4.8785766958173655e-05, 4.8752949848935105e-05, 4.8720132739696555e-05, 4.8687315630458005e-05, 4.8654498521219455e-05, 4.8621681411980905e-05, 4.8588864302742355e-05, 4.8556047193503805e-05, 4.8523230084265255e-05, 4.8490412975026705e-05, 4.8457595865788155e-05, 4.8424778756549605e-05, 4.8391961647311056e-05, 4.8359144538072506e-05, 4.8326327428833956e-05, 4.8293510319595406e-05, 4.8260693210356856e-05, 4.8227876101118306e-05, 4.8195058991879756e-05, 4.8162241882641206e-05, 4.8129424773402656e-05, 4.8096607664164106e-05, 4.8063790554925556e-05, 4.8030973445687006e-05, 4.7998156336448456e-05, 4.7965339227209906e-05, 4.7932522117971356e-05, 4.7899705008732807e-05, 4.7866887899494257e-05, 4.783407079025571e-05, 4.780125368101716e-05, 4.776843657177861e-05, 4.773561946254006e-05, 4.770280235330151e-05, 4.766998524406296e-05, 4.763716813482441e-05, 4.760435102558586e-05, 4.757153391634731e-05, 4.753871680710876e-05, 4.750589969787021e-05, 4.747308258863166e-05, 4.744026547939311e-05, 4.740744837015456e-05, 4.737463126091601e-05, 4.734181415167746e-05, 4.730899704243891e-05, 4.727617993320036e-05, 4.724336282396181e-05, 4.721054571472326e-05, 4.717772860548471e-05, 4.714491149624616e-05, 4.711209438700761e-05, 4.707927727776906e-05, 4.704646016853051e-05, 4.701364305929196e-05, 4.698082595005341e-05, 4.694800884081486e-05, 4.691519173157631e-05, 4.688237462233776e-05, 4.684955751309921e-05, 4.681674040386066e-05, 4.678392329462211e-05, 4.675110618538356e-05, 4.671828907614501e-05, 4.668547196690646e-05, 4.665265485766791e-05, 4.661983774842936e-05, 4.658702063919081e-05, 4.655420352995226e-05, 4.652138642071371e-05, 4.648856931147516e-05, 4.645575220223661e-05, 4.642293509299806e-05, 4.639011798375951e-05, 4.635730087452096e-05, 4.632448376528241e-05, 4.629166665604386e-05, 4.625884954680531e-05, 4.622603243756676e-05, 4.619321532832821e-05, 4.616039821908966e-05, 4.612758110985111e-05, 4.609476400061256e-05, 4.606194689137401e-05, 4.602912978213546e-05, 4.599631267289691e-05, 4.596349556365836e-05, 4.593067845441981e-05, 4.589786134518126e-05, 4.586504423594271e-05, 4.583222712670416e-05, 4.579941001746561e-05, 4.576659290822706e-05, 4.573377579898851e-05, 4.570095868974996e-05, 4.566814158051141e-05, 4.563532447127286e-05, 4.560250736203431e-05, 4.556969025279576e-05, 4.553687314355721e-05, 4.550405603431866e-05, 4.547123892508011e-05, 4.543842181584156e-05, 4.540560470660301e-05, 4.537278759736446e-05, 4.533997048812591e-05, 4.530715337888736e-05, 4.527433626964881e-05, 4.524151916041026e-05, 4.520870205117171e-05, 4.517588494193316e-05, 4.514306783269461e-05, 4.511025072345606e-05, 4.507743361421751e-05, 4.504461650497896e-05, 4.501179939574041e-05, 4.497898228650186e-05, 4.494616517726331e-05, 4.491334806802476e-05, 4.488053095878621e-05, 4.484771384954766e-05, 4.481489674030911e-05, 4.478207963107056e-05, 4.474926252183201e-05, 4.471644541259346e-05, 4.468362830335491e-05, 4.465081119411636e-05, 4.461799408487781e-05, 4.458517697563926e-05, 4.455235986640071e-05, 4.451954275716216e-05, 4.448672564792361e-05, 4.445390853868506e-05, 4.442109142944651e-05, 4.4388274320207963e-05, 4.4355457210969413e-05, 4.4322640101730864e-05, 4.4289822992492314e-05, 4.4257005883253764e-05, 4.4224188774015214e-05, 4.4191371664776664e-05, 4.4158554555538114e-05, 4.4125737446299564e-05, 4.4092920337061014e-05, 4.4060103227822464e-05, 4.4027286118583914e-05, 4.3994469009345364e-05, 4.3961651900106814e-05, 4.3928834790868264e-05, 4.3896017681629714e-05, 4.3863200572391164e-05, 4.3830383463152615e-05, 4.3797566353914065e-05, 4.3764749244675515e-05, 4.3731932135436965e-05, 4.3699115026198415e-05, 4.3666297916959865e-05, 4.3633480807721315e-05, 4.3600663698482765e-05, 4.3567846589244215e-05, 4.3535029480005665e-05, 4.3502212370767115e-05, 4.3469395261528565e-05, 4.3436578152290015e-05, 4.3403761043051465e-05, 4.3370943933812915e-05, 4.3338126824574365e-05, 4.3305309715335816e-05, 4.3272492606097266e-05, 4.3239675496858716e-05, 4.3206858387620166e-05, 4.3174041278381616e-05, 4.3141224169143066e-05, 4.3108407059904516e-05, 4.3075589950665966e-05, 4.3042772841427416e-05, 4.3009955732188866e-05, 4.2977138622950316e-05, 4.2944321513711766e-05, 4.2911504404473216e-05, 4.2878687295234666e-05, 4.2845870185996116e-05, 4.2813053076757567e-05, 4.2780235967519017e-05, 4.274741885828047e-05, 4.271460174904192e-05, 4.268178463980337e-05, 4.264896753056482e-05, 4.261615042132627e-05, 4.258333331208772e-05, 4.255051620284917e-05, 4.251769909361062e-05, 4.248488198437207e-05, 4.245206487513352e-05, 4.241924776589497e-05, 4.238643065665642e-05, 4.235361354741787e-05, 4.232079643817932e-05, 4.228797932894077e-05, 4.225516221970222e-05, 4.222234511046367e-05, 4.218952800122512e-05, 4.215671089198657e-05, 4.212389378274802e-05, 4.209107667350947e-05, 4.205825956427092e-05, 4.202544245503237e-05, 4.199262534579382e-05, 4.195980823655527e-05, 4.192699112731672e-05, 4.189417401807817e-05, 4.186135690883962e-05, 4.182853979960107e-05, 4.179572269036252e-05, 4.176290558112397e-05, 4.173008847188542e-05, 4.169727136264687e-05, 4.166445425340832e-05, 4.163163714416977e-05, 4.159882003493122e-05, 4.156600292569267e-05, 4.153318581645412e-05, 4.150036870721557e-05, 4.146755159797702e-05, 4.143473448873847e-05, 4.140191737949992e-05, 4.136910027026137e-05, 4.133628316102282e-05, 4.130346605178427e-05, 4.127064894254572e-05, 4.123783183330717e-05, 4.120501472406862e-05, 4.117219761483007e-05, 4.113938050559152e-05, 4.110656339635297e-05, 4.107374628711442e-05, 4.104092917787587e-05, 4.100811206863732e-05, 4.097529495939877e-05, 4.094247785016022e-05, 4.090966074092167e-05, 4.087684363168312e-05, 4.084402652244457e-05, 4.081120941320602e-05, 4.077839230396747e-05, 4.074557519472892e-05, 4.071275808549037e-05, 4.067994097625182e-05, 4.064712386701327e-05, 4.061430675777472e-05, 4.058148964853617e-05, 4.054867253929762e-05, 4.051585543005907e-05, 4.048303832082052e-05, 4.045022121158197e-05, 4.041740410234342e-05, 4.038458699310487e-05, 4.035176988386632e-05, 4.031895277462777e-05, 4.028613566538922e-05, 4.025331855615067e-05, 4.022050144691212e-05, 4.018768433767357e-05, 4.015486722843502e-05, 4.012205011919647e-05, 4.008923300995792e-05, 4.005641590071937e-05, 4.002359879148082e-05, 3.999078168224227e-05, 3.995796457300372e-05, 3.992514746376517e-05, 3.989233035452662e-05, 3.985951324528807e-05, 3.982669613604952e-05, 3.979387902681097e-05, 3.976106191757242e-05, 3.972824480833387e-05, 3.969542769909532e-05, 3.966261058985677e-05, 3.962979348061822e-05, 3.959697637137967e-05, 3.956415926214112e-05, 3.953134215290257e-05, 3.949852504366402e-05, 3.946570793442547e-05, 3.943289082518692e-05, 3.940007371594837e-05, 3.936725660670982e-05, 3.933443949747127e-05, 3.9301622388232723e-05, 3.9268805278994173e-05, 3.9235988169755624e-05, 3.9203171060517074e-05, 3.9170353951278524e-05, 3.9137536842039974e-05, 3.9104719732801424e-05, 3.9071902623562874e-05, 3.9039085514324324e-05, 3.9006268405085774e-05, 3.8973451295847224e-05, 3.8940634186608674e-05, 3.8907817077370124e-05, 3.8874999968131574e-05, 3.8842182858893024e-05, 3.8809365749654474e-05, 3.8776548640415924e-05, 3.8743731531177374e-05, 3.8710914421938825e-05, 3.8678097312700275e-05, 3.8645280203461725e-05, 3.8612463094223175e-05, 3.8579645984984625e-05, 3.8546828875746075e-05, 3.8514011766507525e-05, 3.8481194657268975e-05, 3.8448377548030425e-05, 3.8415560438791875e-05, 3.8382743329553325e-05, 3.8349926220314775e-05, 3.8317109111076225e-05, 3.8284292001837675e-05, 3.8251474892599125e-05, 3.8218657783360576e-05, 3.8185840674122026e-05, 3.8153023564883476e-05, 3.8120206455644926e-05, 3.8087389346406376e-05, 3.8054572237167826e-05, 3.8021755127929276e-05, 3.7988938018690726e-05, 3.7956120909452176e-05, 3.7923303800213626e-05, 3.7890486690975076e-05, 3.7857669581736526e-05, 3.7824852472497976e-05, 3.7792035363259426e-05, 3.7759218254020876e-05, 3.7726401144782326e-05, 3.7693584035543777e-05, 3.766076692630523e-05, 3.762794981706668e-05, 3.759513270782813e-05, 3.756231559858958e-05, 3.752949848935103e-05, 3.749668138011248e-05, 3.746386427087393e-05, 3.743104716163538e-05, 3.739823005239683e-05, 3.736541294315828e-05, 3.733259583391973e-05, 3.729977872468118e-05, 3.726696161544263e-05, 3.723414450620408e-05, 3.720132739696553e-05, 3.716851028772698e-05, 3.713569317848843e-05, 3.710287606924988e-05, 3.707005896001133e-05, 3.703724185077278e-05, 3.700442474153423e-05, 3.697160763229568e-05, 3.693879052305713e-05, 3.690597341381858e-05, 3.687315630458003e-05, 3.684033919534148e-05, 3.680752208610293e-05, 3.677470497686438e-05, 3.674188786762583e-05, 3.670907075838728e-05, 3.667625364914873e-05, 3.664343653991018e-05, 3.661061943067163e-05, 3.657780232143308e-05, 3.654498521219453e-05, 3.651216810295598e-05, 3.647935099371743e-05, 3.644653388447888e-05, 3.641371677524033e-05, 3.638089966600178e-05, 3.634808255676323e-05, 3.631526544752468e-05, 3.628244833828613e-05, 3.624963122904758e-05, 3.621681411980903e-05, 3.618399701057048e-05, 3.615117990133193e-05, 3.611836279209338e-05, 3.608554568285483e-05, 3.605272857361628e-05, 3.601991146437773e-05, 3.598709435513918e-05, 3.595427724590063e-05, 3.592146013666208e-05, 3.588864302742353e-05, 3.585582591818498e-05, 3.582300880894643e-05, 3.579019169970788e-05, 3.575737459046933e-05, 3.572455748123078e-05, 3.569174037199223e-05, 3.565892326275368e-05, 3.562610615351513e-05, 3.559328904427658e-05, 3.556047193503803e-05, 3.552765482579948e-05, 3.549483771656093e-05, 3.546202060732238e-05, 3.542920349808383e-05, 3.539638638884528e-05, 3.536356927960673e-05, 3.533075217036818e-05, 3.529793506112963e-05, 3.526511795189108e-05, 3.523230084265253e-05, 3.519948373341398e-05, 3.516666662417543e-05, 3.513384951493688e-05, 3.510103240569833e-05, 3.506821529645978e-05, 3.503539818722123e-05, 3.500258107798268e-05, 3.496976396874413e-05, 3.493694685950558e-05, 3.490412975026703e-05, 3.487131264102848e-05, 3.483849553178993e-05, 3.480567842255138e-05, 3.477286131331283e-05, 3.474004420407428e-05, 3.470722709483573e-05, 3.467440998559718e-05, 3.464159287635863e-05, 3.460877576712008e-05, 3.457595865788153e-05, 3.454314154864298e-05, 3.451032443940443e-05, 3.447750733016588e-05, 3.444469022092733e-05, 3.441187311168878e-05, 3.437905600245023e-05, 3.434623889321168e-05, 3.431342178397313e-05, 3.428060467473458e-05, 3.424778756549603e-05, 3.421497045625748e-05, 3.4182153347018933e-05, 3.4149336237780384e-05, 3.4116519128541834e-05, 3.4083702019303284e-05, 3.4050884910064734e-05, 3.4018067800826184e-05, 3.3985250691587634e-05, 3.3952433582349084e-05, 3.3919616473110534e-05, 3.3886799363871984e-05, 3.3853982254633434e-05, 3.3821165145394884e-05, 3.3788348036156334e-05, 3.3755530926917784e-05, 3.3722713817679234e-05, 3.3689896708440684e-05, 3.3657079599202134e-05, 3.3624262489963585e-05, 3.3591445380725035e-05, 3.3558628271486485e-05, 3.3525811162247935e-05, 3.3492994053009385e-05, 3.3460176943770835e-05, 3.3427359834532285e-05, 3.3394542725293735e-05, 3.3361725616055185e-05, 3.3328908506816635e-05, 3.3296091397578085e-05, 3.3263274288339535e-05, 3.3230457179100985e-05, 3.3197640069862435e-05, 3.3164822960623885e-05, 3.3132005851385336e-05, 3.3099188742146786e-05, 3.3066371632908236e-05, 3.3033554523669686e-05, 3.3000737414431136e-05, 3.2967920305192586e-05, 3.2935103195954036e-05, 3.2902286086715486e-05, 3.2869468977476936e-05, 3.2836651868238386e-05, 3.2803834758999836e-05, 3.2771017649761286e-05, 3.2738200540522736e-05, 3.2705383431284186e-05, 3.2672566322045636e-05, 3.2639749212807086e-05, 3.2606932103568537e-05, 3.2574114994329987e-05, 3.254129788509144e-05, 3.250848077585289e-05, 3.247566366661434e-05, 3.244284655737579e-05, 3.241002944813724e-05, 3.237721233889869e-05, 3.234439522966014e-05, 3.231157812042159e-05, 3.227876101118304e-05, 3.224594390194449e-05, 3.221312679270594e-05, 3.218030968346739e-05, 3.214749257422884e-05, 3.211467546499029e-05, 3.208185835575174e-05, 3.204904124651319e-05, 3.201622413727464e-05, 3.198340702803609e-05, 3.195058991879754e-05, 3.191777280955899e-05, 3.188495570032044e-05, 3.185213859108189e-05, 3.181932148184334e-05, 3.178650437260479e-05, 3.175368726336624e-05, 3.172087015412769e-05, 3.168805304488914e-05, 3.165523593565059e-05, 3.162241882641204e-05, 3.158960171717349e-05, 3.155678460793494e-05, 3.152396749869639e-05, 3.149115038945784e-05, 3.145833328021929e-05, 3.142551617098074e-05, 3.139269906174219e-05, 3.135988195250364e-05, 3.132706484326509e-05, 3.129424773402654e-05, 3.126143062478799e-05, 3.122861351554944e-05, 3.119579640631089e-05, 3.116297929707234e-05, 3.113016218783379e-05, 3.109734507859524e-05, 3.106452796935669e-05, 3.103171086011814e-05, 3.099889375087959e-05, 3.096607664164104e-05, 3.093325953240249e-05, 3.090044242316394e-05, 3.086762531392539e-05, 3.083480820468684e-05, 3.080199109544829e-05, 3.076917398620974e-05, 3.073635687697119e-05, 3.070353976773264e-05, 3.067072265849409e-05, 3.063790554925554e-05, 3.060508844001699e-05, 3.057227133077844e-05, 3.053945422153989e-05, 3.0506637112301337e-05, 3.0473820003062784e-05, 3.044100289382423e-05, 3.0408185784585677e-05, 3.0375368675347124e-05, 3.034255156610857e-05, 3.0309734456870017e-05, 3.0276917347631464e-05, 3.024410023839291e-05, 3.0211283129154357e-05, 3.0178466019915804e-05, 3.014564891067725e-05, 3.0112831801438697e-05, 3.0080014692200144e-05, 3.004719758296159e-05, 3.0014380473723037e-05, 2.9981563364484484e-05, 2.994874625524593e-05, 2.9915929146007377e-05, 2.9883112036768824e-05, 2.985029492753027e-05, 2.9817477818291717e-05, 2.9784660709053164e-05, 2.975184359981461e-05, 2.9719026490576058e-05, 2.9686209381337504e-05, 2.965339227209895e-05, 2.9620575162860398e-05, 2.9587758053621844e-05, 2.955494094438329e-05, 2.9522123835144738e-05, 2.9489306725906184e-05, 2.945648961666763e-05, 2.9423672507429078e-05, 2.9390855398190524e-05, 2.935803828895197e-05, 2.9325221179713418e-05, 2.9292404070474864e-05, 2.925958696123631e-05, 2.9226769851997758e-05, 2.9193952742759204e-05, 2.916113563352065e-05, 2.9128318524282098e-05, 2.9095501415043544e-05, 2.906268430580499e-05, 2.9029867196566438e-05, 2.8997050087327884e-05, 2.896423297808933e-05, 2.8931415868850778e-05, 2.8898598759612224e-05, 2.886578165037367e-05, 2.8832964541135118e-05, 2.8800147431896564e-05, 2.876733032265801e-05, 2.8734513213419458e-05, 2.8701696104180904e-05, 2.866887899494235e-05, 2.8636061885703798e-05, 2.8603244776465245e-05, 2.857042766722669e-05, 2.8537610557988138e-05, 2.8504793448749585e-05, 2.847197633951103e-05, 2.8439159230272478e-05, 2.8406342121033925e-05, 2.837352501179537e-05, 2.8340707902556818e-05, 2.8307890793318265e-05, 2.827507368407971e-05, 2.8242256574841158e-05, 2.8209439465602605e-05, 2.817662235636405e-05, 2.8143805247125498e-05, 2.8110988137886945e-05, 2.807817102864839e-05, 2.8045353919409838e-05, 2.8012536810171285e-05, 2.797971970093273e-05, 2.7946902591694178e-05, 2.7914085482455625e-05, 2.788126837321707e-05, 2.7848451263978518e-05, 2.7815634154739965e-05, 2.778281704550141e-05, 2.7749999936262858e-05, 2.7717182827024305e-05, 2.768436571778575e-05, 2.7651548608547198e-05, 2.7618731499308645e-05, 2.758591439007009e-05, 2.7553097280831538e-05, 2.7520280171592985e-05, 2.748746306235443e-05, 2.7454645953115878e-05, 2.7421828843877325e-05, 2.738901173463877e-05, 2.7356194625400218e-05, 2.7323377516161665e-05, 2.729056040692311e-05, 2.7257743297684558e-05, 2.7224926188446005e-05, 2.719210907920745e-05, 2.7159291969968898e-05, 2.7126474860730345e-05, 2.709365775149179e-05, 2.7060840642253238e-05, 2.7028023533014685e-05, 2.699520642377613e-05, 2.696238931453758e-05, 2.6929572205299025e-05, 2.689675509606047e-05, 2.686393798682192e-05, 2.6831120877583365e-05, 2.6798303768344812e-05, 2.676548665910626e-05, 2.6732669549867705e-05, 2.6699852440629152e-05, 2.66670353313906e-05, 2.6634218222152045e-05, 2.6601401112913492e-05, 2.656858400367494e-05, 2.6535766894436385e-05, 2.6502949785197832e-05, 2.647013267595928e-05, 2.6437315566720725e-05, 2.6404498457482172e-05, 2.637168134824362e-05, 2.6338864239005065e-05, 2.6306047129766512e-05, 2.627323002052796e-05, 2.6240412911289405e-05, 2.6207595802050852e-05, 2.61747786928123e-05, 2.6141961583573745e-05, 2.6109144474335192e-05, 2.607632736509664e-05, 2.6043510255858085e-05, 2.6010693146619532e-05, 2.597787603738098e-05, 2.5945058928142425e-05, 2.5912241818903872e-05, 2.587942470966532e-05, 2.5846607600426765e-05, 2.5813790491188212e-05, 2.578097338194966e-05, 2.5748156272711105e-05, 2.5715339163472552e-05, 2.5682522054234e-05, 2.5649704944995445e-05, 2.5616887835756892e-05, 2.558407072651834e-05, 2.5551253617279785e-05, 2.5518436508041232e-05, 2.548561939880268e-05, 2.5452802289564125e-05, 2.5419985180325572e-05, 2.538716807108702e-05, 2.5354350961848465e-05, 2.5321533852609912e-05, 2.528871674337136e-05, 2.5255899634132805e-05, 2.5223082524894252e-05, 2.51902654156557e-05, 2.5157448306417146e-05, 2.5124631197178592e-05, 2.509181408794004e-05, 2.5058996978701486e-05, 2.5026179869462932e-05, 2.499336276022438e-05, 2.4960545650985826e-05, 2.4927728541747272e-05, 2.489491143250872e-05, 2.4862094323270166e-05, 2.4829277214031612e-05, 2.479646010479306e-05, 2.4763642995554506e-05, 2.4730825886315952e-05, 2.46980087770774e-05, 2.4665191667838846e-05, 2.4632374558600292e-05, 2.459955744936174e-05, 2.4566740340123186e-05, 2.4533923230884632e-05, 2.450110612164608e-05, 2.4468289012407526e-05, 2.4435471903168972e-05, 2.440265479393042e-05, 2.4369837684691866e-05, 2.4337020575453312e-05, 2.430420346621476e-05, 2.4271386356976206e-05, 2.4238569247737652e-05, 2.42057521384991e-05, 2.4172935029260546e-05, 2.4140117920021992e-05, 2.410730081078344e-05, 2.4074483701544886e-05, 2.4041666592306333e-05, 2.400884948306778e-05, 2.3976032373829226e-05, 2.3943215264590673e-05, 2.391039815535212e-05, 2.3877581046113566e-05, 2.3844763936875013e-05, 2.381194682763646e-05, 2.3779129718397906e-05, 2.3746312609159353e-05, 2.37134954999208e-05, 2.3680678390682246e-05, 2.3647861281443693e-05, 2.361504417220514e-05, 2.3582227062966586e-05, 2.3549409953728033e-05, 2.351659284448948e-05, 2.3483775735250926e-05, 2.3450958626012373e-05, 2.341814151677382e-05, 2.3385324407535266e-05, 2.3352507298296713e-05, 2.331969018905816e-05, 2.3286873079819606e-05, 2.3254055970581053e-05, 2.32212388613425e-05, 2.3188421752103946e-05, 2.3155604642865393e-05, 2.312278753362684e-05, 2.3089970424388286e-05, 2.3057153315149733e-05, 2.302433620591118e-05, 2.2991519096672626e-05, 2.2958701987434073e-05, 2.292588487819552e-05, 2.2893067768956966e-05, 2.2860250659718413e-05, 2.282743355047986e-05, 2.2794616441241306e-05, 2.2761799332002753e-05, 2.27289822227642e-05, 2.2696165113525646e-05, 2.2663348004287093e-05, 2.263053089504854e-05, 2.2597713785809986e-05, 2.2564896676571433e-05, 2.253207956733288e-05, 2.2499262458094326e-05, 2.2466445348855773e-05, 2.243362823961722e-05, 2.2400811130378666e-05, 2.2367994021140113e-05, 2.233517691190156e-05, 2.2302359802663006e-05, 2.2269542693424453e-05, 2.22367255841859e-05, 2.2203908474947346e-05, 2.2171091365708793e-05, 2.213827425647024e-05, 2.2105457147231686e-05, 2.2072640037993133e-05, 2.203982292875458e-05, 2.2007005819516026e-05, 2.1974188710277473e-05, 2.194137160103892e-05, 2.1908554491800366e-05, 2.1875737382561813e-05, 2.184292027332326e-05, 2.1810103164084706e-05, 2.1777286054846153e-05, 2.17444689456076e-05, 2.1711651836369047e-05, 2.1678834727130493e-05, 2.164601761789194e-05, 2.1613200508653387e-05, 2.1580383399414833e-05, 2.154756629017628e-05, 2.1514749180937727e-05, 2.1481932071699173e-05, 2.144911496246062e-05, 2.1416297853222067e-05, 2.1383480743983513e-05, 2.135066363474496e-05, 2.1317846525506407e-05, 2.1285029416267853e-05, 2.12522123070293e-05, 2.1219395197790747e-05, 2.1186578088552193e-05, 2.115376097931364e-05, 2.1120943870075087e-05, 2.1088126760836533e-05, 2.105530965159798e-05, 2.1022492542359427e-05, 2.0989675433120873e-05, 2.095685832388232e-05, 2.0924041214643767e-05, 2.0891224105405213e-05, 2.085840699616666e-05, 2.0825589886928107e-05, 2.0792772777689553e-05, 2.0759955668451e-05, 2.0727138559212447e-05, 2.0694321449973893e-05, 2.066150434073534e-05, 2.0628687231496787e-05, 2.0595870122258234e-05, 2.056305301301968e-05, 2.0530235903781127e-05, 2.0497418794542574e-05, 2.046460168530402e-05, 2.0431784576065467e-05, 2.0398967466826914e-05, 2.036615035758836e-05, 2.0333333248349807e-05, 2.0300516139111254e-05, 2.02676990298727e-05, 2.0234881920634147e-05, 2.0202064811395594e-05, 2.016924770215704e-05, 2.0136430592918487e-05, 2.0103613483679934e-05, 2.007079637444138e-05, 2.0037979265202827e-05, 2.0005162155964274e-05, 1.997234504672572e-05, 1.9939527937487167e-05, 1.9906710828248614e-05, 1.987389371901006e-05, 1.9841076609771507e-05, 1.9808259500532954e-05, 1.97754423912944e-05, 1.9742625282055847e-05, 1.9709808172817294e-05, 1.967699106357874e-05, 1.9644173954340187e-05, 1.9611356845101634e-05, 1.957853973586308e-05, 1.9545722626624527e-05, 1.9512905517385974e-05, 1.948008840814742e-05, 1.9447271298908867e-05, 1.9414454189670314e-05, 1.938163708043176e-05, 1.9348819971193207e-05, 1.9316002861954654e-05, 1.92831857527161e-05, 1.9250368643477547e-05, 1.9217551534238994e-05, 1.918473442500044e-05, 1.9151917315761887e-05, 1.9119100206523334e-05, 1.908628309728478e-05, 1.9053465988046227e-05, 1.9020648878807674e-05, 1.898783176956912e-05, 1.8955014660330567e-05, 1.8922197551092014e-05, 1.888938044185346e-05, 1.8856563332614907e-05, 1.8823746223376354e-05, 1.87909291141378e-05, 1.8758112004899247e-05, 1.8725294895660694e-05, 1.869247778642214e-05, 1.8659660677183587e-05, 1.8626843567945034e-05, 1.859402645870648e-05, 1.8561209349467927e-05, 1.8528392240229374e-05, 1.849557513099082e-05, 1.8462758021752267e-05, 1.8429940912513714e-05, 1.839712380327516e-05, 1.8364306694036608e-05, 1.8331489584798054e-05, 1.82986724755595e-05, 1.8265855366320948e-05, 1.8233038257082394e-05, 1.820022114784384e-05, 1.8167404038605288e-05, 1.8134586929366734e-05, 1.810176982012818e-05, 1.8068952710889628e-05, 1.8036135601651074e-05, 1.800331849241252e-05, 1.7970501383173968e-05, 1.7937684273935414e-05, 1.790486716469686e-05, 1.7872050055458308e-05, 1.7839232946219754e-05, 1.78064158369812e-05, 1.7773598727742648e-05, 1.7740781618504094e-05, 1.770796450926554e-05, 1.7675147400026988e-05, 1.7642330290788434e-05, 1.760951318154988e-05, 1.7576696072311328e-05, 1.7543878963072774e-05, 1.751106185383422e-05, 1.7478244744595668e-05, 1.7445427635357114e-05, 1.741261052611856e-05, 1.7379793416880008e-05, 1.7346976307641454e-05, 1.73141591984029e-05, 1.7281342089164348e-05, 1.7248524979925795e-05, 1.721570787068724e-05, 1.7182890761448688e-05, 1.7150073652210135e-05, 1.711725654297158e-05, 1.7084439433733028e-05, 1.7051622324494475e-05, 1.701880521525592e-05, 1.6985988106017368e-05, 1.6953170996778815e-05, 1.692035388754026e-05, 1.6887536778301708e-05, 1.6854719669063155e-05, 1.68219025598246e-05, 1.6789085450586048e-05, 1.6756268341347495e-05, 1.672345123210894e-05, 1.6690634122870388e-05, 1.6657817013631835e-05, 1.662499990439328e-05, 1.6592182795154728e-05, 1.6559365685916175e-05, 1.652654857667762e-05, 1.6493731467439068e-05, 1.6460914358200515e-05, 1.642809724896196e-05, 1.6395280139723408e-05, 1.6362463030484855e-05, 1.63296459212463e-05, 1.6296828812007748e-05, 1.6264011702769195e-05, 1.623119459353064e-05, 1.6198377484292088e-05, 1.6165560375053535e-05, 1.613274326581498e-05, 1.6099926156576428e-05, 1.6067109047337875e-05, 1.603429193809932e-05, 1.6001474828860768e-05, 1.5968657719622215e-05, 1.593584061038366e-05, 1.5903023501145108e-05, 1.5870206391906555e-05, 1.5837389282668e-05, 1.5804572173429448e-05, 1.5771755064190895e-05, 1.573893795495234e-05, 1.5706120845713788e-05, 1.5673303736475235e-05, 1.564048662723668e-05, 1.560766951799813e-05, 1.5574852408759575e-05, 1.554203529952102e-05, 1.550921819028247e-05, 1.5476401081043915e-05, 1.5443583971805362e-05, 1.541076686256681e-05, 1.5377949753328255e-05, 1.5345132644089702e-05, 1.531231553485115e-05, 1.5279498425612595e-05, 1.5246681316374043e-05, 1.5213864207135492e-05, 1.518104709789694e-05, 1.5148229988658389e-05, 1.5115412879419837e-05, 1.5082595770181285e-05, 1.5049778660942734e-05, 1.5016961551704182e-05, 1.498414444246563e-05, 1.4951327333227079e-05, 1.4918510223988527e-05, 1.4885693114749976e-05, 1.4852876005511424e-05, 1.4820058896272872e-05, 1.478724178703432e-05, 1.4754424677795769e-05, 1.4721607568557217e-05, 1.4688790459318666e-05, 1.4655973350080114e-05, 1.4623156240841562e-05, 1.4590339131603011e-05, 1.455752202236446e-05, 1.4524704913125908e-05, 1.4491887803887356e-05, 1.4459070694648804e-05, 1.4426253585410253e-05, 1.4393436476171701e-05, 1.436061936693315e-05, 1.4327802257694598e-05, 1.4294985148456046e-05, 1.4262168039217495e-05, 1.4229350929978943e-05, 1.4196533820740391e-05, 1.416371671150184e-05, 1.4130899602263288e-05, 1.4098082493024736e-05, 1.4065265383786185e-05, 1.4032448274547633e-05, 1.3999631165309082e-05, 1.396681405607053e-05, 1.3933996946831978e-05, 1.3901179837593427e-05, 1.3868362728354875e-05, 1.3835545619116323e-05, 1.3802728509877772e-05, 1.376991140063922e-05, 1.3737094291400668e-05, 1.3704277182162117e-05, 1.3671460072923565e-05, 1.3638642963685014e-05, 1.3605825854446462e-05, 1.357300874520791e-05, 1.3540191635969359e-05, 1.3507374526730807e-05, 1.3474557417492255e-05, 1.3441740308253704e-05, 1.3408923199015152e-05, 1.33761060897766e-05, 1.3343288980538049e-05, 1.3310471871299497e-05, 1.3277654762060946e-05, 1.3244837652822394e-05, 1.3212020543583842e-05, 1.317920343434529e-05, 1.314638632510674e-05, 1.3113569215868188e-05, 1.3080752106629636e-05, 1.3047934997391084e-05, 1.3015117888152533e-05, 1.2982300778913981e-05, 1.294948366967543e-05, 1.2916666560436878e-05, 1.2883849451198326e-05, 1.2851032341959774e-05, 1.2818215232721223e-05, 1.2785398123482671e-05, 1.275258101424412e-05, 1.2719763905005568e-05, 1.2686946795767016e-05, 1.2654129686528465e-05, 1.2621312577289913e-05, 1.2588495468051361e-05, 1.255567835881281e-05, 1.2522861249574258e-05, 1.2490044140335707e-05, 1.2457227031097155e-05, 1.2424409921858603e-05, 1.2391592812620052e-05, 1.23587757033815e-05, 1.2325958594142948e-05, 1.2293141484904397e-05, 1.2260324375665845e-05, 1.2227507266427294e-05, 1.2194690157188742e-05, 1.216187304795019e-05, 1.2129055938711639e-05, 1.2096238829473087e-05, 1.2063421720234535e-05, 1.2030604610995984e-05, 1.1997787501757432e-05, 1.196497039251888e-05, 1.1932153283280329e-05, 1.1899336174041777e-05, 1.1866519064803226e-05, 1.1833701955564674e-05, 1.1800884846326122e-05, 1.176806773708757e-05, 1.1735250627849019e-05, 1.1702433518610467e-05, 1.1669616409371916e-05, 1.1636799300133364e-05, 1.1603982190894813e-05, 1.1571165081656261e-05, 1.153834797241771e-05, 1.1505530863179158e-05, 1.1472713753940606e-05, 1.1439896644702054e-05, 1.1407079535463503e-05, 1.1374262426224951e-05, 1.13414453169864e-05, 1.1308628207747848e-05, 1.1275811098509296e-05, 1.1242993989270745e-05, 1.1210176880032193e-05, 1.1177359770793641e-05, 1.114454266155509e-05, 1.1111725552316538e-05, 1.1078908443077986e-05, 1.1046091333839435e-05, 1.1013274224600883e-05, 1.0980457115362332e-05, 1.094764000612378e-05, 1.0914822896885228e-05, 1.0882005787646677e-05, 1.0849188678408125e-05, 1.0816371569169573e-05, 1.0783554459931022e-05, 1.075073735069247e-05, 1.0717920241453919e-05, 1.0685103132215367e-05, 1.0652286022976815e-05, 1.0619468913738264e-05, 1.0586651804499712e-05, 1.055383469526116e-05, 1.0521017586022609e-05, 1.0488200476784057e-05, 1.0455383367545506e-05, 1.0422566258306954e-05, 1.0389749149068402e-05, 1.035693203982985e-05, 1.0324114930591299e-05, 1.0291297821352747e-05, 1.0258480712114196e-05, 1.0225663602875644e-05, 1.0192846493637092e-05, 1.0160029384398541e-05, 1.012721227515999e-05, 1.0094395165921438e-05, 1.0061578056682886e-05, 1.0028760947444334e-05, 9.995943838205783e-06, 9.963126728967231e-06, 9.93030961972868e-06, 9.897492510490128e-06, 9.864675401251576e-06, 9.831858292013025e-06, 9.799041182774473e-06, 9.766224073535921e-06, 9.73340696429737e-06, 9.700589855058818e-06, 9.667772745820266e-06, 9.634955636581715e-06, 9.602138527343163e-06, 9.569321418104612e-06, 9.53650430886606e-06, 9.503687199627508e-06, 9.470870090388957e-06, 9.438052981150405e-06, 9.405235871911853e-06, 9.372418762673302e-06, 9.33960165343475e-06, 9.306784544196198e-06, 9.273967434957647e-06, 9.241150325719095e-06, 9.208333216480544e-06, 9.175516107241992e-06, 9.14269899800344e-06, 9.109881888764889e-06, 9.077064779526337e-06, 9.044247670287785e-06, 9.011430561049234e-06, 8.978613451810682e-06, 8.94579634257213e-06, 8.912979233333579e-06, 8.880162124095027e-06, 8.847345014856476e-06, 8.814527905617924e-06, 8.781710796379372e-06, 8.74889368714082e-06, 8.71607657790227e-06, 8.683259468663718e-06, 8.650442359425166e-06, 8.617625250186614e-06, 8.584808140948063e-06, 8.551991031709511e-06, 8.51917392247096e-06, 8.486356813232408e-06, 8.453539703993856e-06, 8.420722594755304e-06, 8.387905485516753e-06, 8.355088376278201e-06, 8.32227126703965e-06, 8.289454157801098e-06, 8.256637048562546e-06, 8.223819939323995e-06, 8.191002830085443e-06, 8.158185720846891e-06, 8.12536861160834e-06, 8.092551502369788e-06, 8.059734393131237e-06, 8.026917283892685e-06, 7.994100174654133e-06, 7.961283065415582e-06, 7.92846595617703e-06, 7.895648846938478e-06, 7.862831737699927e-06, 7.830014628461375e-06, 7.797197519222824e-06, 7.764380409984272e-06, 7.73156330074572e-06, 7.698746191507169e-06, 7.665929082268617e-06, 7.633111973030065e-06, 7.600294863791514e-06, 7.567477754552962e-06, 7.5346606453144105e-06, 7.501843536075859e-06, 7.469026426837307e-06, 7.436209317598756e-06, 7.403392208360204e-06, 7.370575099121652e-06, 7.337757989883101e-06, 7.304940880644549e-06, 7.2721237714059974e-06, 7.239306662167446e-06, 7.206489552928894e-06, 7.1736724436903426e-06, 7.140855334451791e-06, 7.108038225213239e-06, 7.075221115974688e-06, 7.042404006736136e-06, 7.009586897497584e-06, 6.976769788259033e-06, 6.943952679020481e-06, 6.9111355697819295e-06, 6.878318460543378e-06, 6.845501351304826e-06, 6.812684242066275e-06, 6.779867132827723e-06, 6.747050023589171e-06, 6.71423291435062e-06, 6.681415805112068e-06, 6.6485986958735165e-06, 6.615781586634965e-06, 6.582964477396413e-06, 6.550147368157862e-06, 6.51733025891931e-06, 6.484513149680758e-06, 6.451696040442207e-06, 6.418878931203655e-06, 6.3860618219651034e-06, 6.353244712726552e-06, 6.320427603488e-06, 6.2876104942494486e-06, 6.254793385010897e-06, 6.221976275772345e-06, 6.189159166533794e-06, 6.156342057295242e-06, 6.12352494805669e-06, 6.090707838818139e-06, 6.057890729579587e-06, 6.0250736203410355e-06, 5.992256511102484e-06, 5.959439401863932e-06, 5.926622292625381e-06, 5.893805183386829e-06, 5.860988074148277e-06, 5.828170964909726e-06, 5.795353855671174e-06, 5.7625367464326225e-06, 5.729719637194071e-06, 5.696902527955519e-06, 5.664085418716968e-06, 5.631268309478416e-06, 5.598451200239864e-06, 5.565634091001313e-06, 5.532816981762761e-06, 5.4999998725242094e-06, 5.467182763285658e-06, 5.434365654047106e-06, 5.4015485448085546e-06, 5.368731435570003e-06, 5.335914326331451e-06, 5.3030972170929e-06, 5.270280107854348e-06, 5.237462998615796e-06, 5.204645889377245e-06, 5.171828780138693e-06, 5.1390116709001415e-06, 5.10619456166159e-06, 5.073377452423038e-06, 5.040560343184487e-06, 5.007743233945935e-06, 4.974926124707383e-06, 4.942109015468832e-06, 4.90929190623028e-06, 4.8764747969917285e-06, 4.843657687753177e-06, 4.810840578514625e-06, 4.778023469276074e-06, 4.745206360037522e-06, 4.71238925079897e-06, 4.679572141560419e-06, 4.646755032321867e-06, 4.6139379230833154e-06, 4.581120813844764e-06, 4.548303704606212e-06, 4.5154865953676606e-06, 4.482669486129109e-06, 4.449852376890557e-06, 4.417035267652006e-06, 4.384218158413454e-06, 4.351401049174902e-06, 4.318583939936351e-06, 4.285766830697799e-06, 4.2529497214592475e-06, 4.220132612220696e-06, 4.187315502982144e-06, 4.154498393743593e-06, 4.121681284505041e-06, 4.088864175266489e-06, 4.056047066027938e-06, 4.023229956789386e-06, 3.9904128475508345e-06, 3.957595738312283e-06, 3.924778629073731e-06, 3.89196151983518e-06, 3.859144410596628e-06, 3.826327301358076e-06, 3.7935101921195243e-06, 3.7606930828809722e-06, 3.72787597364242e-06, 3.695058864403868e-06, 3.662241755165316e-06, 3.629424645926764e-06, 3.596607536688212e-06, 3.56379042744966e-06, 3.530973318211108e-06, 3.498156208972556e-06, 3.4653390997340038e-06, 3.4325219904954517e-06, 3.3997048812568996e-06, 3.3668877720183476e-06, 3.3340706627797955e-06, 3.3012535535412435e-06, 3.2684364443026914e-06, 3.2356193350641394e-06, 3.2028022258255873e-06, 3.1699851165870353e-06, 3.1371680073484832e-06, 3.104350898109931e-06, 3.071533788871379e-06, 3.038716679632827e-06, 3.005899570394275e-06, 2.973082461155723e-06, 2.940265351917171e-06, 2.907448242678619e-06, 2.874631133440067e-06, 2.8418140242015147e-06, 2.8089969149629627e-06, 2.7761798057244106e-06, 2.7433626964858586e-06, 2.7105455872473065e-06, 2.6777284780087545e-06, 2.6449113687702024e-06, 2.6120942595316504e-06, 2.5792771502930983e-06, 2.5464600410545463e-06, 2.513642931815994e-06, 2.480825822577442e-06, 2.44800871333889e-06, 2.415191604100338e-06, 2.382374494861786e-06, 2.349557385623234e-06, 2.316740276384682e-06, 2.28392316714613e-06, 2.2511060579075778e-06, 2.2182889486690257e-06, 2.1854718394304737e-06, 2.1526547301919216e-06, 2.1198376209533696e-06, 2.0870205117148175e-06, 2.0542034024762655e-06, 2.0213862932377134e-06, 1.9885691839991614e-06, 1.9557520747606093e-06, 1.9229349655220573e-06, 1.8901178562835054e-06, 1.8573007470449536e-06, 1.8244836378064017e-06, 1.7916665285678499e-06, 1.758849419329298e-06, 1.7260323100907462e-06, 1.6932152008521944e-06, 1.6603980916136425e-06, 1.6275809823750907e-06, 1.5947638731365388e-06, 1.561946763897987e-06, 1.5291296546594352e-06, 1.4963125454208833e-06, 1.4634954361823315e-06, 1.4306783269437796e-06, 1.3978612177052278e-06, 1.365044108466676e-06, 1.3322269992281241e-06, 1.2994098899895723e-06, 1.2665927807510204e-06, 1.2337756715124686e-06, 1.2009585622739167e-06, 1.168141453035365e-06, 1.135324343796813e-06, 1.1025072345582612e-06, 1.0696901253197094e-06, 1.0368730160811575e-06, 1.0040559068426057e-06, 9.712387976040539e-07, 9.38421688365502e-07, 9.056045791269502e-07, 8.727874698883983e-07, 8.399703606498465e-07, 8.071532514112946e-07, 7.743361421727428e-07, 7.41519032934191e-07, 7.087019236956391e-07, 6.758848144570873e-07, 6.430677052185354e-07, 6.102505959799836e-07, 5.774334867414318e-07, 5.446163775028799e-07, 5.117992682643281e-07, 4.789821590257762e-07] 
======================
counter_t= [   0    1    2 ... 1506 1507 1508] 
======================
