0.94484719 0.94484465 0.94483891 0.94483247 0.94482595 0.94481956
 0.94481339 0.94480744 0.94480174 0.94479627 0.94479102 0.94478598
 0.94478114 0.94477649 0.94477202 0.94476772 0.94476357 0.94475957
 0.94475572 0.94475199 0.94474839 0.94474492 0.94474155 0.9447383
 0.94473514 0.94473209 0.94472913 0.94472625 0.94472347 0.94472076
 0.94471814 0.94471559 0.94471311 0.9447107  0.94470836 0.94470609
 0.94470387 0.94470172 0.94469962 0.94469758 0.94469559 0.94469365
 0.94469177 0.94468993 0.94468814 0.94468639 0.94468469 0.94468303
 0.94468141 0.94467983 0.9446783  0.94467679 0.94467533 0.9446739
 0.94467251 0.94467115 0.94466982 0.94466852 0.94466726 0.94466602
 0.94466482 0.94466364 0.94466249 0.94466137 0.94466028 0.94465921
 0.94465816 0.94465714 0.94465615 0.94465517 0.94465422 0.9446533
 0.94465239 0.94465151 0.94465065 0.9446498  0.94464898 0.94464818
 0.94464739 0.94464662 0.94464588 0.94464515 0.94464443 0.94464374
 0.94464306 0.9446424  0.94464175 0.94464112 0.9446405  0.9446399
 0.94463931 0.94463874 0.94463818 0.94463764 0.9446371  0.94463659
 0.94463608 0.94463559 0.94463511 0.94463464 0.94463418 0.94463374
 0.94463331 0.94463288 0.94463247 0.94463207 0.94463168 0.9446313
 0.94463093 0.94463057 0.94463022 0.94462988 0.94462955 0.94462923
 0.94462892 0.94462861 0.94462832 0.94462803 0.94462775 0.94462748
 0.94462721 0.94462696 0.94462671 0.94462647 0.94462624 0.94462601
 0.94462579 0.94462558 0.94462537 0.94462518 0.94462498 0.9446248
 0.94462462 0.94462444 0.94462427 0.94462411 0.94462395 0.9446238
 0.94462366 0.94462352 0.94462338 0.94462325 0.94462312 0.944623
 0.94462289 0.94462278 0.94462267 0.94462256 0.94462247 0.94462237
 0.94462228 0.94462219 0.94462211 0.94462203 0.94462196 0.94462189
 0.94462182 0.94462175 0.94462169 0.94462163 0.94462158 0.94462152
 0.94462147 0.94462143 0.94462138 0.94462134 0.9446213  0.94462127
 0.94462123 0.9446212  0.94462117 0.94462114 0.94462111 0.94462109
 0.94462107 0.94462105 0.94462103 0.94462101 0.944621   0.94462098
 0.94462097 0.94462096 0.94462095 0.94462094 0.94462093 0.94462093
 0.94462092 0.94462092 0.94462091 0.94462091 0.94462091 0.9446209
 0.9446209  0.9446209  0.9446209  0.9446209  0.9446209  0.9446209
 0.9446209  0.9446209