 0.94484719 0.94484889 0.94485033 0.94485158 0.94485269 0.94485371
 0.94485464 0.94485551 0.94485632 0.94485708 0.9448578  0.94485849
 0.94485914 0.94485976 0.94486036 0.94486093 0.94486149 0.94486202
 0.94486254 0.94486303 0.94486352 0.94486399 0.94486444 0.94486489
 0.94486532 0.94486574 0.94486615 0.94486655 0.94486694 0.94486732
 0.94486769 0.94486806 0.94486842 0.94486877 0.94486911 0.94486945
 0.94486978 0.9448701  0.94487042 0.94487074 0.94487104 0.94487135
 0.94487164 0.94487193 0.94487222 0.9448725  0.94487278 0.94487306
 0.94487333 0.94487359 0.94487385 0.94487411 0.94487437 0.94487462
 0.94487487 0.94487511 0.94487535 0.94487559 0.94487582 0.94487605
 0.94487628 0.94487651 0.94487673 0.94487695 0.94487717 0.94487738
 0.9448776  0.94487781 0.94487801 0.94487822 0.94487842 0.94487862
 0.94487882 0.94487902 0.94487921 0.9448794  0.94487959 0.94487978
 0.94487996 0.94488015 0.94488033 0.94488051 0.94488069 0.94488086
 0.94488104 0.94488121 0.94488138 0.94488155 0.94488172 0.94488188
 0.94488205 0.94488221 0.94488237 0.94488253 0.94488269 0.94488285
 0.944883   0.94488316 0.94488331 0.94488346 0.94488361 0.94488376
 0.94488391 0.94488405 0.9448842  0.94488434 0.94488448 0.94488462
 0.94488476 0.9448849  0.94488504 0.94488518 0.94488531 0.94488545
 0.94488558 0.94488571 0.94488584 0.94488597 0.9448861  0.94488623
 0.94488635 0.94488648 0.9448866  0.94488673 0.94488685 0.94488697
 0.94488709 0.94488721 0.94488733 0.94488745 0.94488757 0.94488768
 0.9448878  0.94488791 0.94488803 0.94488814 0.94488825 0.94488836
 0.94488847 0.94488858 0.94488869 0.9448888  0.9448889  0.94488901
 0.94488912 0.94488922 0.94488932 0.94488943 0.94488953 0.94488963
 0.94488973 0.94488983 0.94488993 0.94489003 0.94489013 0.94489023
 0.94489032 0.94489042 0.94489052 0.94489061 0.9448907  0.9448908
 0.94489089 0.94489098 0.94489107 0.94489117 0.94489126 0.94489135
 0.94489143 0.94489152 0.94489161 0.9448917  0.94489178 0.94489187
 0.94489196 0.94489204 0.94489213 0.94489221 0.94489229 0.94489238
 0.94489246 0.94489254 0.94489262 0.9448927  0.94489278 0.94489286
 0.94489294 0.94489302 0.9448931  0.94489318 0.94489325 0.94489333
 0.94489341 0.94489348 0.94489356 0.94489363 0.94489371 0.94489378
 0.94489385 0.94489393 0.944894   0.94489407 0.94489414 0.94489421
 0.94489428 0.94489435 0.94489442 0.94489449 0.94489456 0.94489463
 0.9448947  0.94489477 0.94489483 0.9448949  0.94489497 0.94489503
 0.9448951  0.94489516 0.94489523 0.94489529 0.94489536 0.94489542
 0.94489548 0.94489554 0.94489561 0.94489567 0.94489573 0.94489579
 0.94489585 0.94489591 0.94489597 0.94489603 0.94489609 0.94489615
 0.94489621 0.94489627 0.94489633 0.94489639 0.94489644 0.9448965
 0.94489656 0.94489661 0.94489667 0.94489672 0.94489678 0.94489683
 0.94489689 0.94489694 0.944897   0.94489705 0.94489711 0.94489716
 0.94489721 0.94489726 0.94489732 0.94489737 0.94489742 0.94489747
 0.94489752 0.94489757 0.94489762 0.94489767 0.94489772 0.94489777
 0.94489782 0.94489787 0.94489792 0.94489797 0.94489801 0.94489806
 0.94489811 0.94489816 0.9448982  0.94489825 0.9448983  0.94489834
 0.94489839 0.94489843 0.94489848 0.94489852 0.94489857 0.94489861
 0.94489866 0.9448987  0.94489875 0.94489879 0.94489883 0.94489888
 0.94489892 0.94489896 0.944899   0.94489904 0.94489909 0.94489913
 0.94489917 0.94489921 0.94489925 0.94489929 0.94489933 0.94489937
 0.94489941 0.94489945 0.94489949 0.94489953 0.94489957 0.94489961
 0.94489965 0.94489968 0.94489972 0.94489976 0.9448998  0.94489983
 0.94489987 0.94489991 0.94489995 0.94489998 0.94490002 0.94490005
 0.94490009 0.94490013 0.94490016 0.9449002  0.94490023 0.94490027
 0.9449003  0.94490034 0.94490037 0.9449004  0.94490044 0.94490047
 0.9449005  0.94490054 0.94490057 0.9449006  0.94490064 0.94490067
 0.9449007  0.94490073 0.94490077 0.9449008  0.94490083 0.94490086
 0.94490089 0.94490092 0.94490095 0.94490098 0.94490101 0.94490104
 0.94490107 0.9449011  0.94490113 0.94490116 0.94490119 0.94490122
 0.94490125 0.94490128 0.94490131 0.94490134 0.94490136 0.94490139
 0.94490142 0.94490145 0.94490148 0.9449015  0.94490153 0.94490156
 0.94490159 0.94490161 0.94490164 0.94490167 0.94490169 0.94490172
 0.94490174 0.94490177 0.9449018  0.94490182 0.94490185 0.94490187
 0.9449019  0.94490192 0.94490195 0.94490197 0.944902   0.94490202
 0.94490204 0.94490207 0.94490209 0.94490212 0.94490214 0.94490216
 0.94490219 0.94490221 0.94490223 0.94490226 0.94490228 0.9449023
 0.94490232 0.94490235 0.94490237 0.94490239 0.94490241 0.94490243
 0.94490246 0.94490248 0.9449025  0.94490252 0.94490254 0.94490256
 0.94490258 0.9449026  0.94490262 0.94490264 0.94490267 0.94490269
 0.94490271 0.94490273 0.94490275 0.94490276 0.94490278 0.9449028
 0.94490282 0.94490284 0.94490286 0.94490288 0.9449029  0.94490292
 0.94490294 0.94490296 0.94490297 0.94490299 0.94490301 0.94490303
 0.94490305 0.94490306 0.94490308 0.9449031  0.94490312 0.94490313
 0.94490315 0.94490317 0.94490318 0.9449032  0.94490322 0.94490324
 0.94490325 0.94490327 0.94490328 0.9449033  0.94490332 0.94490333
 0.94490335 0.94490336 0.94490338 0.9449034  0.94490341 0.94490343
 0.94490344 0.94490346 0.94490347 0.94490349 0.9449035  0.94490352
 0.94490353 0.94490355 0.94490356 0.94490357 0.94490359 0.9449036
 0.94490362 0.94490363 0.94490364 0.94490366 0.94490367 0.94490369
 0.9449037  0.94490371 0.94490373 0.94490374 0.94490375 0.94490376
 0.94490378 0.94490379 0.9449038  0.94490382 0.94490383 0.94490384
 0.94490385 0.94490387 0.94490388 0.94490389 0.9449039  0.94490391
 0.94490393 0.94490394 0.94490395 0.94490396 0.94490397 0.94490398
 0.94490399 0.94490401 0.94490402 0.94490403 0.94490404 0.94490405
 0.94490406 0.94490407 0.94490408 0.94490409 0.9449041  0.94490411
 0.94490412 0.94490413 0.94490414 0.94490415 0.94490416 0.94490417
 0.94490418 0.94490419 0.9449042  0.94490421 0.94490422 0.94490423
 0.94490424 0.94490425 0.94490426 0.94490427 0.94490428 0.94490429
 0.9449043  0.94490431 0.94490431 0.94490432 0.94490433 0.94490434
 0.94490435 0.94490436 0.94490437 0.94490437 0.94490438 0.94490439
 0.9449044  0.94490441 0.94490442 0.94490442 0.94490443 0.94490444
 0.94490445 0.94490445 0.94490446 0.94490447 0.94490448 0.94490448
 0.94490449 0.9449045  0.94490451 0.94490451 0.94490452 0.94490453
 0.94490453 0.94490454 0.94490455 0.94490455 0.94490456 0.94490457
 0.94490457 0.94490458 0.94490459 0.94490459 0.9449046  0.94490461
 0.94490461 0.94490462 0.94490462 0.94490463 0.94490464 0.94490464
 0.94490465 0.94490465 0.94490466 0.94490467 0.94490467 0.94490468
 0.94490468 0.94490469 0.94490469 0.9449047  0.9449047  0.94490471
 0.94490471 0.94490472 0.94490473 0.94490473 0.94490474 0.94490474
 0.94490475 0.94490475 0.94490475 0.94490476 0.94490476 0.94490477
 0.94490477 0.94490478 0.94490478 0.94490479 0.94490479 0.9449048
 0.9449048  0.9449048  0.94490481 0.94490481 0.94490482 0.94490482
 0.94490483 0.94490483 0.94490483 0.94490484 0.94490484 0.94490485
 0.94490485 0.94490485 0.94490486 0.94490486 0.94490486 0.94490487
 0.94490487 0.94490487 0.94490488 0.94490488 0.94490488 0.94490489
 0.94490489 0.94490489 0.9449049  0.9449049  0.9449049  0.94490491
 0.94490491 0.94490491 0.94490492 0.94490492 0.94490492 0.94490492
 0.94490493 0.94490493 0.94490493 0.94490494 0.94490494 0.94490494
 0.94490494 0.94490495 0.94490495 0.94490495 0.94490495 0.94490496
 0.94490496 0.94490496 0.94490496 0.94490497 0.94490497 0.94490497
 0.94490497 0.94490497 0.94490498 0.94490498 0.94490498 0.94490498
 0.94490499 0.94490499 0.94490499 0.94490499 0.94490499 0.94490499
 0.944905   0.944905   0.944905   0.944905   0.944905   0.94490501
 0.94490501 0.94490501 0.94490501 0.94490501 0.94490501 0.94490501
 0.94490502 0.94490502 0.94490502 0.94490502 0.94490502 0.94490502
 0.94490502 0.94490503 0.94490503 0.94490503 0.94490503 0.94490503
 0.94490503 0.94490503 0.94490503 0.94490504 0.94490504 0.94490504
 0.94490504 0.94490504 0.94490504 0.94490504 0.94490504 0.94490504
 0.94490504 0.94490505 0.94490505 0.94490505 0.94490505 0.94490505
 0.94490505 0.94490505 0.94490505 0.94490505 0.94490505 0.94490505
 0.94490505 0.94490506 0.94490506 0.94490506 0.94490506 0.94490506
 0.94490506 0.94490506 0.94490506 0.94490506 0.94490506 0.94490506
 0.94490506 0.94490506 0.94490506 0.94490506 0.94490506 0.94490506
 0.94490506 0.94490506 0.94490506 0.94490507 0.94490507 0.94490507
 0.94490507 0.94490507 0.94490507 0.94490507 0.94490507 0.94490507
 0.94490507 0.94490507 0.94490507 0.94490507 0.94490507 0.94490507
 0.94490507 0.94490507 0.94490507 0.94490507 0.94490507 0.94490507
 0.94490507 0.94490507 0.94490507 0.94490507 0.94490507 0.94490507
 0.94490507 0.94490507 0.94490507 0.94490507 0.94490507 0.94490507
 0.94490507 0.94490507 0.94490507 0.94490507 0.94490507 0.94490507
 0.94490507 0.94490507 0.94490507 0.94490507 0.94490507 0.94490507
 0.94490507 0.94490507 0.94490507 0.94490507 0.94490507 0.94490507
 0.94490507 0.94490507 0.94490507 0.94490507 0.94490507 0.94490507
 0.94490507 0.94490507