0
2.3575E+06
3.1789E+06
4.4451E+06
5.5376E+06
6.5599E+06
7.9364E+06
8.8988E+06
1.0055E+07
1.1204E+07
1.25E+07
1.34E+07
1.462E+07
1.5768E+07
1.69E+07
1.794E+07
1.9143E+07
2.0325E+07
2.1422E+07
2.2185E+07
2.3786E+07
2.4475E+07
2.5533E+07
2.6708E+07
2.7945E+07
2.8959E+07
3.0215E+07
3.1487E+07
3.2719E+07
3.3606E+07
3.4665E+07
3.5813E+07
3.7046E+07
3.795E+07
3.8995E+07
4.0099E+07
4.1263E+07
4.2497E+07
4.3802E+07
4.4664E+07
4.595E+07
4.7141E+07
4.83E+07
4.9475E+07
5.0678E+07
5.175E+07
5.2634E+07
5.3749E+07
5.4792E+07
5.5902E+07
5.7048E+07
5.8176E+07
5.9291E+07
6.0311E+07
6.161E+07
6.2419E+07
6.3754E+07
6.5037E+07
6.5819E+07
6.7214E+07
6.8191E+07
6.9402E+07
7.0263E+07
7.1581E+07
7.2672E+07
7.3519E+07
7.4813E+07
7.567E+07
7.712E+07
7.8401E+07
7.9379E+07
8.0418E+07
8.1376E+07
8.254E+07
8.3382E+07
8.4604E+07
8.5838E+07
8.6879E+07
8.7895E+07
8.8939E+07
9.0231E+07
9.1331E+07
9.2414E+07
9.3425E+07
9.4638E+07
9.5828E+07
9.6796E+07
9.7777E+07
9.926E+07
1.0017E+08
1.0118E+08
1.023E+08
1.0348E+08
1.045E+08
1.0547E+08
1.0671E+08
1.0776E+08
1.0873E+08
1.0976E+08
1.1097E+08
1.1185E+08
1.13E+08
1.1403E+08
1.1572E+08
1.1654E+08
1.1732E+08
1.1856E+08
1.1958E+08
1.205E+08
1.216E+08
1.2257E+08
1.2374E+08
1.2481E+08
1.2616E+08
1.2699E+08
1.2844E+08
1.2935E+08
1.3058E+08
1.3142E+08
1.3231E+08
1.3334E+08
1.3453E+08
1.3565E+08
1.3691E+08
1.3771E+08
1.3916E+08
1.3999E+08
1.4116E+08
1.4185E+08
1.43E+08
1.4408E+08
1.4527E+08
1.4628E+08
1.4718E+08
1.4825E+08
1.4929E+08
1.5034E+08
1.5169E+08
1.526E+08
1.5339E+08
1.5465E+08
1.5569E+08
1.5655E+08
1.5751E+08
1.5849E+08
1.598E+08
1.6074E+08
1.6177E+08
1.6264E+08
1.639E+08
1.6487E+08
1.6592E+08
1.6701E+08
1.6809E+08
1.6879E+08
1.7017E+08
1.7101E+08
1.7197E+08
1.7305E+08
1.7403E+08
1.75E+08
1.7608E+08
1.7728E+08
1.7788E+08
1.7903E+08
1.7991E+08
1.7995E+08
1.8202E+08
1.8293E+08
1.8387E+08
1.8493E+08
1.8598E+08
1.87E+08
1.8804E+08
1.8887E+08
1.9001E+08
1.9096E+08
1.9182E+08
1.9304E+08
1.9368E+08
1.9505E+08
1.9582E+08
1.9671E+08
1.9801E+08
1.9889E+08
1.9969E+08
2.009E+08
2.0164E+08
2.0302E+08
2.0368E+08
2.0466E+08
2.0564E+08
2.0666E+08
2.075E+08
2.0875E+08
2.094E+08
2.1055E+08
2.1142E+08
2.1266E+08
2.1337E+08
2.1439E+08
2.1531E+08
2.1616E+08
2.1703E+08
2.1825E+08
2.1906E+08
2.2008E+08
2.2099E+08
2.2177E+08
2.2277E+08
2.237E+08
2.246E+08
2.2562E+08
2.2654E+08
2.2737E+08
2.2822E+08
2.2946E+08
2.3029E+08
2.3137E+08
2.319E+08
2.3309E+08
2.3396E+08
2.3509E+08
2.3563E+08
2.3657E+08
2.3748E+08
2.3843E+08
2.3955E+08
2.4037E+08
2.4119E+08
2.4217E+08
2.432E+08
2.4371E+08
2.4454E+08
2.4557E+08
2.4661E+08
2.477E+08
2.4841E+08
2.4923E+08
2.4997E+08
2.5099E+08
2.5173E+08
2.5291E+08
2.5367E+08
2.5454E+08
2.5525E+08
2.5608E+08
2.5693E+08
2.5764E+08
2.587E+08
2.5957E+08
2.6016E+08
2.6128E+08
2.6184E+08
2.6293E+08
2.637E+08
2.6473E+08
2.6534E+08
2.6622E+08
2.6711E+08
2.6773E+08
2.6913E+08
2.698E+08
2.7031E+08
2.7109E+08
2.7203E+08
2.7279E+08
2.7343E+08
2.747E+08
2.751E+08
2.7584E+08
2.7681E+08
2.7772E+08
2.7738E+08
2.7823E+08
2.7903E+08
2.7982E+08
2.8062E+08
2.8141E+08
2.822E+08
2.8298E+08
2.8376E+08
2.8454E+08
2.8531E+08
2.8609E+08
2.8686E+08
2.8763E+08
2.8839E+08
2.8916E+08
2.8992E+08
2.9068E+08
2.9144E+08
2.9219E+08
2.9294E+08
2.9369E+08
2.9444E+08
2.9519E+08
2.9593E+08
2.9666E+08
2.974E+08
2.9814E+08
2.9886E+08
2.9959E+08
3.0031E+08
3.0104E+08
3.0176E+08
3.0248E+08
3.032E+08
3.039E+08
3.0462E+08
3.0532E+08
3.0602E+08
3.0672E+08
3.0743E+08
3.0812E+08
3.0881E+08
3.095E+08
3.1019E+08
3.1087E+08
3.1155E+08
3.1223E+08
3.1291E+08
3.1359E+08
3.1426E+08
3.1492E+08
3.1559E+08
3.1625E+08
3.1691E+08
3.1756E+08
3.1822E+08
3.1887E+08
3.1951E+08
3.2016E+08
3.208E+08
3.2143E+08
3.2207E+08
3.2272E+08
3.2334E+08
3.2396E+08
3.2458E+08
3.2522E+08
3.2583E+08
3.2645E+08
3.2705E+08
3.2766E+08
3.2827E+08
3.2887E+08
3.2948E+08
3.3007E+08
3.3067E+08
3.3126E+08
3.3186E+08
3.3243E+08
3.3302E+08
3.3361E+08
3.3416E+08
3.3474E+08
3.3531E+08
3.3588E+08
3.3644E+08
3.37E+08
3.3758E+08
3.3811E+08
3.3866E+08
3.3921E+08
3.3975E+08
3.4029E+08
3.4083E+08
3.4136E+08
3.419E+08
3.4243E+08
3.4295E+08
3.4347E+08
3.4399E+08
3.445E+08
3.4503E+08
3.4553E+08
3.4603E+08
3.4654E+08
3.4704E+08
3.4753E+08
3.4802E+08
3.4851E+08
3.49E+08
3.4947E+08
3.4995E+08
3.5043E+08
3.509E+08
3.5137E+08
3.5184E+08
3.523E+08
3.5275E+08
3.5321E+08
3.5367E+08
3.5411E+08
3.5456E+08
3.55E+08
3.5544E+08
3.5587E+08
3.5631E+08
3.5674E+08
3.5716E+08
3.5759E+08
3.5799E+08
3.5842E+08
3.5883E+08
3.5923E+08
3.5963E+08
3.6004E+08
3.6044E+08
3.6083E+08
3.6122E+08
3.6161E+08
3.6199E+08
3.6237E+08
3.6275E+08
3.6312E+08
3.6348E+08
3.6385E+08
3.6421E+08
3.6458E+08
3.6492E+08
3.6527E+08
3.6563E+08
3.6597E+08
3.663E+08
3.6664E+08
3.6697E+08
3.6732E+08
3.6764E+08
3.6795E+08
3.6828E+08
3.6861E+08
3.689E+08
3.6921E+08
3.6951E+08
3.6982E+08
3.7011E+08
3.7041E+08
3.707E+08
3.7099E+08
3.7127E+08
3.7157E+08
3.7182E+08
3.721E+08
3.7238E+08
3.7263E+08
3.7289E+08
3.7316E+08
3.734E+08
3.7365E+08
3.739E+08
3.7414E+08
3.7439E+08
3.7461E+08
3.7484E+08
3.7508E+08
3.7529E+08
3.7552E+08
3.7574E+08
3.7596E+08
3.7616E+08
3.7637E+08
3.7657E+08
3.7677E+08
3.7697E+08
3.7716E+08
3.7735E+08
3.7754E+08
3.7771E+08
3.7789E+08
3.7807E+08
3.7824E+08
3.784E+08
3.7856E+08
3.7872E+08
3.7887E+08
3.7903E+08
3.7918E+08
3.7932E+08
3.7946E+08
3.796E+08
3.7974E+08
3.7987E+08
3.8E+08
3.8012E+08
3.8024E+08
3.8036E+08
3.8047E+08
3.8059E+08
3.8069E+08
3.8079E+08
3.8089E+08
3.8098E+08
3.8108E+08
3.8116E+08
3.8124E+08
3.8133E+08
3.814E+08
3.8148E+08
3.8155E+08
3.8162E+08
3.8169E+08
3.8176E+08
3.8181E+08
3.8187E+08
3.8192E+08
3.8197E+08
3.8202E+08
3.8206E+08
3.8209E+08
3.8212E+08
3.8216E+08
3.8218E+08
3.8221E+08
3.8223E+08
3.8226E+08
3.8228E+08
3.8229E+08
3.8231E+08
3.8231E+08
3.8233E+08
3.8232E+08
3.8232E+08
3.8232E+08
3.8232E+08
3.823E+08
3.8229E+08
3.8227E+08
3.8225E+08
3.8223E+08
3.8221E+08
3.822E+08
3.8217E+08
3.8213E+08
3.8211E+08
3.8208E+08
3.8203E+08
3.8198E+08
3.8195E+08
3.8189E+08
3.8185E+08
3.8179E+08
3.8174E+08
3.8169E+08
3.8163E+08
3.8158E+08
3.8151E+08
3.8146E+08
3.8139E+08
3.8133E+08
3.8125E+08
3.8119E+08
3.8111E+08
3.8104E+08
3.8096E+08
3.8088E+08
3.808E+08
3.8072E+08
3.8064E+08
3.8056E+08
3.8048E+08
3.8039E+08
3.8031E+08
3.8022E+08
3.8013E+08
3.8004E+08
3.7995E+08
3.7984E+08
3.7975E+08
3.7966E+08
3.7956E+08
3.7946E+08
3.7937E+08
3.7927E+08
3.7919E+08
3.7908E+08
3.7898E+08
3.7889E+08
3.7879E+08
3.7868E+08
3.786E+08
3.7849E+08
3.7838E+08
3.7828E+08
3.7819E+08
3.7808E+08
3.7797E+08
3.7788E+08
3.7779E+08
3.7769E+08
3.7759E+08
3.7749E+08
3.774E+08
3.7731E+08
3.7722E+08
3.7712E+08
3.7704E+08
3.7695E+08
3.7685E+08
3.7677E+08
3.7667E+08
3.7659E+08
3.765E+08
3.7642E+08
3.7634E+08
3.7626E+08
3.762E+08
3.7613E+08
3.7606E+08
3.76E+08
3.7594E+08
3.7588E+08
3.7582E+08
3.7575E+08
3.7568E+08
3.7561E+08
3.7552E+08
3.7543E+08
3.7532E+08
3.7522E+08
3.7507E+08
3.7492E+08
3.7475E+08
3.7455E+08
3.7433E+08
3.7407E+08
3.7378E+08
3.7345E+08
3.7308E+08
3.7264E+08
3.7213E+08
3.7154E+08
3.7083E+08
3.7001E+08
3.6902E+08
3.6779E+08
3.6626E+08
3.6433E+08
3.6182E+08
3.5843E+08
3.5362E+08
3.4642E+08
3.3476E+08
3.1828E+08
3.3362E+08