0
9.2568E+05
1.784E+06
2.6545E+06
3.5326E+06
4.4113E+06
5.2929E+06
6.1732E+06
7.0536E+06
7.9351E+06
8.8284E+06
9.6843E+06
1.0565E+07
1.1447E+07
1.2328E+07
1.3209E+07
1.4089E+07
1.4971E+07
1.5857E+07
1.6736E+07
1.7616E+07
1.8498E+07
1.9381E+07
2.026E+07
2.1138E+07
2.202E+07
2.2899E+07
2.3777E+07
2.4656E+07
2.5538E+07
2.6424E+07
2.7304E+07
2.8182E+07
2.9062E+07
2.9936E+07
3.082E+07
3.1702E+07
3.2586E+07
3.3464E+07
3.4343E+07
3.5227E+07
3.6108E+07
3.6986E+07
3.7867E+07
3.8744E+07
3.963E+07
4.0508E+07
4.1389E+07
4.227E+07
4.3152E+07
4.4031E+07
4.4913E+07
4.5792E+07
4.6673E+07
4.7554E+07
4.8435E+07
4.9314E+07
5.0196E+07
5.1076E+07
5.1957E+07
5.2835E+07
5.3717E+07
5.4598E+07
5.5481E+07
5.6362E+07
5.7241E+07
5.812E+07
5.9002E+07
5.9882E+07
6.0764E+07
6.164E+07
6.2525E+07
6.3402E+07
6.4286E+07
6.5165E+07
6.6046E+07
6.6928E+07
6.7808E+07
6.869E+07
6.9566E+07
7.0447E+07
7.1329E+07
7.2207E+07
7.3092E+07
7.3972E+07
7.4853E+07
7.573E+07
7.6613E+07
7.7492E+07
7.8372E+07
7.9254E+07
8.0137E+07
8.1014E+07
8.1898E+07
8.278E+07
8.366E+07
8.4539E+07
8.5418E+07
8.63E+07
8.7179E+07
8.8063E+07
8.8943E+07
8.9821E+07
9.0703E+07
9.1583E+07
9.2462E+07
9.3344E+07
9.4224E+07
9.5106E+07
9.5987E+07
9.6865E+07
9.7747E+07
9.8631E+07
9.9508E+07
1.0039E+08
1.0127E+08
1.0215E+08
1.0303E+08
1.0391E+08
1.0479E+08
1.0567E+08
1.0655E+08
1.0744E+08
1.0831E+08
1.092E+08
1.1008E+08
1.1096E+08
1.1183E+08
1.1272E+08
1.136E+08
1.1448E+08
1.1536E+08
1.1624E+08
1.1712E+08
1.18E+08
1.1888E+08
1.1976E+08
1.2065E+08
1.2152E+08
1.2241E+08
1.2328E+08
1.2417E+08
1.2505E+08
1.2593E+08
1.2681E+08
1.2769E+08
1.2857E+08
1.2945E+08
1.3033E+08
1.3121E+08
1.3209E+08
1.3297E+08
1.3385E+08
1.3473E+08
1.3561E+08
1.3649E+08
1.3737E+08
1.3825E+08
1.3914E+08
1.4002E+08
1.409E+08
1.4178E+08
1.4266E+08
1.4354E+08
1.4442E+08
1.453E+08
1.4618E+08
1.4706E+08
1.4794E+08
1.4882E+08
1.497E+08
1.5058E+08
1.5146E+08
1.5234E+08
1.5323E+08
1.541E+08
1.5498E+08
1.5587E+08
1.5675E+08
1.5762E+08
1.5851E+08
1.5939E+08
1.6027E+08
1.6115E+08
1.6203E+08
1.6291E+08
1.6379E+08
1.6467E+08
1.6555E+08
1.6643E+08
1.6732E+08
1.6819E+08
1.6908E+08
1.6996E+08
1.7084E+08
1.7172E+08
1.726E+08
1.7348E+08
1.7436E+08
1.7524E+08
1.7612E+08
1.77E+08
1.7788E+08
1.7876E+08
1.7964E+08
1.8052E+08
1.814E+08
1.8228E+08
1.8316E+08
1.8404E+08
1.8493E+08
1.8581E+08
1.8668E+08
1.8757E+08
1.8845E+08
1.8933E+08
1.9021E+08
1.9109E+08
1.9197E+08
1.9285E+08
1.9373E+08
1.9461E+08
1.9549E+08
1.9637E+08
1.9725E+08
1.9814E+08
1.9901E+08
1.999E+08
2.0078E+08
2.0166E+08
2.0254E+08
2.0342E+08
2.043E+08
2.0518E+08
2.0606E+08
2.0694E+08
2.0782E+08
2.087E+08
2.0958E+08
2.1046E+08
2.1134E+08
2.1222E+08
2.1311E+08
2.1399E+08
2.1487E+08
2.1575E+08
2.1663E+08
2.1751E+08
2.1839E+08
2.1927E+08
2.2015E+08
2.2103E+08
2.2191E+08
2.2279E+08
2.2367E+08
2.2455E+08
2.2543E+08
2.2631E+08
2.2719E+08
2.2807E+08
2.2896E+08
2.2984E+08
2.3072E+08
2.316E+08
2.3248E+08
2.3336E+08
2.3424E+08
2.3512E+08
2.3599E+08
2.3687E+08
2.3775E+08
2.3863E+08
2.3951E+08
2.4038E+08
2.4126E+08
2.4214E+08
2.4302E+08
2.4391E+08
2.4478E+08
2.4565E+08
2.4653E+08
2.4741E+08
2.4829E+08
2.4917E+08
2.5004E+08
2.5092E+08
2.518E+08
2.5268E+08
2.5355E+08
2.5443E+08
2.5531E+08
2.5619E+08
2.5707E+08
2.5794E+08
2.5882E+08
2.597E+08
2.6059E+08
2.6145E+08
2.6231E+08
2.6318E+08
2.6403E+08
2.649E+08
2.6576E+08
2.6662E+08
2.6749E+08
2.6835E+08
2.6921E+08
2.7007E+08
2.7093E+08
2.7179E+08
2.7267E+08
2.7351E+08
2.7434E+08
2.7518E+08
2.7603E+08
2.7687E+08
2.7771E+08
2.7854E+08
2.7938E+08
2.8021E+08
2.8105E+08
2.8188E+08
2.8272E+08
2.8355E+08
2.8438E+08
2.852E+08
2.8601E+08
2.8682E+08
2.8763E+08
2.8843E+08
2.8923E+08
2.9004E+08
2.9083E+08
2.9163E+08
2.9243E+08
2.9324E+08
2.9404E+08
2.9483E+08
2.9561E+08
2.9638E+08
2.9715E+08
2.9793E+08
2.9869E+08
2.9945E+08
3.0022E+08
3.0098E+08
3.0175E+08
3.0249E+08
3.0325E+08
3.0402E+08
3.0477E+08
3.0551E+08
3.0624E+08
3.0697E+08
3.0769E+08
3.0842E+08
3.0913E+08
3.0985E+08
3.1057E+08
3.1129E+08
3.12E+08
3.1271E+08
3.1341E+08
3.1413E+08
3.1484E+08
3.1553E+08
3.1622E+08
3.1689E+08
3.1756E+08
3.1824E+08
3.1891E+08
3.1958E+08
3.2024E+08
3.209E+08
3.2156E+08
3.2222E+08
3.2288E+08
3.2353E+08
3.2419E+08
3.2484E+08
3.2548E+08
3.2611E+08
3.2675E+08
3.2737E+08
3.2798E+08
3.286E+08
3.292E+08
3.2982E+08
3.3042E+08
3.3102E+08
3.3163E+08
3.3222E+08
3.3282E+08
3.3343E+08
3.3401E+08
3.3459E+08
3.3521E+08
3.3575E+08
3.3631E+08
3.3688E+08
3.3743E+08
3.3799E+08
3.3854E+08
3.3908E+08
3.3962E+08
3.4016E+08
3.4071E+08
3.4124E+08
3.4178E+08
3.423E+08
3.4282E+08
3.4335E+08
3.4388E+08
3.444E+08
3.4491E+08
3.4542E+08
3.4591E+08
3.4639E+08
3.4688E+08
3.4737E+08
3.4784E+08
3.4832E+08
3.488E+08
3.4927E+08
3.4975E+08
3.5021E+08
3.5067E+08
3.5113E+08
3.5159E+08
3.5204E+08
3.525E+08
3.5294E+08
3.5339E+08
3.538E+08
3.5423E+08
3.5465E+08
3.5506E+08
3.5547E+08
3.5589E+08
3.5629E+08
3.5669E+08
3.5709E+08
3.5748E+08
3.5787E+08
3.5826E+08
3.5865E+08
3.5903E+08
3.5941E+08
3.598E+08
3.6017E+08
3.6055E+08
3.6092E+08
3.6126E+08
3.6162E+08
3.6195E+08
3.623E+08
3.6263E+08
3.6296E+08
3.6329E+08
3.6361E+08
3.6395E+08
3.6425E+08
3.6457E+08
3.6488E+08
3.652E+08
3.655E+08
3.658E+08
3.661E+08
3.6638E+08
3.6668E+08
3.6697E+08
3.6726E+08
3.6755E+08
3.678E+08
3.6806E+08
3.6833E+08
3.6859E+08
3.6883E+08
3.6909E+08
3.6933E+08
3.6957E+08
3.6981E+08
3.7005E+08
3.7027E+08
3.705E+08
3.7072E+08
3.7094E+08
3.7115E+08
3.7137E+08
3.716E+08
3.7178E+08
3.7199E+08
3.7218E+08
3.7237E+08
3.7255E+08
3.7275E+08
3.7292E+08
3.7309E+08
3.7326E+08
3.7343E+08
3.7358E+08
3.7374E+08
3.739E+08
3.7404E+08
3.7419E+08
3.7434E+08
3.7447E+08
3.7463E+08
3.7474E+08
3.7487E+08
3.75E+08
3.7512E+08
3.7524E+08
3.7536E+08
3.7547E+08
3.7557E+08
3.7567E+08
3.7576E+08
3.7585E+08
3.7595E+08
3.7603E+08
3.7612E+08
3.7618E+08
3.7625E+08
3.7633E+08
3.7641E+08
3.7646E+08
3.7652E+08
3.7658E+08
3.7664E+08
3.7669E+08
3.7673E+08
3.7679E+08
3.7683E+08
3.7686E+08
3.7689E+08
3.7693E+08
3.7693E+08
3.7694E+08
3.7697E+08
3.7699E+08
3.77E+08
3.7701E+08
3.7702E+08
3.7703E+08
3.7703E+08
3.7704E+08
3.7701E+08
3.77E+08
3.77E+08
3.7696E+08
3.7696E+08
3.7693E+08
3.769E+08
3.7689E+08
3.7685E+08
3.7682E+08
3.7678E+08
3.7674E+08
3.7671E+08
3.7667E+08
3.766E+08
3.7651E+08
3.7644E+08
3.7637E+08
3.7628E+08
3.7621E+08
3.7614E+08
3.7608E+08
3.7601E+08
3.7594E+08
3.7586E+08
3.7579E+08
3.7571E+08
3.7561E+08
3.7553E+08
3.7544E+08
3.7534E+08
3.7524E+08
3.7516E+08
3.7506E+08
3.7498E+08
3.7489E+08
3.7479E+08
3.7469E+08
3.7459E+08
3.7449E+08
3.7439E+08
3.7428E+08
3.7419E+08
3.7408E+08
3.7397E+08
3.7388E+08
3.7377E+08
3.7368E+08
3.7357E+08
3.7348E+08
3.7338E+08
3.7326E+08
3.7317E+08
3.7307E+08
3.7294E+08
3.7286E+08
3.7274E+08
3.7265E+08
3.7255E+08
3.7245E+08
3.7237E+08
3.7228E+08
3.7217E+08
3.7209E+08
3.7201E+08
3.7194E+08
3.7184E+08
3.7175E+08
3.7167E+08
3.716E+08
3.7153E+08
3.7146E+08
3.7139E+08
3.7133E+08
3.7126E+08
3.7119E+08
3.7112E+08
3.7106E+08
3.7099E+08
3.7091E+08
3.7081E+08
3.7072E+08
3.706E+08
3.7046E+08
3.7033E+08
3.7016E+08
3.6998E+08
3.6978E+08
3.6955E+08
3.6929E+08
3.6901E+08
3.6865E+08
3.6827E+08
3.6782E+08
3.673E+08
3.6671E+08
3.66E+08
3.6515E+08
3.6412E+08
3.6289E+08
3.6135E+08
3.5933E+08
3.5674E+08
3.5323E+08
3.4818E+08
3.4049E+08
3.2794E+08
3.2594E+08
3.3485E+08