0
2.4048E+05
5.1107E+05
7.3444E+05
9.5931E+05
1.1872E+06
1.4459E+06
1.6802E+06
1.9317E+06
2.1518E+06
2.388E+06
2.6227E+06
2.8474E+06
3.0958E+06
3.3269E+06
3.5717E+06
3.8037E+06
4.0416E+06
4.2847E+06
4.5032E+06
4.7474E+06
4.991E+06
5.2171E+06
5.4575E+06
5.6796E+06
5.9048E+06
6.1633E+06
6.3885E+06
6.6285E+06
6.8547E+06
7.1372E+06
7.3492E+06
7.5801E+06
7.8012E+06
8.0369E+06
8.2916E+06
8.5053E+06
8.7507E+06
9.019E+06
9.2313E+06
9.4595E+06
9.6911E+06
9.9173E+06
1.0152E+07
1.041E+07
1.0641E+07
1.089E+07
1.1104E+07
1.138E+07
1.1579E+07
1.1801E+07
1.2036E+07
1.2302E+07
1.2521E+07
1.2745E+07
1.2981E+07
1.3216E+07
1.3471E+07
1.3704E+07
1.3926E+07
1.4191E+07
1.4402E+07
1.4632E+07
1.4868E+07
1.5113E+07
1.5339E+07
1.5575E+07
1.5835E+07
1.6048E+07
1.6283E+07
1.6524E+07
1.6754E+07
1.699E+07
1.7236E+07
1.7464E+07
1.7699E+07
1.7933E+07
1.8169E+07
1.8407E+07
1.8643E+07
1.8878E+07
1.9119E+07
1.9349E+07
1.9586E+07
1.9821E+07
2.0058E+07
2.0296E+07
2.0531E+07
2.0765E+07
2.1005E+07
2.1236E+07
2.1472E+07
2.1708E+07
2.1944E+07
2.2181E+07
2.2417E+07
2.2653E+07
2.2888E+07
2.3125E+07
2.3363E+07
2.3599E+07
2.3834E+07
2.4068E+07
2.4303E+07
2.4539E+07
2.4775E+07
2.5014E+07
2.5247E+07
2.5484E+07
2.5719E+07
2.5955E+07
2.6191E+07
2.6427E+07
2.6663E+07
2.6898E+07
2.7135E+07
2.737E+07
2.7607E+07
2.7842E+07
2.8078E+07
2.8314E+07
2.8554E+07
2.8785E+07
2.9021E+07
2.9258E+07
2.9493E+07
2.973E+07
2.9966E+07
3.0202E+07
3.0437E+07
3.0683E+07
3.0909E+07
3.1145E+07
3.1381E+07
3.1617E+07
3.1852E+07
3.2088E+07
3.2324E+07
3.256E+07
3.2796E+07
3.3032E+07
3.3268E+07
3.3504E+07
3.374E+07
3.3976E+07
3.4211E+07
3.4448E+07
3.4685E+07
3.492E+07
3.5155E+07
3.5391E+07
3.5628E+07
3.5864E+07
3.61E+07
3.6335E+07
3.6571E+07
3.6807E+07
3.7043E+07
3.7279E+07
3.7516E+07
3.7751E+07
3.7987E+07
3.8222E+07
3.8459E+07
3.8695E+07
3.8931E+07
3.9167E+07
3.9403E+07
3.9638E+07
3.9874E+07
4.011E+07
4.0346E+07
4.0582E+07
4.0818E+07
4.1054E+07
4.129E+07
4.1526E+07
4.1761E+07
4.1998E+07
4.2233E+07
4.2469E+07
4.2706E+07
4.2942E+07
4.3177E+07
4.3413E+07
4.3649E+07
4.3885E+07
4.4121E+07
4.4357E+07
4.4593E+07
4.4828E+07
4.5065E+07
4.53E+07
4.5536E+07
4.5772E+07
4.6008E+07
4.6244E+07
4.648E+07
4.6716E+07
4.6954E+07
4.7188E+07
4.7424E+07
4.766E+07
4.7896E+07
4.8132E+07
4.8367E+07
4.8604E+07
4.8841E+07
4.9075E+07
4.9311E+07
4.9548E+07
4.9783E+07
5.002E+07
5.0255E+07
5.0491E+07
5.0727E+07
5.0964E+07
5.1199E+07
5.1435E+07
5.167E+07
5.1906E+07
5.2142E+07
5.2378E+07
5.2614E+07
5.285E+07
5.3088E+07
5.3322E+07
5.3558E+07
5.3794E+07
5.403E+07
5.4267E+07
5.4502E+07
5.4737E+07
5.4973E+07
5.521E+07
5.5445E+07
5.5682E+07
5.5918E+07
5.6154E+07
5.6389E+07
5.6625E+07
5.6861E+07
5.7097E+07
5.7333E+07
5.7569E+07
5.7805E+07
5.8041E+07
5.8277E+07
5.8513E+07
5.8749E+07
5.8985E+07
5.9223E+07
5.9458E+07
5.9696E+07
5.9928E+07
6.0164E+07
6.04E+07
6.0636E+07
6.0871E+07
6.1109E+07
6.1344E+07
6.1581E+07
6.1815E+07
6.2051E+07
6.2288E+07
6.2523E+07
6.276E+07
6.2996E+07
6.3231E+07
6.3467E+07
6.3703E+07
6.3939E+07
6.4175E+07
6.4412E+07
6.4647E+07
6.4883E+07
6.5119E+07
6.5355E+07
6.5591E+07
6.5826E+07
6.6062E+07
6.6299E+07
6.6534E+07
6.677E+07
6.7006E+07
6.7243E+07
6.7478E+07
6.7714E+07
6.7952E+07
6.8186E+07
6.8422E+07
6.8658E+07
6.8894E+07
6.9129E+07
6.9365E+07
6.9601E+07
6.9837E+07
7.0073E+07
7.0309E+07
7.0545E+07
7.0781E+07
7.1017E+07
7.1253E+07
7.1489E+07
7.1725E+07
7.1961E+07
7.2196E+07
7.2433E+07
7.2668E+07
7.2904E+07
7.3141E+07
7.3377E+07
7.3613E+07
7.3848E+07
7.4084E+07
7.432E+07
7.4556E+07
7.4792E+07
7.5028E+07
7.5264E+07
7.55E+07
7.5735E+07
7.5972E+07
7.6208E+07
7.6443E+07
7.668E+07
7.6915E+07
7.7151E+07
7.7387E+07
7.7623E+07
7.7859E+07
7.8095E+07
7.8331E+07
7.8567E+07
7.8803E+07
7.9039E+07
7.9274E+07
7.9511E+07
7.9746E+07
7.9982E+07
8.0218E+07
8.0454E+07
8.069E+07
8.0926E+07
8.1162E+07
8.1398E+07
8.1634E+07
8.187E+07
8.2106E+07
8.2342E+07
8.2577E+07
8.2814E+07
8.305E+07
8.3286E+07
8.3522E+07
8.3758E+07
8.3994E+07
8.4229E+07
8.4466E+07
8.4701E+07
8.4937E+07
8.5173E+07
8.5409E+07
8.5645E+07
8.588E+07
8.6117E+07
8.6353E+07
8.6588E+07
8.6825E+07
8.706E+07
8.7297E+07
8.7532E+07
8.7768E+07
8.8004E+07
8.824E+07
8.8476E+07
8.8712E+07
8.8948E+07
8.9183E+07
8.942E+07
8.9656E+07
8.9892E+07
9.0128E+07
9.0363E+07
9.0599E+07
9.0835E+07
9.1071E+07
9.1307E+07
9.1543E+07
9.1779E+07
9.2015E+07
9.2251E+07
9.2487E+07
9.2723E+07
9.2959E+07
9.3195E+07
9.3431E+07
9.3667E+07
9.3902E+07
9.4139E+07
9.4374E+07
9.461E+07
9.4846E+07
9.5082E+07
9.5318E+07
9.5554E+07
9.579E+07
9.6026E+07
9.6262E+07
9.6498E+07
9.6734E+07
9.697E+07
9.7205E+07
9.7441E+07
9.7677E+07
9.7913E+07
9.8149E+07
9.8385E+07
9.8621E+07
9.8857E+07
9.9093E+07
9.9329E+07
9.9565E+07
9.9801E+07
1.0004E+08
1.0027E+08
1.0051E+08
1.0074E+08
1.0098E+08
1.0122E+08
1.0145E+08
1.0169E+08
1.0192E+08
1.0216E+08
1.024E+08
1.0263E+08
1.0287E+08
1.031E+08
1.0334E+08
1.0358E+08
1.0381E+08
1.0405E+08
1.0428E+08
1.0452E+08
1.0476E+08
1.0499E+08
1.0523E+08
1.0546E+08
1.057E+08
1.0593E+08
1.0617E+08
1.0641E+08
1.0664E+08
1.0688E+08
1.0711E+08
1.0735E+08
1.0759E+08
1.0782E+08
1.0806E+08
1.0829E+08
1.0853E+08
1.0877E+08
1.09E+08
1.0924E+08
1.0947E+08
1.0971E+08
1.0995E+08
1.1018E+08
1.1042E+08
1.1065E+08
1.1089E+08
1.1113E+08
1.1136E+08
1.116E+08
1.1183E+08
1.1207E+08
1.1231E+08
1.1254E+08
1.1278E+08
1.1301E+08
1.1325E+08
1.1349E+08
1.1372E+08
1.1396E+08
1.1419E+08
1.1443E+08
1.1466E+08
1.149E+08
1.1514E+08
1.1537E+08
1.1561E+08
1.1584E+08
1.1608E+08
1.1632E+08
1.1655E+08
1.1679E+08
1.1702E+08
1.1726E+08
1.175E+08
1.1773E+08
1.1797E+08
1.182E+08
1.1844E+08
1.1868E+08
1.1891E+08
1.1915E+08
1.1938E+08
1.1962E+08
1.1986E+08
1.2009E+08
1.2033E+08
1.2056E+08
1.208E+08
1.2103E+08
1.2127E+08
1.2151E+08
1.2174E+08
1.2198E+08
1.2221E+08
1.2245E+08
1.2269E+08
1.2292E+08
1.2316E+08
1.2339E+08
1.2363E+08
1.2387E+08
1.241E+08
1.2434E+08
1.2457E+08
1.2481E+08
1.2505E+08
1.2528E+08
1.2552E+08
1.2575E+08
1.2599E+08
1.2623E+08
1.2646E+08
1.267E+08
1.2693E+08
1.2717E+08
1.274E+08
1.2764E+08
1.2788E+08
1.2811E+08
1.2835E+08
1.2858E+08
1.2882E+08
1.2906E+08
1.2929E+08
1.2953E+08
1.2976E+08
1.3E+08
1.3024E+08
1.3047E+08
1.3071E+08
1.3094E+08
1.3118E+08
1.3142E+08
1.3165E+08
1.3189E+08
1.3212E+08
1.3236E+08
1.326E+08
1.3283E+08
1.3307E+08
1.333E+08
1.3354E+08
1.3378E+08
1.3401E+08
1.3425E+08
1.3448E+08
1.3472E+08
1.3496E+08
1.3519E+08
1.3543E+08
1.3566E+08
1.359E+08
1.3613E+08
1.3637E+08
1.3661E+08
1.3684E+08
1.3708E+08
1.3731E+08
1.3755E+08
1.3779E+08
1.3802E+08
1.3826E+08
1.3849E+08
1.3873E+08
1.3897E+08
1.392E+08
1.3944E+08
1.3967E+08
1.3991E+08
1.4015E+08
1.4038E+08
1.4062E+08
1.4085E+08
1.4109E+08
1.4133E+08
1.4156E+08
1.418E+08
1.4203E+08
1.4227E+08
1.4251E+08
1.4274E+08
1.4298E+08
1.4321E+08
1.4345E+08
1.4368E+08
1.4392E+08
1.4416E+08
1.4439E+08
1.4463E+08
1.4486E+08
1.451E+08
1.4534E+08
1.4557E+08
1.4581E+08
1.4604E+08
1.4628E+08
1.4652E+08
1.4675E+08
1.4699E+08
1.4722E+08
1.4746E+08
1.477E+08
1.4793E+08
1.4816E+08
1.4839E+08
1.4862E+08
1.4885E+08
1.4908E+08
1.4932E+08
1.4954E+08
1.4978E+08
1.5001E+08
1.5024E+08
1.5047E+08
1.507E+08
1.5093E+08
1.5116E+08
1.5139E+08
1.5162E+08
1.5185E+08
1.5208E+08
1.5231E+08
1.5254E+08
1.5277E+08
1.53E+08
1.5323E+08
1.5346E+08
1.5369E+08
1.5392E+08
1.5415E+08
1.5438E+08
1.5461E+08
1.5484E+08
1.5507E+08
1.553E+08
1.5553E+08
1.5576E+08
1.5599E+08
1.5622E+08
1.5644E+08
1.5667E+08
1.569E+08
1.5713E+08
1.5736E+08
1.5759E+08
1.5782E+08
1.5805E+08
1.5828E+08
1.5851E+08
1.5874E+08
1.5897E+08
1.592E+08
1.5943E+08
1.5966E+08
1.5989E+08
1.6011E+08
1.6034E+08
1.6057E+08
1.608E+08
1.6103E+08
1.6126E+08
1.6149E+08
1.6172E+08
1.6195E+08
1.6218E+08
1.624E+08
1.6263E+08
1.6286E+08
1.6309E+08
1.6332E+08
1.6355E+08
1.6378E+08
1.6401E+08
1.6423E+08
1.6446E+08
1.6469E+08
1.6492E+08
1.6515E+08
1.6538E+08
1.6561E+08
1.6583E+08
1.6602E+08
1.6621E+08
1.6641E+08
1.666E+08
1.6679E+08
1.6698E+08
1.6718E+08
1.6737E+08
1.6756E+08
1.6775E+08
1.6794E+08
1.6813E+08
1.6832E+08
1.6851E+08
1.687E+08
1.6889E+08
1.6908E+08
1.6927E+08
1.6946E+08
1.6965E+08
1.6984E+08
1.7003E+08
1.7022E+08
1.7041E+08
1.7059E+08
1.7078E+08
1.7097E+08
1.7116E+08
1.7135E+08
1.715E+08
1.7164E+08
1.7178E+08
1.7192E+08
1.7205E+08
1.7219E+08
1.7232E+08
1.7245E+08
1.7259E+08
1.7272E+08
1.7285E+08
1.7298E+08
1.7311E+08
1.7324E+08
1.7337E+08
1.735E+08
1.7363E+08
1.7376E+08
1.7389E+08
1.7402E+08
1.7414E+08
1.7427E+08
1.744E+08
1.7451E+08
1.746E+08
1.7468E+08
1.7476E+08
1.7484E+08
1.7491E+08
1.7498E+08
1.7505E+08
1.7512E+08
1.7519E+08
1.7526E+08
1.7532E+08
1.7539E+08
1.7545E+08
1.7552E+08
1.7558E+08
1.7564E+08
1.757E+08
1.7576E+08
1.7582E+08
1.7588E+08
1.7594E+08
1.7597E+08
1.76E+08
1.7603E+08
1.7606E+08
1.7608E+08
1.761E+08
1.7612E+08
1.7614E+08
1.7616E+08
1.7617E+08
1.7618E+08
1.762E+08
1.7621E+08
1.7622E+08
1.7622E+08
1.7623E+08
1.7624E+08
1.7625E+08
1.7625E+08
1.7626E+08
1.7625E+08
1.7623E+08
1.7622E+08
1.7621E+08
1.7619E+08
1.7617E+08
1.7615E+08
1.7614E+08
1.7613E+08
1.7611E+08
1.7608E+08
1.7606E+08
1.7603E+08
1.7601E+08
1.7599E+08
1.7596E+08
1.7593E+08
1.759E+08
1.7588E+08
1.7585E+08
1.7582E+08
1.7578E+08
1.7573E+08
1.7568E+08
1.7564E+08
1.7562E+08
1.7558E+08
1.7555E+08
1.7551E+08
1.7548E+08
1.7543E+08
1.754E+08
1.7537E+08
1.7533E+08
1.753E+08
1.7525E+08
1.7521E+08
1.7517E+08
1.7514E+08
1.751E+08
1.7506E+08
1.7502E+08
1.7496E+08
1.749E+08
1.7485E+08
1.7482E+08
1.7478E+08
1.7475E+08
1.7472E+08
1.7469E+08
1.7494E+08
1.752E+08
1.7546E+08
1.7572E+08
1.7598E+08
1.7624E+08
1.765E+08
1.7672E+08
1.7697E+08
1.7729E+08
1.7763E+08
1.7798E+08
1.7834E+08
1.7871E+08
1.7908E+08
1.7945E+08
1.7982E+08
1.8019E+08
1.8056E+08
1.8094E+08
1.8132E+08
1.8167E+08
1.8199E+08
1.8231E+08
1.8264E+08
1.8299E+08
1.8337E+08
1.8395E+08
1.8457E+08
1.8524E+08
1.8595E+08
1.8669E+08
1.8738E+08
1.8812E+08
1.8892E+08
1.8979E+08
1.9077E+08
1.9187E+08
1.9311E+08
1.9484E+08
1.9686E+08
1.9919E+08
2.0176E+08
2.0483E+08
2.0919E+08
2.1524E+08
2.2283E+08
2.3433E+08
2.4971E+08
2.7455E+08