  9.44847191e-01  9.04197261e-01  8.68066226e-01  8.35103476e-01
  8.04499272e-01  7.75728447e-01  7.48430116e-01  7.22345042e-01
  6.97280353e-01  6.73088405e-01  6.49653479e-01  6.26883062e-01
  6.04701927e-01  5.83048008e-01  5.61869435e-01  5.41122378e-01
  5.20769423e-01  5.00778354e-01  4.81121208e-01  4.61773537e-01
  4.42713829e-01  4.23923040e-01  4.05384221e-01  3.87082213e-01
  3.69003390e-01  3.51135459e-01  3.33467283e-01  3.15988731e-01
  2.98690563e-01  2.81564321e-01  2.64602237e-01  2.47797163e-01
  2.31142499e-01  2.14632138e-01  1.98260415e-01  1.82022064e-01
  1.65912182e-01  1.49926191e-01  1.34059808e-01  1.18309024e-01
  1.02670077e-01  8.71394277e-02  7.17137485e-02  5.63899003e-02
  4.11649200e-02  2.60360068e-02  1.10005096e-02 -3.94408410e-03
 -1.88001581e-02 -3.35699766e-02 -4.82556928e-02 -6.28593563e-02
 -7.73829200e-02 -9.18282465e-02 -1.06197114e-01 -1.20491222e-01
 -1.34712195e-01 -1.48861588e-01 -1.62940892e-01 -1.76951535e-01
 -1.90894886e-01 -2.04772262e-01 -2.18584926e-01 -2.32334093e-01
 -2.46020934e-01 -2.59646572e-01 -2.73212092e-01 -2.86718539e-01
 -3.00166921e-01 -3.13558210e-01 -3.26893344e-01 -3.40173230e-01
 -3.53398746e-01 -3.66570737e-01 -3.79690025e-01 -3.92757403e-01
 -4.05773639e-01 -4.18739478e-01 -4.31655641e-01 -4.44522828e-01
 -4.57341718e-01 -4.70112970e-01 -4.82837223e-01 -4.95515098e-01
 -5.08147198e-01 -5.20734110e-01 -5.33276405e-01 -5.45774636e-01
 -5.58229343e-01 -5.70641052e-01 -5.83010273e-01 -5.95337505e-01
 -6.07623233e-01 -6.19867930e-01 -6.32072056e-01 -6.44236060e-01
 -6.56360382e-01 -6.68445448e-01 -6.80491677e-01 -6.92499475e-01
 -7.04469239e-01 -7.16401360e-01 -7.28296216e-01 -7.40154177e-01
 -7.51975608e-01 -7.63760861e-01 -7.75510283e-01 -7.87224214e-01
 -7.98902985e-01 -8.10546920e-01 -8.22156337e-01 -8.33731547e-01
 -8.45272854e-01 -8.56780556e-01 -8.68254946e-01 -8.79696309e-01
 -8.91104926e-01 -9.02481071e-01 -9.13825014e-01 -9.25137019e-01
 -9.36417345e-01 -9.47666245e-01 -9.58883970e-01 -9.70070763e-01
 -9.81226864e-01 -9.92352509e-01 -1.00344793e+00 -1.01451335e+00
 -1.02554900e+00 -1.03655509e+00 -1.04753184e+00 -1.05847946e+00
 -1.06939815e+00 -1.08028813e+00 -1.09114959e+00 -1.10198272e+00
 -1.11278773e+00 -1.12356480e+00 -1.13431412e+00 -1.14503587e+00
 -1.15573024e+00 -1.16639740e+00 -1.17703753e+00 -1.18765080e+00
 -1.19823738e+00 -1.20879744e+00 -1.21933114e+00 -1.22983864e+00
 -1.24032011e+00 -1.25077570e+00 -1.26120556e+00 -1.27160985e+00
 -1.28198871e+00 -1.29234230e+00 -1.30267076e+00 -1.31297423e+00
 -1.32325286e+00 -1.33350678e+00 -1.34373613e+00 -1.35394105e+00
 -1.36412167e+00 -1.37427812e+00 -1.38441052e+00 -1.39451902e+00
 -1.40460374e+00 -1.41466479e+00 -1.42470230e+00 -1.43471640e+00
 -1.44470720e+00 -1.45467481e+00 -1.46461937e+00 -1.47454097e+00
 -1.48443974e+00 -1.49431578e+00 -1.50416921e+00 -1.51400013e+00
 -1.52380865e+00 -1.53359489e+00 -1.54335893e+00 -1.55310089e+00
 -1.56282087e+00 -1.57251896e+00 -1.58219528e+00 -1.59184991e+00
 -1.60148295e+00 -1.61109450e+00 -1.62068466e+00 -1.63025351e+00
 -1.63980116e+00 -1.64932769e+00 -1.65883319e+00 -1.66831775e+00
 -1.67778146e+00 -1.68722441e+00 -1.69664668e+00 -1.70604836e+00
 -1.71542953e+00 -1.72479028e+00 -1.73413068e+00 -1.74345083e+00
 -1.75275080e+00 -1.76203066e+00 -1.77129050e+00 -1.78053041e+00
 -1.78975044e+00 -1.79895068e+00 -1.80813121e+00 -1.81729210e+00
 -1.82643342e+00 -1.83555525e+00 -1.84465765e+00 -1.85374071e+00
 -1.86280448e+00 -1.87184905e+00 -1.88087447e+00 -1.88988082e+00
 -1.89886817e+00 -1.90783658e+00 -1.91678612e+00 -1.92571686e+00
 -1.93462885e+00 -1.94352217e+00 -1.95239688e+00 -1.96125304e+00
 -1.97009071e+00 -1.97890996e+00 -1.98771084e+00 -1.99649342e+00
 -2.00525776e+00 -2.01400391e+00 -2.02273194e+00 -2.03144191e+00
 -2.04013387e+00 -2.04880787e+00 -2.05746398e+00 -2.06610226e+00
 -2.07472275e+00 -2.08332551e+00 -2.09191060e+00 -2.10047807e+00
 -2.10902798e+00 -2.11756037e+00 -2.12607531e+00 -2.13457283e+00
 -2.14305300e+00 -2.15151587e+00 -2.15996148e+00 -2.16838989e+00
 -2.17680115e+00 -2.18519530e+00 -2.19357239e+00 -2.20193248e+00
 -2.21027561e+00 -2.21860183e+00 -2.22691118e+00 -2.23520372e+00
 -2.24347949e+00 -2.25173853e+00 -2.25998089e+00 -2.26820661e+00
 -2.27641575e+00 -2.28460835e+00 -2.29278444e+00 -2.30094407e+00
 -2.30908730e+00 -2.31721415e+00 -2.32532467e+00 -2.33341891e+00
 -2.34149690e+00 -2.34955870e+00 -2.35760433e+00 -2.36563384e+00
 -2.37364727e+00 -2.38164466e+00 -2.38962605e+00 -2.39759149e+00
 -2.40554100e+00 -2.41347463e+00 -2.42139242e+00 -2.42929440e+00
 -2.43718062e+00 -2.44505111e+00 -2.45290591e+00 -2.46074505e+00
 -2.46856857e+00 -2.47637652e+00 -2.48416892e+00 -2.49194581e+00
 -2.49970723e+00 -2.50745321e+00 -2.51518379e+00 -2.52289901e+00
 -2.53059889e+00 -2.53828347e+00 -2.54595279e+00 -2.55360688e+00
 -2.56124577e+00 -2.56886950e+00 -2.57647810e+00 -2.58407160e+00
 -2.59165004e+00 -2.59921344e+00 -2.60676185e+00 -2.61429529e+00
 -2.62181379e+00 -2.62931739e+00 -2.63680611e+00 -2.64427999e+00
 -2.65173906e+00 -2.65918335e+00 -2.66661289e+00 -2.67402770e+00
 -2.68142783e+00 -2.68881329e+00 -2.69618413e+00 -2.70354036e+00
 -2.71088201e+00 -2.71820913e+00 -2.72552173e+00 -2.73281984e+00
 -2.74010349e+00 -2.74737271e+00 -2.75462753e+00 -2.76186797e+00
 -2.76909406e+00 -2.77630584e+00 -2.78350332e+00 -2.79068653e+00
 -2.79785551e+00 -2.80501027e+00 -2.81215085e+00 -2.81927726e+00
 -2.82638954e+00 -2.83348771e+00 -2.84057180e+00 -2.84764184e+00
 -2.85469784e+00 -2.86173983e+00 -2.86876784e+00 -2.87578190e+00
 -2.88278202e+00 -2.88976824e+00 -2.89674057e+00 -2.90369905e+00
 -2.91064368e+00 -2.91757451e+00 -2.92449155e+00 -2.93139483e+00
 -2.93828437e+00 -2.94516019e+00 -2.95202232e+00 -2.95887077e+00
 -2.96570558e+00 -2.97252676e+00 -2.97933434e+00 -2.98612834e+00
 -2.99290879e+00 -2.99967569e+00 -3.00642909e+00 -3.01316899e+00
 -3.01989542e+00 -3.02660840e+00 -3.03330796e+00 -3.03999411e+00
 -3.04666688e+00 -3.05332628e+00 -3.05997234e+00 -3.06660508e+00
 -3.07322452e+00 -3.07983068e+00 -3.08642357e+00 -3.09300323e+00
 -3.09956967e+00 -3.10612291e+00 -3.11266297e+00 -3.11918987e+00
 -3.12570363e+00 -3.13220427e+00 -3.13869181e+00 -3.14516627e+00
 -3.15162767e+00 -3.15807602e+00 -3.16451135e+00 -3.17093367e+00
 -3.17734301e+00 -3.18373938e+00 -3.19012280e+00 -3.19649329e+00
 -3.20285087e+00 -3.20919556e+00 -3.21552737e+00 -3.22184632e+00
 -3.22815243e+00 -3.23444572e+00 -3.24072620e+00 -3.24699390e+00
 -3.25324883e+00 -3.25949101e+00 -3.26572045e+00 -3.27193718e+00
 -3.27814121e+00 -3.28433255e+00 -3.29051123e+00 -3.29667726e+00
 -3.30283066e+00 -3.30897144e+00 -3.31509962e+00 -3.32121522e+00
 -3.32731825e+00 -3.33340873e+00 -3.33948668e+00 -3.34555211e+00
 -3.35160504e+00 -3.35764549e+00 -3.36367346e+00 -3.36968898e+00
 -3.37569207e+00 -3.38168273e+00 -3.38766098e+00 -3.39362684e+00
 -3.39958032e+00 -3.40552144e+00 -3.41145022e+00 -3.41736666e+00
 -3.42327079e+00 -3.42916262e+00 -3.43504216e+00 -3.44090943e+00
 -3.44676444e+00 -3.45260721e+00 -3.45843775e+00 -3.46425608e+00
 -3.47006221e+00 -3.47585616e+00 -3.48163793e+00 -3.48740755e+00
 -3.49316503e+00 -3.49891038e+00 -3.50464361e+00 -3.51036475e+00
 -3.51607379e+00 -3.52177077e+00 -3.52745568e+00 -3.53312855e+00
 -3.53878939e+00 -3.54443821e+00 -3.55007502e+00 -3.55569984e+00
 -3.56131268e+00 -3.56691355e+00 -3.57250247e+00 -3.57807946e+00
 -3.58364451e+00 -3.58919765e+00 -3.59473889e+00 -3.60026824e+00
 -3.60578572e+00 -3.61129133e+00 -3.61678509e+00 -3.62226702e+00
 -3.62773711e+00 -3.63319540e+00 -3.63864188e+00 -3.64407658e+00
 -3.64949949e+00 -3.65491065e+00 -3.66031005e+00 -3.66569771e+00
 -3.67107364e+00 -3.67643785e+00 -3.68179036e+00 -3.68713118e+00
 -3.69246031e+00 -3.69777778e+00 -3.70308359e+00 -3.70837775e+00
 -3.71366027e+00 -3.71893117e+00 -3.72419046e+00 -3.72943815e+00
 -3.73467424e+00 -3.73989876e+00 -3.74511171e+00 -3.75031310e+00
 -3.75550295e+00 -3.76068126e+00 -3.76584805e+00 -3.77100333e+00
 -3.77614710e+00 -3.78127938e+00 -3.78640019e+00 -3.79150952e+00
 -3.79660739e+00 -3.80169381e+00 -3.80676880e+00 -3.81183236e+00
 -3.81688449e+00 -3.82192523e+00 -3.82695456e+00 -3.83197251e+00
 -3.83697908e+00 -3.84197429e+00 -3.84695814e+00 -3.85193064e+00
 -3.85689181e+00 -3.86184165e+00 -3.86678017e+00 -3.87170739e+00
 -3.87662331e+00 -3.88152794e+00 -3.88642130e+00 -3.89130338e+00
 -3.89617421e+00 -3.90103380e+00 -3.90588214e+00 -3.91071925e+00
 -3.91554515e+00 -3.92035983e+00 -3.92516331e+00 -3.92995560e+00
 -3.93473671e+00 -3.93950664e+00 -3.94426541e+00 -3.94901303e+00
 -3.95374950e+00 -3.95847483e+00 -3.96318903e+00 -3.96789212e+00
 -3.97258409e+00 -3.97726497e+00 -3.98193475e+00 -3.98659345e+00
 -3.99124107e+00 -3.99587763e+00 -4.00050313e+00 -4.00511758e+00
 -4.00972099e+00 -4.01431337e+00 -4.01889472e+00 -4.02346507e+00
 -4.02802440e+00 -4.03257274e+00 -4.03711009e+00 -4.04163646e+00
 -4.04615185e+00 -4.05065628e+00 -4.05514976e+00 -4.05963228e+00
 -4.06410387e+00 -4.06856452e+00 -4.07301425e+00 -4.07745307e+00
 -4.08188098e+00 -4.08629798e+00 -4.09070410e+00 -4.09509933e+00
 -4.09948368e+00 -4.10385717e+00 -4.10821980e+00 -4.11257157e+00
 -4.11691250e+00 -4.12124259e+00 -4.12556185e+00 -4.12987029e+00
 -4.13416792e+00 -4.13845473e+00 -4.14273075e+00 -4.14699598e+00
 -4.15125042e+00 -4.15549408e+00 -4.15972697e+00 -4.16394910e+00
 -4.16816048e+00 -4.17236111e+00 -4.17655099e+00 -4.18073015e+00
 -4.18489857e+00 -4.18905628e+00 -4.19320327e+00 -4.19733956e+00
 -4.20146516e+00 -4.20558006e+00 -4.20968427e+00 -4.21377781e+00
 -4.21786068e+00 -4.22193289e+00 -4.22599444e+00 -4.23004534e+00
 -4.23408559e+00 -4.23811521e+00 -4.24213421e+00 -4.24614257e+00
 -4.25014033e+00 -4.25412747e+00 -4.25810401e+00 -4.26206995e+00
 -4.26602531e+00 -4.26997008e+00 -4.27390428e+00 -4.27782790e+00
 -4.28174096e+00 -4.28564347e+00 -4.28953542e+00 -4.29341683e+00
 -4.29728770e+00 -4.30114804e+00 -4.30499785e+00 -4.30883715e+00
 -4.31266593e+00 -4.31648420e+00 -4.32029198e+00 -4.32408925e+00
 -4.32787604e+00 -4.33165235e+00 -4.33541818e+00 -4.33917354e+00
 -4.34291844e+00 -4.34665288e+00 -4.35037687e+00 -4.35409041e+00
 -4.35779350e+00 -4.36148617e+00 -4.36516840e+00 -4.36884022e+00
 -4.37250161e+00 -4.37615259e+00 -4.37979317e+00 -4.38342335e+00
 -4.38704313e+00 -4.39065253e+00 -4.39425154e+00 -4.39784017e+00
 -4.40141844e+00 -4.40498633e+00 -4.40854387e+00 -4.41209105e+00
 -4.41562788e+00 -4.41915437e+00 -4.42267051e+00 -4.42617633e+00
 -4.42967182e+00 -4.43315698e+00 -4.43663183e+00 -4.44009636e+00
 -4.44355059e+00 -4.44699452e+00 -4.45042815e+00 -4.45385149e+00
 -4.45726455e+00 -4.46066732e+00 -4.46405982e+00 -4.46744205e+00
 -4.47081402e+00 -4.47417572e+00 -4.47752717e+00 -4.48086837e+00
 -4.48419933e+00 -4.48752005e+00 -4.49083053e+00 -4.49413078e+00
 -4.49742081e+00 -4.50070062e+00 -4.50397021e+00 -4.50722959e+00
 -4.51047877e+00 -4.51371775e+00 -4.51694653e+00 -4.52016512e+00
 -4.52337353e+00 -4.52657175e+00 -4.52975980e+00 -4.53293768e+00
 -4.53610539e+00 -4.53926293e+00 -4.54241032e+00 -4.54554756e+00
 -4.54867465e+00 -4.55179159e+00 -4.55489840e+00 -4.55799507e+00
 -4.56108161e+00 -4.56415802e+00 -4.56722432e+00 -4.57028049e+00
 -4.57332656e+00 -4.57636251e+00 -4.57938837e+00 -4.58240412e+00
 -4.58540978e+00 -4.58840535e+00 -4.59139083e+00 -4.59436624e+00
 -4.59733156e+00 -4.60028681e+00 -4.60323199e+00 -4.60616711e+00
 -4.60909217e+00 -4.61200717e+00 -4.61491212e+00 -4.61780702e+00
 -4.62069188e+00 -4.62356670e+00 -4.62643148e+00 -4.62928624e+00
 -4.63213096e+00 -4.63496566e+00 -4.63779034e+00 -4.64060501e+00
 -4.64340967e+00 -4.64620432e+00 -4.64898896e+00 -4.65176361e+00
 -4.65452826e+00 -4.65728292e+00 -4.66002759e+00 -4.66276228e+00
 -4.66548699e+00 -4.66820172e+00 -4.67090648e+00 -4.67360127e+00
 -4.67628610e+00 -4.67896097e+00 -4.68162588e+00 -4.68428083e+00
 -4.68692584e+00 -4.68956090e+00 -4.69218602e+00 -4.69480120e+00
 -4.69740645e+00 -4.70000176e+00 -4.70258715e+00 -4.70516261e+00
 -4.70772815e+00 -4.71028378e+00 -4.71282949e+00 -4.71536529e+00
 -4.71789119e+00 -4.72040718e+00 -4.72291328e+00 -4.72540947e+00
 -4.72789578e+00 -4.73037220e+00 -4.73283873e+00 -4.73529538e+00
 -4.73774215e+00 -4.74017904e+00 -4.74260607e+00 -4.74502322e+00
 -4.74743051e+00 -4.74982794e+00 -4.75221551e+00 -4.75459322e+00
 -4.75696108e+00 -4.75931910e+00 -4.76166726e+00 -4.76400559e+00
 -4.76633407e+00 -4.76865272e+00 -4.77096154e+00 -4.77326052e+00
 -4.77554968e+00 -4.77782902e+00 -4.78009854e+00 -4.78235824e+00
 -4.78460812e+00 -4.78684820e+00 -4.78907846e+00 -4.79129892e+00
 -4.79350958e+00 -4.79571044e+00 -4.79790151e+00 -4.80008278e+00
 -4.80225426e+00 -4.80441595e+00 -4.80656786e+00 -4.80870999e+00
 -4.81084234e+00 -4.81296492e+00 -4.81507772e+00 -4.81718075e+00
 -4.81927402e+00 -4.82135752e+00 -4.82343126e+00 -4.82549524e+00
 -4.82754947e+00 -4.82959394e+00 -4.83162867e+00 -4.83365364e+00
 -4.83566888e+00 -4.83767437e+00 -4.83967012e+00 -4.84165613e+00
 -4.84363241e+00 -4.84559896e+00 -4.84755579e+00 -4.84950288e+00
 -4.85144025e+00 -4.85336791e+00 -4.85528584e+00 -4.85719406e+00
 -4.85909256e+00 -4.86098136e+00 -4.86286045e+00 -4.86472983e+00
 -4.86658951e+00 -4.86843949e+00 -4.87027978e+00 -4.87211036e+00
 -4.87393126e+00 -4.87574246e+00 -4.87754398e+00 -4.87933581e+00
 -4.88111796e+00 -4.88289043e+00 -4.88465322e+00 -4.88640633e+00
 -4.88814977e+00 -4.88988354e+00 -4.89160764e+00 -4.89332207e+00
 -4.89502684e+00 -4.89672195e+00 -4.89840740e+00 -4.90008319e+00
 -4.90174933e+00 -4.90340581e+00 -4.90505264e+00 -4.90668982e+00
 -4.90831736e+00 -4.90993526e+00 -4.91154351e+00 -4.91314212e+00
 -4.91473110e+00 -4.91631044e+00 -4.91788014e+00 -4.91944022e+00
 -4.92099066e+00 -4.92253148e+00 -4.92406268e+00 -4.92558425e+00
 -4.92709620e+00 -4.92859853e+00 -4.93009125e+00 -4.93157435e+00
 -4.93304784e+00 -4.93451172e+00 -4.93596598e+00 -4.93741065e+00
 -4.93884570e+00 -4.94027116e+00 -4.94168701e+00 -4.94309327e+00
 -4.94448993e+00 -4.94587699e+00 -4.94725446e+00 -4.94862234e+00
 -4.94998062e+00 -4.95132933e+00 -4.95266844e+00 -4.95399797e+00
 -4.95531792e+00 -4.95662829e+00 -4.95792908e+00 -4.95922029e+00
 -4.96050193e+00 -4.96177399e+00 -4.96303648e+00 -4.96428940e+00
 -4.96553276e+00 -4.96676654e+00 -4.96799077e+00 -4.96920543e+00
 -4.97041052e+00 -4.97160606e+00 -4.97279204e+00 -4.97396846e+00
 -4.97513533e+00 -4.97629265e+00 -4.97744041e+00 -4.97857862e+00
 -4.97970728e+00 -4.98082640e+00 -4.98193597e+00 -4.98303600e+00
 -4.98412648e+00 -4.98520742e+00 -4.98627883e+00 -4.98734069e+00
 -4.98839302e+00 -4.98943582e+00 -4.99046908e+00 -4.99149280e+00
 -4.99250700e+00 -4.99351167e+00 -4.99450681e+00 -4.99549242e+00
 -4.99646851e+00 -4.99743507e+00 -4.99839211e+00 -4.99933963e+00
 -5.00027763e+00 -5.00120611e+00 -5.00212508e+00 -5.00303452e+00
 -5.00393446e+00 -5.00482488e+00 -5.00570578e+00 -5.00657718e+00
 -5.00743907e+00 -5.00829145e+00 -5.00913432e+00 -5.00996768e+00
 -5.01079154e+00 -5.01160590e+00 -5.01241075e+00 -5.01320610e+00
 -5.01399195e+00 -5.01476831e+00 -5.01553516e+00 -5.01629252e+00
 -5.01704038e+00 -5.01777875e+00 -5.01850762e+00 -5.01922700e+00
 -5.01993689e+00 -5.02063728e+00 -5.02132819e+00 -5.02200961e+00
 -5.02268154e+00 -5.02334399e+00 -5.02399695e+00 -5.02464042e+00
 -5.02527441e+00 -5.02589892e+00 -5.02651394e+00 -5.02711949e+00
 -5.02771555e+00 -5.02830214e+00 -5.02887924e+00 -5.02944687e+00
 -5.03000502e+00 -5.03055370e+00 -5.03109290e+00 -5.03162263e+00
 -5.03214288e+00 -5.03265366e+00 -5.03315496e+00 -5.03364680e+00
 -5.03412917e+00 -5.03460206e+00 -5.03506549e+00 -5.03551945e+00
 -5.03596394e+00 -5.03639896e+00 -5.03682452e+00 -5.03724061e+00
 -5.03764723e+00 -5.03804439e+00 -5.03843209e+00 -5.03881032e+00
 -5.03917909e+00 -5.03953840e+00 -5.03988825e+00 -5.04022863e+00
 -5.04055956e+00 -5.04088102e+00 -5.04119302e+00 -5.04149557e+00
 -5.04178865e+00 -5.04207228e+00 -5.04234645e+00 -5.04261116e+00
 -5.04286642e+00 -5.04311222e+00 -5.04334856e+00 -5.04357544e+00
 -5.04379287e+00 -5.04400085e+00 -5.04419937e+00 -5.04438843e+00
 -5.04456804e+00 -5.04473820e+00 -5.04489890e+00 -5.04505014e+00
 -5.04519194e+00 -5.04532428e+00 -5.04544717e+00 -5.04556060e+00
 -5.04566458e+00 -5.04575911e+00 -5.04584418e+00 -5.04591980e+00
 -5.04598597e+00 -5.04604269e+00 -5.04608995e+00 -5.04612776e+00
 -5.04615612e+00 -5.04617503e+00 -5.04618448e+00 -5.04618448e+00