 0.94484719 0.91619689 0.90350483 0.89892579 0.89920276 0.9026806
 0.90840651 0.91578338 0.92441325 0.93401824 0.94439701 0.95539934
 0.96691037 0.9788405  0.99111857 1.00368727 1.01649982 1.02951762
 1.04270846 1.05604529 1.06950515 1.08306846 1.09671838 1.11044038
 1.1242218  1.13805164 1.15192021 1.16581902 1.17974053 1.19367808
 1.20762575 1.22157824 1.23553084 1.2494793  1.26341981 1.27734895
 1.29126362 1.30516102 1.31903863 1.33289414 1.34672548 1.36053075
 1.37430822 1.38805633 1.40177363 1.41545883 1.42911072 1.44272822
 1.45631031 1.4698561  1.48336473 1.49683545 1.51026754 1.52366037
 1.53701335 1.55032593 1.56359762 1.57682796 1.59001655 1.60316301
 1.61626698 1.62932815 1.64234624 1.65532098 1.66825213 1.68113948
 1.69398283 1.70678199 1.71953683 1.73224718 1.74491292 1.75753394
 1.77011014 1.78264143 1.79512772 1.80756896 1.81996508 1.83231604
 1.84462179 1.85688231 1.86909757 1.88126755 1.89339224 1.90547163
 1.91750573 1.92949454 1.94143807 1.95333634 1.96518935 1.97699715
 1.98875974 2.00047716 2.01214945 2.02377663 2.03535876 2.04689585
 2.05838797 2.06983516 2.08123745 2.09259491 2.10390758 2.11517551
 2.12639876 2.13757739 2.14871144 2.15980098 2.17084606 2.18184675
 2.1928031  2.20371517 2.21458304 2.22540675 2.23618638 2.24692198
 2.25761362 2.26826136 2.27886528 2.28942543 2.29994188 2.31041469
 2.32084393 2.33122967 2.34157197 2.3518709  2.36212652 2.37233891
 2.38250812 2.39263422 2.40271728 2.41275736 2.42275453 2.43270886
 2.44262041 2.45248924 2.46231543 2.47209903 2.48184011 2.49153874
 2.50119498 2.51080888 2.52038053 2.52990998 2.53939729 2.54884252
 2.55824575 2.56760702 2.57692641 2.58620397 2.59543977 2.60463387
 2.61378632 2.62289719 2.63196654 2.64099443 2.64998091 2.65892605
 2.6678299  2.67669253 2.68551399 2.69429433 2.70303362 2.71173191
 2.72038926 2.72900572 2.73758135 2.74611621 2.75461035 2.76306382
 2.77147668 2.77984899 2.78818079 2.79647214 2.80472309 2.8129337
 2.82110401 2.82923408 2.83732396 2.84537371 2.85338336 2.86135297
 2.8692826  2.87717229 2.88502209 2.89283205 2.90060221 2.90833264
 2.91602336 2.92367444 2.93128592 2.93885784 2.94639026 2.95388321
 2.96133675 2.96875092 2.97612576 2.98346133 2.99075765 2.99801479
 3.00523279 3.01241167 3.0195515  3.02665232 3.03371416 3.04073707
 3.04772109 3.05466626 3.06157263 3.06844024 3.07526912 3.08205932
 3.08881088 3.09552384 3.10219824 3.10883412 3.11543152 3.12199048
 3.12851103 3.13499322 3.14143708 3.14784266 3.15420998 3.1605391
 3.16683004 3.17308284 3.17929755 3.18547419 3.19161281 3.19771343
 3.20377611 3.20980086 3.21578774 3.22173676 3.22764798 3.23352142
 3.23935712 3.24515512 3.25091544 3.25663813 3.26232321 3.26797072
 3.2735807  3.27915318 3.28468819 3.29018576 3.29564593 3.30106874
 3.3064542  3.31180237 3.31711326 3.32238691 3.32762336 3.33282263
 3.33798475 3.34310977 3.34819771 3.35324859 3.35826246 3.36323934
 3.36817927 3.37308227 3.37794838 3.38277762 3.38757003 3.39232564
 3.39704447 3.40172657 3.40637194 3.41098064 3.41555268 3.42008809
 3.42458691 3.42904917 3.43347489 3.4378641  3.44221684 3.44653312
 3.45081299 3.45505646 3.45926357 3.46343434 3.46756881 3.471667
 3.47572894 3.47975466 3.48374419 3.48769755 3.49161478 3.49549589
 3.49934093 3.5031499  3.50692286 3.51065981 3.51436079 3.51802583
 3.52165496 3.52524819 3.52880556 3.5323271  3.53581283 3.53926278
 3.54267697 3.54605544 3.54939821 3.55270531 3.55597676 3.55921259
 3.56241283 3.5655775  3.56870663 3.57180025 3.57485838 3.57788106
 3.5808683  3.58382013 3.58673658 3.58961768 3.59246345 3.59527392
 3.59804911 3.60078905 3.60349377 3.60616329 3.60879764 3.61139684
 3.61396092 3.61648991 3.61898383 3.6214427  3.62386657 3.62625544
 3.62860934 3.6309283  3.63321235 3.63546152 3.63767582 3.63985528
 3.64199993 3.64410979 3.64618489 3.64822526 3.65023091 3.65220188
 3.65413819 3.65603987 3.65790693 3.65973941 3.66153733 3.66330071
 3.66502959 3.66672398 3.66838391 3.6700094  3.67160048 3.67315718
 3.67467951 3.67616751 3.67762119 3.67904059 3.68042572 3.68177662
 3.68309329 3.68437578 3.6856241  3.68683827 3.68801832 3.68916428
 3.69027617 3.69135401 3.69239782 3.69340763 3.69438347 3.69532535
 3.6962333  3.69710733 3.69794749 3.69875378 3.69952623 3.70026486
 3.70096969 3.70164076 3.70227807 3.70288165 3.70345153 3.70398772
 3.70449024 3.70495912 3.70539438 3.70579605 3.70616413 3.70649865
 3.70679963 3.70706709 3.70730105 3.70750154 3.70766856 3.70780214
 3.7079023  3.70796905 3.70800242 3.70800242