0
1.0333E+06
2.0118E+06
3.0096E+06
4.0076E+06
5.0102E+06
6.0168E+06
7.0132E+06
8.0199E+06
9.0171E+06
1.0028E+07
1.1025E+07
1.2026E+07
1.3019E+07
1.4012E+07
1.5023E+07
1.6028E+07
1.7021E+07
1.8023E+07
1.9019E+07
2.0019E+07
2.1021E+07
2.2022E+07
2.3023E+07
2.4023E+07
2.5026E+07
2.6026E+07
2.7029E+07
2.8028E+07
2.9029E+07
3.003E+07
3.1032E+07
3.2032E+07
3.3033E+07
3.4034E+07
3.5034E+07
3.6035E+07
3.7036E+07
3.8038E+07
3.9037E+07
4.0039E+07
4.104E+07
4.2041E+07
4.304E+07
4.4044E+07
4.5044E+07
4.6045E+07
4.7046E+07
4.8047E+07
4.9045E+07
5.0049E+07
5.105E+07
5.205E+07
5.3052E+07
5.4053E+07
5.5054E+07
5.6054E+07
5.7055E+07
5.8057E+07
5.9057E+07
6.0058E+07
6.1058E+07
6.206E+07
6.3062E+07
6.4063E+07
6.5063E+07
6.6064E+07
6.7065E+07
6.8066E+07
6.9066E+07
7.0067E+07
7.1069E+07
7.2071E+07
7.3071E+07
7.4071E+07
7.5071E+07
7.6088E+07
7.7075E+07
7.8075E+07
7.9096E+07
8.0086E+07
8.1078E+07
8.2079E+07
8.308E+07
8.4086E+07
8.509E+07
8.6082E+07
8.7087E+07
8.809E+07
8.9088E+07
9.0094E+07
9.1087E+07
9.2088E+07
9.3089E+07
9.4097E+07
9.5103E+07
9.6092E+07
9.7099E+07
9.8093E+07
9.91E+07
1.001E+08
1.011E+08
1.021E+08
1.031E+08
1.041E+08
1.051E+08
1.061E+08
1.071E+08
1.0811E+08
1.0911E+08
1.1011E+08
1.1111E+08
1.1212E+08
1.1311E+08
1.1411E+08
1.1511E+08
1.1611E+08
1.1711E+08
1.1811E+08
1.1912E+08
1.2012E+08
1.2112E+08
1.2211E+08
1.2312E+08
1.2413E+08
1.2512E+08
1.2612E+08
1.2712E+08
1.2813E+08
1.2913E+08
1.3013E+08
1.3113E+08
1.3213E+08
1.3313E+08
1.3413E+08
1.3514E+08
1.3613E+08
1.3713E+08
1.3813E+08
1.3914E+08
1.4014E+08
1.4114E+08
1.4214E+08
1.4314E+08
1.4414E+08
1.4513E+08
1.4614E+08
1.4715E+08
1.4814E+08
1.4914E+08
1.5014E+08
1.5115E+08
1.5215E+08
1.5315E+08
1.5415E+08
1.5515E+08
1.5615E+08
1.5715E+08
1.5815E+08
1.5915E+08
1.6016E+08
1.6116E+08
1.6216E+08
1.6315E+08
1.6416E+08
1.6516E+08
1.6616E+08
1.6716E+08
1.6816E+08
1.6917E+08
1.7016E+08
1.7117E+08
1.7217E+08
1.7317E+08
1.7417E+08
1.7517E+08
1.7617E+08
1.7717E+08
1.7817E+08
1.7918E+08
1.8017E+08
1.8117E+08
1.8219E+08
1.8318E+08
1.8418E+08
1.8518E+08
1.8618E+08
1.8718E+08
1.8818E+08
1.8918E+08
1.9018E+08
1.9118E+08
1.9218E+08
1.9318E+08
1.9418E+08
1.9518E+08
1.9618E+08
1.9718E+08
1.9818E+08
1.9918E+08
2.0018E+08
2.0118E+08
2.0218E+08
2.0318E+08
2.0418E+08
2.0518E+08
2.0618E+08
2.0718E+08
2.0818E+08
2.0917E+08
2.1016E+08
2.1115E+08
2.1214E+08
2.1313E+08
2.1413E+08
2.1512E+08
2.1611E+08
2.171E+08
2.181E+08
2.1908E+08
2.2007E+08
2.2104E+08
2.2202E+08
2.23E+08
2.2399E+08
2.2496E+08
2.2594E+08
2.2691E+08
2.2789E+08
2.2886E+08
2.2982E+08
2.3079E+08
2.3175E+08
2.3271E+08
2.3368E+08
2.3463E+08
2.3559E+08
2.3655E+08
2.3751E+08
2.3846E+08
2.394E+08
2.4034E+08
2.4128E+08
2.4222E+08
2.4317E+08
2.441E+08
2.4504E+08
2.4598E+08
2.4691E+08
2.4784E+08
2.4876E+08
2.4968E+08
2.5059E+08
2.5152E+08
2.5243E+08
2.5333E+08
2.5425E+08
2.5516E+08
2.5607E+08
2.5697E+08
2.5788E+08
2.5876E+08
2.5966E+08
2.6054E+08
2.6144E+08
2.6232E+08
2.6321E+08
2.6408E+08
2.6497E+08
2.6585E+08
2.6672E+08
2.676E+08
2.6846E+08
2.6932E+08
2.7018E+08
2.7104E+08
2.719E+08
2.7275E+08
2.736E+08
2.7445E+08
2.753E+08
2.7615E+08
2.77E+08
2.7784E+08
2.7868E+08
2.795E+08
2.8032E+08
2.8114E+08
2.8197E+08
2.8279E+08
2.836E+08
2.8443E+08
2.8523E+08
2.8605E+08
2.8686E+08
2.8767E+08
2.8847E+08
2.8927E+08
2.9005E+08
2.9084E+08
2.9163E+08
2.9242E+08
2.9321E+08
2.9398E+08
2.9476E+08
2.9553E+08
2.9631E+08
2.9708E+08
2.9786E+08
2.9862E+08
2.9938E+08
3.0014E+08
3.0089E+08
3.0164E+08
3.0239E+08
3.0314E+08
3.0387E+08
3.0461E+08
3.0535E+08
3.0609E+08
3.0682E+08
3.0754E+08
3.0828E+08
3.0899E+08
3.0972E+08
3.1044E+08
3.1116E+08
3.1187E+08
3.1257E+08
3.1327E+08
3.1397E+08
3.1466E+08
3.1536E+08
3.1604E+08
3.1673E+08
3.1742E+08
3.181E+08
3.1878E+08
3.1946E+08
3.2013E+08
3.2081E+08
3.2148E+08
3.2214E+08
3.2281E+08
3.2345E+08
3.2411E+08
3.2475E+08
3.254E+08
3.2605E+08
3.2668E+08
3.2732E+08
3.2795E+08
3.286E+08
3.2922E+08
3.2985E+08
3.3046E+08
3.3109E+08
3.3172E+08
3.3232E+08
3.3293E+08
3.3353E+08
3.3413E+08
3.3473E+08
3.3532E+08
3.3591E+08
3.365E+08
3.3709E+08
3.3768E+08
3.3824E+08
3.3882E+08
3.394E+08
3.3996E+08
3.4054E+08
3.4109E+08
3.4166E+08
3.4222E+08
3.4277E+08
3.4332E+08
3.4387E+08
3.4441E+08
3.4494E+08
3.4547E+08
3.4601E+08
3.4653E+08
3.4706E+08
3.4759E+08
3.481E+08
3.4861E+08
3.4912E+08
3.4963E+08
3.5014E+08
3.5063E+08
3.5113E+08
3.5163E+08
3.5212E+08
3.526E+08
3.5308E+08
3.5356E+08
3.5403E+08
3.545E+08
3.5497E+08
3.5543E+08
3.5589E+08
3.5635E+08
3.568E+08
3.5725E+08
3.5771E+08
3.5814E+08
3.5858E+08
3.5902E+08
3.5945E+08
3.5988E+08
3.603E+08
3.6072E+08
3.6113E+08
3.6154E+08
3.6194E+08
3.6234E+08
3.6271E+08
3.631E+08
3.6347E+08
3.6385E+08
3.6423E+08
3.6459E+08
3.6494E+08
3.653E+08
3.6565E+08
3.6601E+08
3.6634E+08
3.6669E+08
3.6702E+08
3.6735E+08
3.6768E+08
3.6801E+08
3.6833E+08
3.6866E+08
3.6896E+08
3.6927E+08
3.6957E+08
3.6987E+08
3.7018E+08
3.7047E+08
3.7076E+08
3.7105E+08
3.7133E+08
3.7161E+08
3.7189E+08
3.7216E+08
3.7243E+08
3.727E+08
3.7296E+08
3.7322E+08
3.7347E+08
3.7373E+08
3.7397E+08
3.7421E+08
3.7446E+08
3.7467E+08
3.749E+08
3.7513E+08
3.7536E+08
3.7557E+08
3.7579E+08
3.7599E+08
3.7621E+08
3.7642E+08
3.7662E+08
3.7681E+08
3.7701E+08
3.772E+08
3.7739E+08
3.7757E+08
3.7775E+08
3.7792E+08
3.781E+08
3.7827E+08
3.7843E+08
3.7859E+08
3.7874E+08
3.789E+08
3.7906E+08
3.7918E+08
3.7932E+08
3.7946E+08
3.7959E+08
3.7973E+08
3.7985E+08
3.8E+08
3.8011E+08
3.8022E+08
3.8033E+08
3.8045E+08
3.8055E+08
3.8066E+08
3.8076E+08
3.8086E+08
3.8094E+08
3.8103E+08
3.8111E+08
3.8119E+08
3.8127E+08
3.8134E+08
3.8141E+08
3.8148E+08
3.8155E+08
3.8161E+08
3.8167E+08
3.8172E+08
3.8178E+08
3.8183E+08
3.8187E+08
3.8191E+08
3.8195E+08
3.8199E+08
3.8201E+08
3.8204E+08
3.8207E+08
3.8208E+08
3.821E+08
3.8212E+08
3.8214E+08
3.8214E+08
3.8216E+08
3.8216E+08
3.8216E+08
3.8216E+08
3.8216E+08
3.8215E+08
3.8214E+08
3.8213E+08
3.821E+08
3.8209E+08
3.8206E+08
3.8204E+08
3.8201E+08
3.8199E+08
3.8196E+08
3.8192E+08
3.8188E+08
3.8184E+08
3.8182E+08
3.8176E+08
3.8172E+08
3.8167E+08
3.816E+08
3.8155E+08
3.8149E+08
3.8143E+08
3.8138E+08
3.8131E+08
3.8126E+08
3.8119E+08
3.8112E+08
3.8106E+08
3.8098E+08
3.8091E+08
3.8083E+08
3.8075E+08
3.8067E+08
3.8059E+08
3.805E+08
3.8042E+08
3.8034E+08
3.8026E+08
3.8017E+08
3.8009E+08
3.7999E+08
3.7991E+08
3.7982E+08
3.7972E+08
3.7963E+08
3.7953E+08
3.7942E+08
3.7933E+08
3.7923E+08
3.7914E+08
3.7903E+08
3.7894E+08
3.7885E+08
3.7874E+08
3.7866E+08
3.7855E+08
3.7844E+08
3.7834E+08
3.7824E+08
3.7815E+08
3.7804E+08
3.7792E+08
3.7782E+08
3.7773E+08
3.7764E+08
3.7753E+08
3.7743E+08
3.7734E+08
3.7725E+08
3.7715E+08
3.7706E+08
3.7696E+08
3.7687E+08
3.7678E+08
3.767E+08
3.766E+08
3.7652E+08
3.7642E+08
3.7634E+08
3.7625E+08
3.7617E+08
3.7609E+08
3.7601E+08
3.7595E+08
3.7589E+08
3.7581E+08
3.7575E+08
3.7569E+08
3.7563E+08
3.7557E+08
3.755E+08
3.7544E+08
3.7535E+08
3.7526E+08
3.7517E+08
3.7507E+08
3.7492E+08
3.7478E+08
3.7462E+08
3.7443E+08
3.7422E+08
3.7401E+08
3.7373E+08
3.7343E+08
3.7308E+08
3.7267E+08
3.722E+08
3.7166E+08
3.7102E+08
3.7026E+08
3.6937E+08
3.6828E+08
3.6694E+08
3.6525E+08
3.6309E+08
3.6021E+08
3.5631E+08
3.5071E+08
3.4173E+08
3.2688E+08
3.4046E+08