0
1.049E+06
2.083E+06
3.1208E+06
4.1599E+06
5.1969E+06
6.2347E+06
7.2766E+06
8.3061E+06
9.3418E+06
1.0383E+07
1.142E+07
1.2461E+07
1.3488E+07
1.4533E+07
1.5571E+07
1.6601E+07
1.7639E+07
1.8686E+07
1.9718E+07
2.0762E+07
2.1797E+07
2.283E+07
2.3861E+07
2.4899E+07
2.5945E+07
2.7009E+07
2.8027E+07
2.9048E+07
3.0087E+07
3.1123E+07
3.2161E+07
3.3199E+07
3.4274E+07
3.5274E+07
3.6311E+07
3.737E+07
3.8385E+07
3.9434E+07
4.0468E+07
4.1519E+07
4.2536E+07
4.3576E+07
4.4636E+07
4.5647E+07
4.6685E+07
4.7727E+07
4.8768E+07
4.9797E+07
5.0843E+07
5.1872E+07
5.291E+07
5.3947E+07
5.4984E+07
5.6022E+07
5.7064E+07
5.8097E+07
5.9141E+07
6.0172E+07
6.1209E+07
6.2251E+07
6.3292E+07
6.4325E+07
6.5365E+07
6.6408E+07
6.7437E+07
6.8471E+07
6.9513E+07
7.0554E+07
7.1586E+07
7.262E+07
7.3658E+07
7.4701E+07
7.5734E+07
7.6774E+07
7.7812E+07
7.885E+07
7.9894E+07
8.0926E+07
8.1969E+07
8.3004E+07
8.404E+07
8.5071E+07
8.6108E+07
8.7147E+07
8.8182E+07
8.9222E+07
9.0269E+07
9.1297E+07
9.234E+07
9.3371E+07
9.4412E+07
9.5445E+07
9.6492E+07
9.7519E+07
9.856E+07
9.9595E+07
1.0063E+08
1.0168E+08
1.0271E+08
1.0375E+08
1.0478E+08
1.0582E+08
1.0686E+08
1.0789E+08
1.0893E+08
1.0999E+08
1.1101E+08
1.1204E+08
1.1308E+08
1.1412E+08
1.1516E+08
1.1619E+08
1.1723E+08
1.1827E+08
1.1931E+08
1.2034E+08
1.2138E+08
1.2243E+08
1.2345E+08
1.245E+08
1.2553E+08
1.2657E+08
1.2761E+08
1.2864E+08
1.2968E+08
1.3072E+08
1.3176E+08
1.3279E+08
1.3383E+08
1.3487E+08
1.3591E+08
1.3694E+08
1.3798E+08
1.3902E+08
1.4006E+08
1.4109E+08
1.4212E+08
1.4316E+08
1.4421E+08
1.4524E+08
1.4628E+08
1.4732E+08
1.4835E+08
1.4939E+08
1.5043E+08
1.5148E+08
1.5251E+08
1.5354E+08
1.5458E+08
1.5562E+08
1.5665E+08
1.5769E+08
1.5874E+08
1.5977E+08
1.608E+08
1.6184E+08
1.6288E+08
1.6391E+08
1.6495E+08
1.6599E+08
1.6703E+08
1.6806E+08
1.691E+08
1.7013E+08
1.7117E+08
1.7221E+08
1.7324E+08
1.7428E+08
1.7532E+08
1.7635E+08
1.7739E+08
1.7843E+08
1.7947E+08
1.805E+08
1.8154E+08
1.8257E+08
1.836E+08
1.8464E+08
1.8567E+08
1.867E+08
1.8773E+08
1.8876E+08
1.8979E+08
1.9082E+08
1.9185E+08
1.9288E+08
1.939E+08
1.9493E+08
1.9595E+08
1.9697E+08
1.9799E+08
1.9901E+08
2.0003E+08
2.0105E+08
2.0207E+08
2.0307E+08
2.0408E+08
2.0509E+08
2.061E+08
2.0711E+08
2.0811E+08
2.0912E+08
2.1012E+08
2.1111E+08
2.121E+08
2.131E+08
2.1409E+08
2.1508E+08
2.1607E+08
2.1706E+08
2.1805E+08
2.1903E+08
2.2001E+08
2.2098E+08
2.2196E+08
2.2294E+08
2.2391E+08
2.2488E+08
2.2586E+08
2.2681E+08
2.2778E+08
2.2874E+08
2.2969E+08
2.3065E+08
2.316E+08
2.3255E+08
2.335E+08
2.3445E+08
2.354E+08
2.3635E+08
2.3728E+08
2.3822E+08
2.3915E+08
2.4008E+08
2.4101E+08
2.4194E+08
2.4288E+08
2.4379E+08
2.4473E+08
2.4563E+08
2.4654E+08
2.4746E+08
2.4837E+08
2.4928E+08
2.5019E+08
2.5109E+08
2.5199E+08
2.5289E+08
2.5379E+08
2.5469E+08
2.5559E+08
2.5647E+08
2.5736E+08
2.5824E+08
2.5912E+08
2.6E+08
2.6088E+08
2.6176E+08
2.6263E+08
2.635E+08
2.6437E+08
2.6524E+08
2.661E+08
2.6696E+08
2.6781E+08
2.6866E+08
2.6951E+08
2.7036E+08
2.7121E+08
2.7206E+08
2.729E+08
2.7374E+08
2.7459E+08
2.7542E+08
2.7625E+08
2.7708E+08
2.7791E+08
2.7874E+08
2.7955E+08
2.8037E+08
2.8119E+08
2.82E+08
2.8281E+08
2.8362E+08
2.8443E+08
2.8523E+08
2.8603E+08
2.8683E+08
2.8763E+08
2.8842E+08
2.8921E+08
2.8999E+08
2.9078E+08
2.9156E+08
2.9234E+08
2.9311E+08
2.9388E+08
2.9466E+08
2.9542E+08
2.962E+08
2.9696E+08
2.9772E+08
2.9848E+08
2.9923E+08
2.9997E+08
3.0072E+08
3.0147E+08
3.0221E+08
3.0295E+08
3.0369E+08
3.0443E+08
3.0515E+08
3.0588E+08
3.0661E+08
3.0734E+08
3.0805E+08
3.0877E+08
3.0948E+08
3.1019E+08
3.1091E+08
3.116E+08
3.1231E+08
3.1301E+08
3.1371E+08
3.1439E+08
3.1508E+08
3.1577E+08
3.1646E+08
3.1714E+08
3.1781E+08
3.1849E+08
3.1916E+08
3.1983E+08
3.2049E+08
3.2115E+08
3.2181E+08
3.2247E+08
3.2312E+08
3.2376E+08
3.244E+08
3.2502E+08
3.2565E+08
3.2628E+08
3.2689E+08
3.275E+08
3.2813E+08
3.2873E+08
3.2934E+08
3.2994E+08
3.3054E+08
3.3113E+08
3.3174E+08
3.3232E+08
3.3291E+08
3.3349E+08
3.3407E+08
3.3465E+08
3.3522E+08
3.3579E+08
3.3636E+08
3.3693E+08
3.3749E+08
3.3805E+08
3.3859E+08
3.3917E+08
3.3969E+08
3.4025E+08
3.4078E+08
3.4132E+08
3.4186E+08
3.4239E+08
3.4292E+08
3.4344E+08
3.4397E+08
3.4448E+08
3.45E+08
3.4551E+08
3.4601E+08
3.4653E+08
3.4703E+08
3.4752E+08
3.4801E+08
3.4851E+08
3.4899E+08
3.4949E+08
3.4996E+08
3.5043E+08
3.5091E+08
3.5138E+08
3.5185E+08
3.5231E+08
3.5277E+08
3.5322E+08
3.5368E+08
3.5413E+08
3.5459E+08
3.5502E+08
3.5547E+08
3.559E+08
3.5633E+08
3.5677E+08
3.5719E+08
3.5762E+08
3.5803E+08
3.5845E+08
3.5886E+08
3.5927E+08
3.5968E+08
3.6008E+08
3.6047E+08
3.6087E+08
3.6127E+08
3.6166E+08
3.6203E+08
3.6241E+08
3.6279E+08
3.6317E+08
3.6353E+08
3.6389E+08
3.6426E+08
3.6462E+08
3.6497E+08
3.6532E+08
3.6568E+08
3.6601E+08
3.6635E+08
3.6669E+08
3.6703E+08
3.6735E+08
3.6768E+08
3.68E+08
3.6832E+08
3.6863E+08
3.6897E+08
3.6926E+08
3.6956E+08
3.6986E+08
3.7017E+08
3.7046E+08
3.7074E+08
3.7104E+08
3.7132E+08
3.7161E+08
3.7187E+08
3.7215E+08
3.7241E+08
3.7268E+08
3.7294E+08
3.7319E+08
3.7344E+08
3.7369E+08
3.7395E+08
3.7418E+08
3.7443E+08
3.7466E+08
3.7488E+08
3.7511E+08
3.7533E+08
3.7557E+08
3.7579E+08
3.7599E+08
3.762E+08
3.764E+08
3.7661E+08
3.7682E+08
3.7701E+08
3.772E+08
3.7738E+08
3.7757E+08
3.7775E+08
3.7793E+08
3.7811E+08
3.7828E+08
3.7843E+08
3.7859E+08
3.7875E+08
3.7891E+08
3.7906E+08
3.792E+08
3.7936E+08
3.7949E+08
3.7962E+08
3.7975E+08
3.7989E+08
3.8001E+08
3.8014E+08
3.8026E+08
3.8038E+08
3.8049E+08
3.8061E+08
3.807E+08
3.8082E+08
3.809E+08
3.8099E+08
3.8108E+08
3.8117E+08
3.8125E+08
3.8133E+08
3.8142E+08
3.8149E+08
3.8155E+08
3.8163E+08
3.8169E+08
3.8176E+08
3.8181E+08
3.8187E+08
3.8192E+08
3.8196E+08
3.8203E+08
3.8205E+08
3.8209E+08
3.8212E+08
3.8215E+08
3.8219E+08
3.8219E+08
3.8223E+08
3.8224E+08
3.8226E+08
3.8227E+08
3.8229E+08
3.8231E+08
3.823E+08
3.8231E+08
3.823E+08
3.823E+08
3.8229E+08
3.8228E+08
3.8226E+08
3.8226E+08
3.8222E+08
3.822E+08
3.8219E+08
3.8218E+08
3.8212E+08
3.8211E+08
3.8206E+08
3.8203E+08
3.8199E+08
3.8195E+08
3.819E+08
3.8186E+08
3.8181E+08
3.8175E+08
3.817E+08
3.8164E+08
3.8158E+08
3.8153E+08
3.8147E+08
3.8141E+08
3.8135E+08
3.8128E+08
3.8121E+08
3.8114E+08
3.8107E+08
3.8098E+08
3.8091E+08
3.8083E+08
3.8074E+08
3.8066E+08
3.8058E+08
3.8051E+08
3.8042E+08
3.8034E+08
3.8027E+08
3.8016E+08
3.8007E+08
3.7999E+08
3.7988E+08
3.7979E+08
3.797E+08
3.7959E+08
3.795E+08
3.794E+08
3.7931E+08
3.7921E+08
3.7912E+08
3.7901E+08
3.7892E+08
3.7884E+08
3.7872E+08
3.7861E+08
3.7852E+08
3.7842E+08
3.7831E+08
3.7821E+08
3.781E+08
3.78E+08
3.7794E+08
3.7781E+08
3.7771E+08
3.7762E+08
3.7753E+08
3.7743E+08
3.7734E+08
3.7724E+08
3.7715E+08
3.7705E+08
3.7697E+08
3.7688E+08
3.7679E+08
3.767E+08
3.7662E+08
3.7652E+08
3.7645E+08
3.7635E+08
3.7628E+08
3.7621E+08
3.7614E+08
3.7607E+08
3.7601E+08
3.7594E+08
3.7588E+08
3.7582E+08
3.7576E+08
3.7569E+08
3.7564E+08
3.7555E+08
3.7546E+08
3.7536E+08
3.7525E+08
3.7513E+08
3.7498E+08
3.7481E+08
3.7463E+08
3.7443E+08
3.742E+08
3.7393E+08
3.7362E+08
3.7328E+08
3.7287E+08
3.7241E+08
3.7187E+08
3.7124E+08
3.7049E+08
3.696E+08
3.6852E+08
3.6718E+08
3.6551E+08
3.6336E+08
3.6055E+08
3.5666E+08
3.5102E+08
3.4233E+08
3.2782E+08
3.3732E+08
3.4813E+08
3.495E+08