
=========2023-07-03===
CMTS= [0.1717904  0.12909735 0.10870655 0.09534815 0.08546009 0.07766027
 0.07126667 0.06589144 0.0612924  0.0573079  0.05382462 0.05076001
 0.04805212 0.04565337 0.04352646 0.04164174 0.03997535 0.0385079
 0.03722356 0.03610936 0.03515467 0.0343508  0.03369078 0.03316904
 0.03278131 0.03252451 0.03239661 0.03239661] 
======================
CH2= [1.71790398 1.71792176 1.71793057 1.71793639 1.71794065 1.71794395
 1.71794658 1.71794871 1.71795047 1.71795193 1.71795315 1.71795416
 1.71795501 1.71795571 1.7179563  1.71795678 1.71795717 1.71795748
 1.71795773 1.71795792 1.71795806 1.71795817 1.71795824 1.71795828
 1.71795831 1.71795832 1.71795832 1.71795832] 
======================
CHCl= [0.         0.0633561  0.09361646 0.11344097 0.12811549 0.13969099
 0.1491796  0.15715685 0.16398218 0.16989544 0.17506484 0.17961289
 0.1836315  0.18719133 0.19034771 0.19314464 0.19561756 0.19779522
 0.19970112 0.20135454 0.20277124 0.2039641  0.20494351 0.20571772
 0.20629304 0.20667409 0.20686388 0.20686388] 
======================
phi= [9.51997571e-07 6.96712137e-06 1.17744786e-05 1.58926374e-05
 1.95210776e-05 2.27668151e-05 2.56970115e-05 2.83578701e-05
 3.07831458e-05 3.29985600e-05 3.50243267e-05 3.68767050e-05
 3.85690077e-05 4.01122854e-05 4.15158066e-05 4.27874046e-05
 4.39337349e-05 4.49604681e-05 4.58724387e-05 4.66737597e-05
 4.73679128e-05 4.79578188e-05 4.84458933e-05 4.88340902e-05
 4.91239353e-05 4.93165517e-05 4.94126774e-05 4.94126774e-05] 
======================
d= [4.95240012e-05 4.65164393e-05 4.41127607e-05 4.20536813e-05
 4.02394612e-05 3.86165924e-05 3.71514943e-05 3.58210650e-05
 3.46084271e-05 3.35007200e-05 3.24878367e-05 3.15616475e-05
 3.07154961e-05 2.99438573e-05 2.92420967e-05 2.86062977e-05
 2.80331326e-05 2.75197659e-05 2.70637806e-05 2.66631201e-05
 2.63160436e-05 2.60210906e-05 2.57770534e-05 2.55829549e-05
 2.54380323e-05 2.53417242e-05 2.52936613e-05 2.52936613e-05] 
======================
xi= [2.71889813e-05 1.45622341e-03 4.15915041e-03 7.57727771e-03
 1.14321741e-02 1.55498361e-02 1.98100920e-02 2.41250639e-02
 2.84280619e-02 3.26671489e-02 3.68011038e-02 4.07967411e-02
 4.46270507e-02 4.82698633e-02 5.17068658e-02 5.49228598e-02
 5.79051918e-02 6.06433108e-02 6.31284190e-02 6.53531954e-02
 6.73115749e-02 6.89985715e-02 7.04101372e-02 7.15430509e-02
 7.23948307e-02 7.29636681e-02 7.32483805e-02 7.32483805e-02] 
======================
tf_hrs= 2.3055574 
======================
rpt= [4.9701662643285895e-05, 4.940332528657179e-05, 4.910498792985768e-05, 4.8806650573143575e-05, 4.850831321642947e-05, 4.820997585971536e-05, 4.7911638503001254e-05, 4.761330114628715e-05, 4.731496378957304e-05, 4.701662643285893e-05, 4.6718289076144826e-05, 4.641995171943072e-05, 4.612161436271661e-05, 4.5823277006002505e-05, 4.55249396492884e-05, 4.522660229257429e-05, 4.4928264935860184e-05, 4.462992757914608e-05, 4.433159022243197e-05, 4.403325286571786e-05, 4.3734915509003756e-05, 4.343657815228965e-05, 4.313824079557554e-05, 4.2839903438861435e-05, 4.254156608214733e-05, 4.224322872543322e-05, 4.1944891368719115e-05, 4.164655401200501e-05, 4.13482166552909e-05, 4.1049879298576794e-05, 4.075154194186269e-05, 4.045320458514858e-05, 4.015486722843447e-05, 3.9856529871720366e-05, 3.955819251500626e-05, 3.925985515829215e-05, 3.8961517801578045e-05, 3.866318044486394e-05, 3.836484308814983e-05, 3.8066505731435724e-05, 3.776816837472162e-05, 3.746983101800751e-05, 3.71714936612934e-05, 3.6873156304579296e-05, 3.657481894786519e-05, 3.627648159115108e-05, 3.5978144234436975e-05, 3.567980687772287e-05, 3.538146952100876e-05, 3.5083132164294655e-05, 3.478479480758055e-05, 3.448645745086644e-05, 3.4188120094152334e-05, 3.388978273743823e-05, 3.359144538072412e-05, 3.329310802401001e-05, 3.2994770667295906e-05, 3.26964333105818e-05, 3.239809595386769e-05, 3.2099758597153585e-05, 3.180142124043948e-05, 3.150308388372537e-05, 3.1204746527011264e-05, 3.090640917029716e-05, 3.060807181358305e-05, 3.0309734456868943e-05, 3.0011397100154836e-05, 2.971305974344073e-05, 2.9414722386726622e-05, 2.9116385030012515e-05, 2.881804767329841e-05, 2.85197103165843e-05, 2.8221372959870195e-05, 2.7923035603156088e-05, 2.762469824644198e-05, 2.7326360889727874e-05, 2.7028023533013767e-05, 2.672968617629966e-05, 2.6431348819585553e-05, 2.6133011462871446e-05, 2.583467410615734e-05, 2.5536336749443232e-05, 2.5237999392729125e-05, 2.4939662036015018e-05, 2.464132467930091e-05, 2.4342987322586804e-05, 2.4044649965872697e-05, 2.374631260915859e-05, 2.3447975252444483e-05, 2.3149637895730376e-05, 2.285130053901627e-05, 2.2552963182302162e-05, 2.2254625825588055e-05, 2.195628846887395e-05, 2.165795111215984e-05, 2.1359613755445735e-05, 2.1061276398731628e-05, 2.076293904201752e-05, 2.0464601685303414e-05, 2.0166264328589307e-05, 1.98679269718752e-05, 1.9569589615161093e-05, 1.9271252258446986e-05, 1.897291490173288e-05, 1.8674577545018772e-05, 1.8376240188304665e-05, 1.8077902831590558e-05, 1.777956547487645e-05, 1.7481228118162344e-05, 1.7182890761448237e-05, 1.688455340473413e-05, 1.6586216048020023e-05, 1.6287878691305916e-05, 1.598954133459181e-05, 1.5691203977877702e-05, 1.5392866621163595e-05, 1.5094529264449487e-05, 1.4796191907735378e-05, 1.449785455102127e-05, 1.4199517194307161e-05, 1.3901179837593052e-05, 1.3602842480878944e-05, 1.3304505124164835e-05, 1.3006167767450726e-05, 1.2707830410736618e-05, 1.2409493054022509e-05, 1.21111556973084e-05, 1.1812818340594292e-05, 1.1514480983880183e-05, 1.1216143627166074e-05, 1.0917806270451966e-05, 1.0619468913737857e-05, 1.0321131557023748e-05, 1.002279420030964e-05, 9.724456843595531e-06, 9.426119486881422e-06, 9.127782130167314e-06, 8.829444773453205e-06, 8.531107416739097e-06, 8.232770060024988e-06, 7.93443270331088e-06, 7.63609534659677e-06, 7.337757989882663e-06, 7.039420633168555e-06, 6.741083276454447e-06, 6.442745919740339e-06, 6.144408563026232e-06, 5.846071206312124e-06, 5.547733849598016e-06, 5.249396492883908e-06, 4.9510591361698e-06, 4.6527217794556926e-06, 4.354384422741585e-06, 4.056047066027477e-06, 3.757709709313369e-06, 3.4593723525992614e-06, 3.1610349958851535e-06, 2.8626976391710457e-06, 2.564360282456938e-06, 2.26602292574283e-06, 1.9676855690287223e-06, 1.6693482123146143e-06, 1.3710108556005063e-06, 1.0726734988863983e-06, 7.743361421722903e-07, 4.759987854581823e-07] 
======================
counter_t= [  0  50 100 150] 
======================
