
=========2023-07-03===
CMTS= [0.94484719 0.68975311 0.56924407 0.49116702 0.43390887 0.38909601
 0.35260873 0.32211245 0.2961543  0.2737679  0.25427781 0.23719354
 0.2221481  0.20886019 0.19711003 0.18672323 0.17755972 0.16950598
 0.16246942 0.1563743  0.15115866 0.14677201 0.14317368 0.14033142
 0.1382205  0.13682294 0.13612703 0.13612703] 
======================
CH2= [0.94484719 0.94490406 0.94493239 0.94495091 0.94496434 0.94497463
 0.94498277 0.94498935 0.94499473 0.94499917 0.94500286 0.94500592
 0.94500847 0.94501058 0.94501232 0.94501375 0.94501492 0.94501585
 0.94501658 0.94501715 0.94501758 0.94501789 0.9450181  0.94501823
 0.94501831 0.94501834 0.94501835 0.94501835] 
======================
CHCl= [0.         0.37943325 0.55869836 0.67485271 0.76003935 0.82671221
 0.88099885 0.92637191 0.96499263 0.99829867 1.02729495 1.05271122
 1.07509357 1.09486057 1.1123393  1.12778932 1.14141909 1.1533976
 1.1638627  1.17292716 1.18068328 1.18720623 1.19255665 1.19678259
 1.19992098 1.20199865 1.20303315 1.20303315] 
======================
phi= [-1.73303864e-06  4.84999717e-06  9.96643801e-06  1.43072624e-05
  1.81130874e-05  2.15073886e-05  2.45656862e-05  2.73390586e-05
  2.98643730e-05  3.21694685e-05  3.42760691e-05  3.62015498e-05
  3.79600716e-05  3.95633439e-05  4.10211560e-05  4.23417588e-05
  4.35321457e-05  4.45982629e-05  4.55451706e-05  4.63771667e-05
  4.70978841e-05  4.77103660e-05  4.82171257e-05  4.86201932e-05
  4.89211504e-05  4.91211588e-05  4.92209780e-05  4.92209780e-05] 
======================
d= [5.08665193e-05 4.75750014e-05 4.50167810e-05 4.28463688e-05
 4.09434563e-05 3.92463057e-05 3.77171569e-05 3.63304707e-05
 3.50678135e-05 3.39152657e-05 3.28619655e-05 3.18992251e-05
 3.10199642e-05 3.02183281e-05 2.94894220e-05 2.88291206e-05
 2.82339272e-05 2.77008685e-05 2.72274147e-05 2.68114166e-05
 2.64510579e-05 2.61448170e-05 2.58914371e-05 2.56899034e-05
 2.55394248e-05 2.54394206e-05 2.53895110e-05 2.53895110e-05] 
======================
xi= [9.01026878e-05 7.05674176e-04 2.97989660e-03 6.14093271e-03
 9.84251808e-03 1.38770329e-02 1.81041882e-02 2.24227237e-02
 2.67564232e-02 3.10462412e-02 3.52454673e-02 3.93165662e-02
 4.32290110e-02 4.69577453e-02 5.04820571e-02 5.37847362e-02
 5.68514313e-02 5.96701516e-02 6.22308769e-02 6.45252478e-02
 6.65463206e-02 6.82883707e-02 6.97467364e-02 7.09176955e-02
 7.17983688e-02 7.23866474e-02 7.26811402e-02 7.26811402e-02] 
======================
tf_hrs= 0.4305559 
======================
rpt= [4.835914453807241e-05, 4.671828907614482e-05, 4.507743361421723e-05, 4.3436578152289636e-05, 4.1795722690362044e-05, 4.015486722843445e-05, 3.851401176650686e-05, 3.687315630457927e-05, 3.523230084265168e-05, 3.3591445380724086e-05, 3.1950589918796494e-05, 3.03097344568689e-05, 2.8668878994941304e-05, 2.702802353301371e-05, 2.5387168071086114e-05, 2.374631260915852e-05, 2.2105457147230924e-05, 2.046460168530333e-05, 1.8823746223375734e-05, 1.718289076144814e-05, 1.5542035299520544e-05, 1.390117983759295e-05, 1.2260324375665357e-05, 1.0619468913737764e-05, 8.97861345181017e-06, 7.337757989882577e-06, 5.696902527954984e-06, 4.0560470660273906e-06, 2.4151916040997972e-06, 7.743361421722037e-07, -8.665193197553899e-07] 
======================
counter_t= [0] 
======================
