
=========2023-07-03===
CMTS= [  0.1717904   -1.98236242  -3.87630159  -5.60523715  -7.20716602
  -8.69859322 -10.08962308 -11.38894377 -12.60309906 -13.73713498
 -14.79504208 -15.78004078 -16.69477136 -17.54142507 -18.32183736
 -19.03755595 -19.68989171 -20.27995735 -20.80869728 -21.27691105
 -21.68527174 -22.03434069 -22.32457899 -22.55635648 -22.72995858
 -22.84559083 -22.90338141 -22.90338141] 
======================
CH2= [1.71790398 1.71765456 1.71755116 1.71748869 1.71744651 1.71741822
 1.71739824 1.71738304 1.71737116 1.71736171 1.71735412 1.71734797
 1.71734297 1.71733891 1.71733561 1.71733294 1.7173308  1.7173291
 1.71732778 1.71732676 1.717326   1.71732545 1.71732508 1.71732484
 1.71732471 1.71732466 1.71732464 1.71732464] 
======================
CHCl= [ 0.          3.21047778  6.03253938  8.60795627 10.99346869 13.21377429
 15.2840856  17.21747689 19.02377708 20.71056689 22.28384364 23.74844945
 25.10835634 26.36686295 27.52673447 28.59030482 29.55955296 30.43616099
 31.22155902 31.91696032 32.52338905 33.04170226 33.47260729 33.81667538
 34.07435179 34.24596292 34.33172009 34.33172009] 
======================
phi= [9.51997571e-07 8.05495555e-06 1.38203744e-05 1.88278601e-05
 2.32081919e-05 2.71325816e-05 3.07368632e-05 3.40305081e-05
 3.70477817e-05 3.98161037e-05 4.23573296e-05 4.46891595e-05
 4.68261536e-05 4.87804479e-05 5.05622663e-05 5.21802943e-05
 5.36419575e-05 5.49536303e-05 5.61207950e-05 5.71481600e-05
 5.80397453e-05 5.87989382e-05 5.94285195e-05 5.99306580e-05
 6.03068709e-05 6.05579548e-05 6.06839085e-05 6.06839085e-05] 
======================
d= [4.95240012e-05 4.59725222e-05 4.30898128e-05 4.05860699e-05
 3.83959041e-05 3.64337092e-05 3.46315684e-05 3.29847460e-05
 3.14761092e-05 3.00919482e-05 2.88213352e-05 2.76554203e-05
 2.65869232e-05 2.56097760e-05 2.47188669e-05 2.39098528e-05
 2.31790213e-05 2.25231849e-05 2.19396025e-05 2.14259200e-05
 2.09801274e-05 2.06005309e-05 2.02857402e-05 2.00346710e-05
 1.98465645e-05 1.97210226e-05 1.96580458e-05 1.96580458e-05] 
======================
xi= [2.71889813e-05 1.94646927e-03 5.73008249e-03 1.06346495e-02
 1.61586051e-02 2.20853096e-02 2.83426428e-02 3.47422644e-02
 4.11761438e-02 4.75596634e-02 5.38243011e-02 5.99136293e-02
 6.57806598e-02 7.13859630e-02 7.66962832e-02 8.16834935e-02
 8.63237880e-02 9.05970445e-02 9.44863090e-02 9.79773657e-02
 1.01058361e-01 1.03719454e-01 1.05952468e-01 1.07750513e-01
 1.09107560e-01 1.10017977e-01 1.10476102e-01 1.10476102e-01] 
======================
tf_hrs= 2.3055574 
======================
rpt= [4.9940332528657184e-05, 4.9880665057314365e-05, 4.9820997585971546e-05, 4.976133011462873e-05, 4.970166264328591e-05, 4.964199517194309e-05, 4.958232770060027e-05, 4.952266022925745e-05, 4.9462992757914634e-05, 4.9403325286571816e-05, 4.9343657815229e-05, 4.928399034388618e-05, 4.922432287254336e-05, 4.916465540120054e-05, 4.910498792985772e-05, 4.9045320458514904e-05, 4.8985652987172085e-05, 4.8925985515829266e-05, 4.886631804448645e-05, 4.880665057314363e-05, 4.874698310180081e-05, 4.868731563045799e-05, 4.862764815911517e-05, 4.8567980687772354e-05, 4.8508313216429535e-05, 4.844864574508672e-05, 4.83889782737439e-05, 4.832931080240108e-05, 4.826964333105826e-05, 4.820997585971544e-05, 4.815030838837262e-05, 4.8090640917029805e-05, 4.8030973445686986e-05, 4.797130597434417e-05, 4.791163850300135e-05, 4.785197103165853e-05, 4.779230356031571e-05, 4.773263608897289e-05, 4.7672968617630074e-05, 4.7613301146287255e-05, 4.7553633674944436e-05, 4.749396620360162e-05, 4.74342987322588e-05, 4.737463126091598e-05, 4.731496378957316e-05, 4.725529631823034e-05, 4.7195628846887524e-05, 4.7135961375544706e-05, 4.707629390420189e-05, 4.701662643285907e-05, 4.695695896151625e-05, 4.689729149017343e-05, 4.683762401883061e-05, 4.6777956547487794e-05, 4.6718289076144975e-05, 4.6658621604802156e-05, 4.659895413345934e-05, 4.653928666211652e-05, 4.64796191907737e-05, 4.641995171943088e-05, 4.636028424808806e-05, 4.6300616776745244e-05, 4.6240949305402426e-05, 4.618128183405961e-05, 4.612161436271679e-05, 4.606194689137397e-05, 4.600227942003115e-05, 4.594261194868833e-05, 4.5882944477345513e-05, 4.5823277006002695e-05, 4.5763609534659876e-05, 4.570394206331706e-05, 4.564427459197424e-05, 4.558460712063142e-05, 4.55249396492886e-05, 4.546527217794578e-05, 4.5405604706602964e-05, 4.5345937235260145e-05, 4.528626976391733e-05, 4.522660229257451e-05, 4.516693482123169e-05, 4.510726734988887e-05, 4.504759987854605e-05, 4.498793240720323e-05, 4.4928264935860415e-05, 4.4868597464517596e-05, 4.480892999317478e-05, 4.474926252183196e-05, 4.468959505048914e-05, 4.462992757914632e-05, 4.45702601078035e-05, 4.4510592636460684e-05, 4.4450925165117865e-05, 4.4391257693775046e-05, 4.433159022243223e-05, 4.427192275108941e-05, 4.421225527974659e-05, 4.415258780840377e-05, 4.409292033706095e-05, 4.4033252865718134e-05, 4.3973585394375316e-05, 4.39139179230325e-05, 4.385425045168968e-05, 4.379458298034686e-05, 4.373491550900404e-05, 4.367524803766122e-05, 4.3615580566318404e-05, 4.3555913094975585e-05, 4.3496245623632766e-05, 4.343657815228995e-05, 4.337691068094713e-05, 4.331724320960431e-05, 4.325757573826149e-05, 4.319790826691867e-05, 4.3138240795575854e-05, 4.3078573324233035e-05, 4.301890585289022e-05, 4.29592383815474e-05, 4.289957091020458e-05, 4.283990343886176e-05, 4.278023596751894e-05, 4.272056849617612e-05, 4.2660901024833305e-05, 4.2601233553490486e-05, 4.254156608214767e-05, 4.248189861080485e-05, 4.242223113946203e-05, 4.236256366811921e-05, 4.230289619677639e-05, 4.2243228725433574e-05, 4.2183561254090755e-05, 4.2123893782747937e-05, 4.206422631140512e-05, 4.20045588400623e-05, 4.194489136871948e-05, 4.188522389737666e-05, 4.182555642603384e-05, 4.1765888954691024e-05, 4.1706221483348206e-05, 4.164655401200539e-05, 4.158688654066257e-05, 4.152721906931975e-05, 4.146755159797693e-05, 4.140788412663411e-05, 4.1348216655291294e-05, 4.1288549183948475e-05, 4.1228881712605656e-05, 4.116921424126284e-05, 4.110954676992002e-05, 4.10498792985772e-05, 4.099021182723438e-05, 4.093054435589156e-05, 4.0870876884548744e-05, 4.0811209413205926e-05, 4.075154194186311e-05, 4.069187447052029e-05, 4.063220699917747e-05, 4.057253952783465e-05, 4.051287205649183e-05, 4.0453204585149013e-05, 4.0393537113806195e-05, 4.0333869642463376e-05, 4.027420217112056e-05, 4.021453469977774e-05, 4.015486722843492e-05, 4.00951997570921e-05, 4.003553228574928e-05, 3.9975864814406464e-05, 3.9916197343063645e-05, 3.985652987172083e-05, 3.979686240037801e-05, 3.973719492903519e-05, 3.967752745769237e-05, 3.961785998634955e-05, 3.955819251500673e-05, 3.9498525043663915e-05, 3.9438857572321096e-05, 3.937919010097828e-05, 3.931952262963546e-05, 3.925985515829264e-05, 3.920018768694982e-05, 3.9140520215607e-05, 3.9080852744264184e-05, 3.9021185272921365e-05, 3.8961517801578546e-05, 3.890185033023573e-05, 3.884218285889291e-05, 3.878251538755009e-05, 3.872284791620727e-05, 3.866318044486445e-05, 3.8603512973521634e-05, 3.8543845502178816e-05, 3.8484178030836e-05, 3.842451055949318e-05, 3.836484308815036e-05, 3.830517561680754e-05, 3.824550814546472e-05, 3.8185840674121904e-05, 3.8126173202779085e-05, 3.8066505731436266e-05, 3.800683826009345e-05, 3.794717078875063e-05, 3.788750331740781e-05, 3.782783584606499e-05, 3.776816837472217e-05, 3.7708500903379354e-05, 3.7648833432036535e-05, 3.758916596069372e-05, 3.75294984893509e-05, 3.746983101800808e-05, 3.741016354666526e-05, 3.735049607532244e-05, 3.7290828603979623e-05, 3.7231161132636805e-05, 3.7171493661293986e-05, 3.711182618995117e-05, 3.705215871860835e-05, 3.699249124726553e-05, 3.693282377592271e-05, 3.687315630457989e-05, 3.6813488833237074e-05, 3.6753821361894255e-05, 3.6694153890551437e-05, 3.663448641920862e-05, 3.65748189478658e-05, 3.651515147652298e-05, 3.645548400518016e-05, 3.639581653383734e-05, 3.6336149062494525e-05, 3.6276481591151706e-05, 3.621681411980889e-05, 3.615714664846607e-05, 3.609747917712325e-05, 3.603781170578043e-05, 3.597814423443761e-05, 3.5918476763094794e-05, 3.5858809291751975e-05, 3.5799141820409156e-05, 3.573947434906634e-05, 3.567980687772352e-05, 3.56201394063807e-05, 3.556047193503788e-05, 3.550080446369506e-05, 3.5441136992352244e-05, 3.5381469521009426e-05, 3.532180204966661e-05, 3.526213457832379e-05, 3.520246710698097e-05, 3.514279963563815e-05, 3.508313216429533e-05, 3.5023464692952514e-05, 3.4963797221609695e-05, 3.4904129750266876e-05, 3.484446227892406e-05, 3.478479480758124e-05, 3.472512733623842e-05, 3.46654598648956e-05, 3.460579239355278e-05, 3.4546124922209964e-05, 3.4486457450867145e-05, 3.442678997952433e-05, 3.436712250818151e-05, 3.430745503683869e-05, 3.424778756549587e-05, 3.418812009415305e-05, 3.412845262281023e-05, 3.4068785151467415e-05, 3.4009117680124596e-05, 3.394945020878178e-05, 3.388978273743896e-05, 3.383011526609614e-05, 3.377044779475332e-05, 3.37107803234105e-05, 3.3651112852067684e-05, 3.3591445380724865e-05, 3.3531777909382047e-05, 3.347211043803923e-05, 3.341244296669641e-05, 3.335277549535359e-05, 3.329310802401077e-05, 3.323344055266795e-05, 3.3173773081325134e-05, 3.3114105609982316e-05, 3.30544381386395e-05, 3.299477066729668e-05, 3.293510319595386e-05, 3.287543572461104e-05, 3.281576825326822e-05, 3.2756100781925404e-05, 3.2696433310582585e-05, 3.2636765839239766e-05, 3.257709836789695e-05, 3.251743089655413e-05, 3.245776342521131e-05, 3.239809595386849e-05, 3.233842848252567e-05, 3.2278761011182854e-05, 3.2219093539840036e-05, 3.215942606849722e-05, 3.20997585971544e-05, 3.204009112581158e-05, 3.198042365446876e-05, 3.192075618312594e-05, 3.1861088711783123e-05, 3.1801421240440305e-05, 3.1741753769097486e-05, 3.168208629775467e-05, 3.162241882641185e-05, 3.156275135506903e-05, 3.150308388372621e-05, 3.144341641238339e-05, 3.1383748941040574e-05, 3.1324081469697755e-05, 3.126441399835494e-05, 3.120474652701212e-05, 3.11450790556693e-05, 3.108541158432648e-05, 3.102574411298366e-05, 3.096607664164084e-05, 3.0906409170298025e-05, 3.0846741698955206e-05, 3.078707422761239e-05, 3.072740675626957e-05, 3.066773928492675e-05, 3.060807181358393e-05, 3.054840434224111e-05, 3.048873687089829e-05, 3.042906939955547e-05, 3.0369401928212646e-05, 3.0309734456869824e-05, 3.0250066985527002e-05, 3.019039951418418e-05, 3.0130732042841358e-05, 3.0071064571498536e-05, 3.0011397100155714e-05, 2.9951729628812892e-05, 2.989206215747007e-05, 2.9832394686127248e-05, 2.9772727214784426e-05, 2.9713059743441604e-05, 2.965339227209878e-05, 2.959372480075596e-05, 2.9534057329413137e-05, 2.9474389858070315e-05, 2.9414722386727493e-05, 2.935505491538467e-05, 2.929538744404185e-05, 2.9235719972699027e-05, 2.9176052501356205e-05, 2.9116385030013383e-05, 2.905671755867056e-05, 2.899705008732774e-05, 2.8937382615984917e-05, 2.8877715144642095e-05, 2.8818047673299272e-05, 2.875838020195645e-05, 2.869871273061363e-05, 2.8639045259270806e-05, 2.8579377787927984e-05, 2.8519710316585162e-05, 2.846004284524234e-05, 2.8400375373899518e-05, 2.8340707902556696e-05, 2.8281040431213874e-05, 2.8221372959871052e-05, 2.816170548852823e-05, 2.8102038017185408e-05, 2.8042370545842586e-05, 2.7982703074499764e-05, 2.792303560315694e-05, 2.786336813181412e-05, 2.7803700660471297e-05, 2.7744033189128475e-05, 2.7684365717785653e-05, 2.762469824644283e-05, 2.756503077510001e-05, 2.7505363303757187e-05, 2.7445695832414365e-05, 2.7386028361071543e-05, 2.732636088972872e-05, 2.72666934183859e-05, 2.7207025947043077e-05, 2.7147358475700255e-05, 2.7087691004357432e-05, 2.702802353301461e-05, 2.696835606167179e-05, 2.6908688590328966e-05, 2.6849021118986144e-05, 2.6789353647643322e-05, 2.67296861763005e-05, 2.6670018704957678e-05, 2.6610351233614856e-05, 2.6550683762272034e-05, 2.6491016290929212e-05, 2.643134881958639e-05, 2.6371681348243568e-05, 2.6312013876900746e-05, 2.6252346405557924e-05, 2.61926789342151e-05, 2.613301146287228e-05, 2.6073343991529457e-05, 2.6013676520186635e-05, 2.5954009048843813e-05, 2.589434157750099e-05, 2.583467410615817e-05, 2.5775006634815347e-05, 2.5715339163472525e-05, 2.5655671692129703e-05, 2.559600422078688e-05, 2.553633674944406e-05, 2.5476669278101237e-05, 2.5417001806758415e-05, 2.5357334335415593e-05, 2.529766686407277e-05, 2.523799939272995e-05, 2.5178331921387126e-05, 2.5118664450044304e-05, 2.5058996978701482e-05, 2.499932950735866e-05, 2.4939662036015838e-05, 2.4879994564673016e-05, 2.4820327093330194e-05, 2.4760659621987372e-05, 2.470099215064455e-05, 2.4641324679301728e-05, 2.4581657207958906e-05, 2.4521989736616084e-05, 2.446232226527326e-05, 2.440265479393044e-05, 2.4342987322587617e-05, 2.4283319851244795e-05, 2.4223652379901973e-05, 2.416398490855915e-05, 2.410431743721633e-05, 2.4044649965873507e-05, 2.3984982494530685e-05, 2.3925315023187863e-05, 2.386564755184504e-05, 2.380598008050222e-05, 2.3746312609159397e-05, 2.3686645137816575e-05, 2.3626977666473753e-05, 2.356731019513093e-05, 2.350764272378811e-05, 2.3447975252445286e-05, 2.3388307781102464e-05, 2.3328640309759642e-05, 2.326897283841682e-05, 2.3209305367073998e-05, 2.3149637895731176e-05, 2.3089970424388354e-05, 2.3030302953045532e-05, 2.297063548170271e-05, 2.2910968010359888e-05, 2.2851300539017066e-05, 2.2791633067674244e-05, 2.273196559633142e-05, 2.26722981249886e-05, 2.2612630653645777e-05, 2.2552963182302955e-05, 2.2493295710960133e-05, 2.243362823961731e-05, 2.237396076827449e-05, 2.2314293296931667e-05, 2.2254625825588845e-05, 2.2194958354246023e-05, 2.21352908829032e-05, 2.207562341156038e-05, 2.2015955940217557e-05, 2.1956288468874735e-05, 2.1896620997531913e-05, 2.183695352618909e-05, 2.177728605484627e-05, 2.1717618583503446e-05, 2.1657951112160624e-05, 2.1598283640817802e-05, 2.153861616947498e-05, 2.1478948698132158e-05, 2.1419281226789336e-05, 2.1359613755446514e-05, 2.1299946284103692e-05, 2.124027881276087e-05, 2.1180611341418048e-05, 2.1120943870075226e-05, 2.1061276398732404e-05, 2.100160892738958e-05, 2.094194145604676e-05, 2.0882273984703937e-05, 2.0822606513361115e-05, 2.0762939042018293e-05, 2.070327157067547e-05, 2.064360409933265e-05, 2.0583936627989827e-05, 2.0524269156647005e-05, 2.0464601685304183e-05, 2.040493421396136e-05, 2.034526674261854e-05, 2.0285599271275717e-05, 2.0225931799932895e-05, 2.0166264328590073e-05, 2.010659685724725e-05, 2.004692938590443e-05, 1.9987261914561606e-05, 1.9927594443218784e-05, 1.9867926971875962e-05, 1.980825950053314e-05, 1.9748592029190318e-05, 1.9688924557847496e-05, 1.9629257086504674e-05, 1.9569589615161852e-05, 1.950992214381903e-05, 1.9450254672476208e-05, 1.9390587201133386e-05, 1.9330919729790564e-05, 1.927125225844774e-05, 1.921158478710492e-05, 1.9151917315762097e-05, 1.9092249844419275e-05, 1.9032582373076453e-05, 1.897291490173363e-05, 1.891324743039081e-05, 1.8853579959047987e-05, 1.8793912487705165e-05, 1.8734245016362343e-05, 1.867457754501952e-05, 1.86149100736767e-05, 1.8555242602333877e-05, 1.8495575130991055e-05, 1.8435907659648233e-05, 1.837624018830541e-05, 1.831657271696259e-05, 1.8256905245619766e-05, 1.8197237774276944e-05, 1.8137570302934122e-05, 1.80779028315913e-05, 1.8018235360248478e-05, 1.7958567888905656e-05, 1.7898900417562834e-05, 1.7839232946220012e-05, 1.777956547487719e-05, 1.7719898003534368e-05, 1.7660230532191546e-05, 1.7600563060848724e-05, 1.75408955895059e-05, 1.748122811816308e-05, 1.7421560646820257e-05, 1.7361893175477435e-05, 1.7302225704134613e-05, 1.724255823279179e-05, 1.718289076144897e-05, 1.7123223290106147e-05, 1.7063555818763325e-05, 1.7003888347420503e-05, 1.694422087607768e-05, 1.688455340473486e-05, 1.6824885933392037e-05, 1.6765218462049215e-05, 1.6705550990706393e-05, 1.664588351936357e-05, 1.658621604802075e-05, 1.6526548576677926e-05, 1.6466881105335104e-05, 1.6407213633992282e-05, 1.634754616264946e-05, 1.6287878691306638e-05, 1.6228211219963816e-05, 1.6168543748620994e-05, 1.6108876277278172e-05, 1.604920880593535e-05, 1.5989541334592528e-05, 1.5929873863249706e-05, 1.5870206391906884e-05, 1.581053892056406e-05, 1.575087144922124e-05, 1.5691203977878417e-05, 1.5631536506535595e-05, 1.5571869035192773e-05, 1.551220156384995e-05, 1.545253409250713e-05, 1.5392866621164307e-05, 1.5333199149821485e-05, 1.5273531678478663e-05, 1.521386420713584e-05, 1.5154196735793019e-05, 1.5094529264450197e-05, 1.5034861793107375e-05, 1.4975194321764553e-05, 1.491552685042173e-05, 1.4855859379078908e-05, 1.4796191907736086e-05, 1.4736524436393264e-05, 1.4676856965050442e-05, 1.461718949370762e-05, 1.4557522022364798e-05, 1.4497854551021976e-05, 1.4438187079679154e-05, 1.4378519608336332e-05, 1.431885213699351e-05, 1.4259184665650688e-05, 1.4199517194307866e-05, 1.4139849722965044e-05, 1.4080182251622221e-05, 1.40205147802794e-05, 1.3960847308936577e-05, 1.3901179837593755e-05, 1.3841512366250933e-05, 1.3781844894908111e-05, 1.3722177423565289e-05, 1.3662509952222467e-05, 1.3602842480879645e-05, 1.3543175009536823e-05, 1.3483507538194e-05, 1.3423840066851179e-05, 1.3364172595508357e-05, 1.3304505124165535e-05, 1.3244837652822713e-05, 1.318517018147989e-05, 1.3125502710137068e-05, 1.3065835238794246e-05, 1.3006167767451424e-05, 1.2946500296108602e-05, 1.288683282476578e-05, 1.2827165353422958e-05, 1.2767497882080136e-05, 1.2707830410737314e-05, 1.2648162939394492e-05, 1.258849546805167e-05, 1.2528827996708848e-05, 1.2469160525366026e-05, 1.2409493054023204e-05, 1.2349825582680381e-05, 1.229015811133756e-05, 1.2230490639994737e-05, 1.2170823168651915e-05, 1.2111155697309093e-05, 1.2051488225966271e-05, 1.1991820754623449e-05, 1.1932153283280627e-05, 1.1872485811937805e-05, 1.1812818340594983e-05, 1.175315086925216e-05, 1.1693483397909339e-05, 1.1633815926566517e-05, 1.1574148455223695e-05, 1.1514480983880873e-05, 1.145481351253805e-05, 1.1395146041195228e-05, 1.1335478569852406e-05, 1.1275811098509584e-05, 1.1216143627166762e-05, 1.115647615582394e-05, 1.1096808684481118e-05, 1.1037141213138296e-05, 1.0977473741795474e-05, 1.0917806270452652e-05, 1.085813879910983e-05, 1.0798471327767008e-05, 1.0738803856424186e-05, 1.0679136385081364e-05, 1.0619468913738541e-05, 1.055980144239572e-05, 1.0500133971052897e-05, 1.0440466499710075e-05, 1.0380799028367253e-05, 1.0321131557024431e-05, 1.0261464085681609e-05, 1.0201796614338787e-05, 1.0142129142995965e-05, 1.0082461671653143e-05, 1.002279420031032e-05, 9.963126728967499e-06, 9.903459257624677e-06, 9.843791786281855e-06, 9.784124314939033e-06, 9.72445684359621e-06, 9.664789372253388e-06, 9.605121900910566e-06, 9.545454429567744e-06, 9.485786958224922e-06, 9.4261194868821e-06, 9.366452015539278e-06, 9.306784544196456e-06, 9.247117072853634e-06, 9.187449601510812e-06, 9.12778213016799e-06, 9.068114658825168e-06, 9.008447187482346e-06, 8.948779716139524e-06, 8.889112244796702e-06, 8.82944477345388e-06, 8.769777302111057e-06, 8.710109830768235e-06, 8.650442359425413e-06, 8.590774888082591e-06, 8.531107416739769e-06, 8.471439945396947e-06, 8.411772474054125e-06, 8.352105002711303e-06, 8.29243753136848e-06, 8.232770060025659e-06, 8.173102588682837e-06, 8.113435117340015e-06, 8.053767645997193e-06, 7.99410017465437e-06, 7.934432703311548e-06, 7.874765231968726e-06, 7.815097760625904e-06, 7.755430289283082e-06, 7.69576281794026e-06, 7.636095346597438e-06, 7.576427875254617e-06, 7.516760403911796e-06, 7.457092932568974e-06, 7.397425461226153e-06, 7.337757989883332e-06, 7.278090518540511e-06, 7.2184230471976895e-06, 7.158755575854868e-06, 7.099088104512047e-06, 7.039420633169226e-06, 6.979753161826405e-06, 6.920085690483583e-06, 6.860418219140762e-06, 6.800750747797941e-06, 6.74108327645512e-06, 6.6814158051122985e-06, 6.621748333769477e-06, 6.562080862426656e-06, 6.502413391083835e-06, 6.442745919741014e-06, 6.383078448398192e-06, 6.323410977055371e-06, 6.26374350571255e-06, 6.204076034369729e-06, 6.1444085630269075e-06, 6.084741091684086e-06, 6.025073620341265e-06, 5.965406148998444e-06, 5.905738677655623e-06, 5.846071206312801e-06, 5.78640373496998e-06, 5.726736263627159e-06, 5.667068792284338e-06, 5.6074013209415165e-06, 5.547733849598695e-06, 5.488066378255874e-06, 5.428398906913053e-06, 5.368731435570232e-06, 5.30906396422741e-06, 5.249396492884589e-06, 5.189729021541768e-06, 5.130061550198947e-06, 5.0703940788561255e-06, 5.010726607513304e-06, 4.951059136170483e-06, 4.891391664827662e-06, 4.831724193484841e-06, 4.772056722142019e-06, 4.712389250799198e-06, 4.652721779456377e-06, 4.593054308113556e-06, 4.5333868367707345e-06, 4.473719365427913e-06, 4.414051894085092e-06, 4.354384422742271e-06, 4.29471695139945e-06, 4.235049480056628e-06, 4.175382008713807e-06, 4.115714537370986e-06, 4.056047066028165e-06, 3.9963795946853435e-06, 3.936712123342522e-06, 3.877044651999701e-06, 3.81737718065688e-06, 3.7577097093140582e-06, 3.6980422379712366e-06, 3.638374766628415e-06, 3.5787072952855933e-06, 3.5190398239427716e-06, 3.45937235259995e-06, 3.3997048812571283e-06, 3.3400374099143067e-06, 3.280369938571485e-06, 3.2207024672286634e-06, 3.1610349958858418e-06, 3.10136752454302e-06, 3.0417000532001985e-06, 2.982032581857377e-06, 2.922365110514555e-06, 2.8626976391717335e-06, 2.803030167828912e-06, 2.7433626964860902e-06, 2.6836952251432686e-06, 2.624027753800447e-06, 2.5643602824576253e-06, 2.5046928111148037e-06, 2.445025339771982e-06, 2.3853578684291604e-06, 2.3256903970863387e-06, 2.266022925743517e-06, 2.2063554544006954e-06, 2.146687983057874e-06, 2.087020511715052e-06, 2.0273530403722305e-06, 1.967685569029409e-06, 1.9080180976865872e-06, 1.8483506263437656e-06, 1.788683155000944e-06, 1.7290156836581223e-06, 1.6693482123153006e-06, 1.609680740972479e-06, 1.5500132696296573e-06, 1.4903457982868357e-06, 1.430678326944014e-06, 1.3710108556011924e-06, 1.3113433842583708e-06, 1.2516759129155491e-06, 1.1920084415727275e-06, 1.1323409702299058e-06, 1.0726734988870842e-06, 1.0130060275442625e-06, 9.533385562014409e-07, 8.936710848586192e-07, 8.340036135157976e-07, 7.74336142172976e-07, 7.146686708301543e-07, 6.550011994873327e-07, 5.95333728144511e-07, 5.356662568016894e-07, 4.759987854588678e-07] 
======================
counter_t= [  0  10  20  30  40  50  60  70  80  90 100 110 120 130 140 150 160 170
 180 190 200 210 220 230 240 250 260 270 280 290 300 310 320 330 340 350
 360 370 380 390 400 410 420 430 440 450 460 470 480 490 500 510 520 530
 540 550 560 570 580 590 600 610 620 630 640 650 660 670 680 690 700 710
 720 730 740 750 760 770 780 790 800 810 820] 
======================
