
=========2023-07-03===
CMTS= [0.1717904  0.13604446 0.11952664 0.10864966 0.1005155  0.09402645
 0.08864397 0.08406641 0.08010783 0.07664411 0.0735883  0.07087707
 0.06846288 0.06630917 0.06438726 0.06267428 0.06115182 0.05980487
 0.05862113 0.05759053 0.05670478 0.0559571  0.05534197 0.05485498
 0.05449269 0.05425257 0.05413294 0.05413294] 
======================
CH2= [1.71790398 1.71791718 1.71792332 1.71792733 1.71793027 1.71793255
 1.71793437 1.71793585 1.71793708 1.71793809 1.71793895 1.71793966
 1.71794026 1.71794075 1.71794116 1.7179415  1.71794178 1.717942
 1.71794218 1.71794231 1.71794242 1.71794249 1.71794254 1.71794257
 1.71794259 1.7179426  1.7179426  1.7179426 ] 
======================
CHCl= [0.         0.05304624 0.07755948 0.09370206 0.10577429 0.11540511
 0.12339367 0.13018764 0.13606294 0.14120376 0.14573917 0.14976315
 0.15334626 0.15654275 0.1593952  0.16193752 0.16419709 0.16619615
 0.16795297 0.1694825  0.17079704 0.17190667 0.17281957 0.1735423
 0.17407995 0.17443629 0.17461383 0.17461383] 
======================
phi= [9.51997571e-07 8.08064668e-06 1.40251382e-05 1.91935048e-05
 2.38460645e-05 2.81249482e-05 3.20197562e-05 3.55565101e-05
 3.88148511e-05 4.18134917e-05 4.45713492e-05 4.71059392e-05
 4.94316635e-05 5.15618859e-05 5.35068869e-05 5.52766617e-05
 5.68784746e-05 5.83188900e-05 5.96029088e-05 6.07334228e-05
 6.17207206e-05 6.25704885e-05 6.32823597e-05 6.38596786e-05
 6.43024564e-05 6.46075880e-05 6.47640508e-05 6.47640508e-05] 
======================
d= [4.95240012e-05 4.59596767e-05 4.29874309e-05 4.04032476e-05
 3.80769677e-05 3.59375259e-05 3.39901219e-05 3.22217449e-05
 3.05925745e-05 2.90932541e-05 2.77143254e-05 2.64470304e-05
 2.52841683e-05 2.42190570e-05 2.32465566e-05 2.23616692e-05
 2.15607627e-05 2.08405550e-05 2.01985456e-05 1.96332886e-05
 1.91396397e-05 1.87147557e-05 1.83588201e-05 1.80701607e-05
 1.78487718e-05 1.76962060e-05 1.76179746e-05 1.76179746e-05] 
======================
xi= [2.71889813e-05 1.95890552e-03 5.90113502e-03 1.10517188e-02
 1.70590438e-02 2.37303813e-02 3.07579436e-02 3.79279624e-02
 4.51977800e-02 5.24510427e-02 5.95981550e-02 6.65690852e-02
 7.33046807e-02 7.97588424e-02 8.58896082e-02 9.16652799e-02
 9.70548260e-02 1.02032788e-01 1.06575202e-01 1.10656459e-01
 1.14283421e-01 1.17451981e-01 1.20139712e-01 1.22341756e-01
 1.24044177e-01 1.25224213e-01 1.25831468e-01 1.25831468e-01] 
======================
tf_hrs= 2.3055574 
======================
rpt= [4.997016626432859e-05, 4.994033252865718e-05, 4.9910498792985764e-05, 4.988066505731435e-05, 4.985083132164294e-05, 4.9820997585971526e-05, 4.979116385030011e-05, 4.97613301146287e-05, 4.973149637895729e-05, 4.9701662643285875e-05, 4.967182890761446e-05, 4.964199517194305e-05, 4.961216143627164e-05, 4.9582327700600224e-05, 4.955249396492881e-05, 4.95226602292574e-05, 4.9492826493585986e-05, 4.946299275791457e-05, 4.943315902224316e-05, 4.940332528657175e-05, 4.9373491550900335e-05, 4.934365781522892e-05, 4.931382407955751e-05, 4.92839903438861e-05, 4.9254156608214684e-05, 4.922432287254327e-05, 4.919448913687186e-05, 4.9164655401200446e-05, 4.913482166552903e-05, 4.910498792985762e-05, 4.907515419418621e-05, 4.9045320458514795e-05, 4.901548672284338e-05, 4.898565298717197e-05, 4.895581925150056e-05, 4.8925985515829144e-05, 4.889615178015773e-05, 4.886631804448632e-05, 4.8836484308814906e-05, 4.880665057314349e-05, 4.877681683747208e-05, 4.874698310180067e-05, 4.8717149366129255e-05, 4.868731563045784e-05, 4.865748189478643e-05, 4.862764815911502e-05, 4.8597814423443604e-05, 4.856798068777219e-05, 4.853814695210078e-05, 4.8508313216429366e-05, 4.847847948075795e-05, 4.844864574508654e-05, 4.841881200941513e-05, 4.8388978273743715e-05, 4.83591445380723e-05, 4.832931080240089e-05, 4.829947706672948e-05, 4.8269643331058064e-05, 4.823980959538665e-05, 4.820997585971524e-05, 4.8180142124043826e-05, 4.815030838837241e-05, 4.8120474652701e-05, 4.809064091702959e-05, 4.8060807181358175e-05, 4.803097344568676e-05, 4.800113971001535e-05, 4.797130597434394e-05, 4.7941472238672524e-05, 4.791163850300111e-05, 4.78818047673297e-05, 4.7851971031658286e-05, 4.782213729598687e-05, 4.779230356031546e-05, 4.776246982464405e-05, 4.7732636088972635e-05, 4.770280235330122e-05, 4.767296861762981e-05, 4.76431348819584e-05, 4.7613301146286984e-05, 4.758346741061557e-05, 4.755363367494416e-05, 4.7523799939272746e-05, 4.749396620360133e-05, 4.746413246792992e-05, 4.743429873225851e-05, 4.7404464996587095e-05, 4.737463126091568e-05, 4.734479752524427e-05, 4.731496378957286e-05, 4.7285130053901444e-05, 4.725529631823003e-05, 4.722546258255862e-05, 4.7195628846887206e-05, 4.716579511121579e-05, 4.713596137554438e-05, 4.710612763987297e-05, 4.7076293904201555e-05, 4.704646016853014e-05, 4.701662643285873e-05, 4.698679269718732e-05, 4.6956958961515904e-05, 4.692712522584449e-05, 4.689729149017308e-05, 4.6867457754501666e-05, 4.683762401883025e-05, 4.680779028315884e-05, 4.677795654748743e-05, 4.6748122811816015e-05, 4.67182890761446e-05, 4.668845534047319e-05, 4.665862160480178e-05, 4.6628787869130364e-05, 4.659895413345895e-05, 4.656912039778754e-05, 4.6539286662116126e-05, 4.650945292644471e-05, 4.64796191907733e-05, 4.644978545510189e-05, 4.6419951719430475e-05, 4.639011798375906e-05, 4.636028424808765e-05, 4.633045051241624e-05, 4.6300616776744824e-05, 4.627078304107341e-05, 4.6240949305402e-05, 4.6211115569730586e-05, 4.618128183405917e-05, 4.615144809838776e-05, 4.612161436271635e-05, 4.6091780627044935e-05, 4.606194689137352e-05, 4.603211315570211e-05, 4.60022794200307e-05, 4.5972445684359284e-05, 4.594261194868787e-05, 4.591277821301646e-05, 4.5882944477345046e-05, 4.585311074167363e-05, 4.582327700600222e-05, 4.579344327033081e-05, 4.5763609534659395e-05, 4.573377579898798e-05, 4.570394206331657e-05, 4.567410832764516e-05, 4.5644274591973744e-05, 4.561444085630233e-05, 4.558460712063092e-05, 4.5554773384959506e-05, 4.552493964928809e-05, 4.549510591361668e-05, 4.546527217794527e-05, 4.5435438442273855e-05, 4.540560470660244e-05, 4.537577097093103e-05, 4.534593723525962e-05, 4.5316103499588204e-05, 4.528626976391679e-05, 4.525643602824538e-05, 4.5226602292573966e-05, 4.519676855690255e-05, 4.516693482123114e-05, 4.513710108555973e-05, 4.5107267349888315e-05, 4.50774336142169e-05, 4.504759987854549e-05, 4.501776614287408e-05, 4.4987932407202664e-05, 4.495809867153125e-05, 4.492826493585984e-05, 4.4898431200188426e-05, 4.486859746451701e-05, 4.48387637288456e-05, 4.480892999317419e-05, 4.4779096257502775e-05, 4.474926252183136e-05, 4.471942878615995e-05, 4.468959505048854e-05, 4.4659761314817124e-05, 4.462992757914571e-05, 4.46000938434743e-05, 4.4570260107802886e-05, 4.454042637213147e-05, 4.451059263646006e-05, 4.448075890078865e-05, 4.4450925165117235e-05, 4.442109142944582e-05, 4.439125769377441e-05, 4.4361423958103e-05, 4.4331590222431584e-05, 4.430175648676017e-05, 4.427192275108876e-05, 4.4242089015417346e-05, 4.421225527974593e-05, 4.418242154407452e-05, 4.415258780840311e-05, 4.4122754072731695e-05, 4.409292033706028e-05, 4.406308660138887e-05, 4.403325286571746e-05, 4.4003419130046044e-05, 4.397358539437463e-05, 4.394375165870322e-05, 4.3913917923031806e-05, 4.388408418736039e-05, 4.385425045168898e-05, 4.382441671601757e-05, 4.3794582980346155e-05, 4.376474924467474e-05, 4.373491550900333e-05, 4.370508177333192e-05, 4.3675248037660504e-05, 4.364541430198909e-05, 4.361558056631768e-05, 4.3585746830646266e-05, 4.355591309497485e-05, 4.352607935930344e-05, 4.349624562363203e-05, 4.3466411887960615e-05, 4.34365781522892e-05, 4.340674441661779e-05, 4.337691068094638e-05, 4.3347076945274964e-05, 4.331724320960355e-05, 4.328740947393214e-05, 4.3257575738260726e-05, 4.322774200258931e-05, 4.31979082669179e-05, 4.316807453124649e-05, 4.3138240795575075e-05, 4.310840705990366e-05, 4.307857332423225e-05, 4.304873958856084e-05, 4.3018905852889424e-05, 4.298907211721801e-05, 4.29592383815466e-05, 4.2929404645875186e-05, 4.289957091020377e-05, 4.286973717453236e-05, 4.283990343886095e-05, 4.2810069703189535e-05, 4.278023596751812e-05, 4.275040223184671e-05, 4.27205684961753e-05, 4.2690734760503884e-05, 4.266090102483247e-05, 4.263106728916106e-05, 4.2601233553489646e-05, 4.257139981781823e-05, 4.254156608214682e-05, 4.251173234647541e-05, 4.2481898610803995e-05, 4.245206487513258e-05, 4.242223113946117e-05, 4.239239740378976e-05, 4.2362563668118344e-05, 4.233272993244693e-05, 4.230289619677552e-05, 4.2273062461104106e-05, 4.224322872543269e-05, 4.221339498976128e-05, 4.218356125408987e-05, 4.2153727518418455e-05, 4.212389378274704e-05, 4.209406004707563e-05, 4.206422631140422e-05, 4.2034392575732804e-05, 4.200455884006139e-05, 4.197472510438998e-05, 4.1944891368718566e-05, 4.191505763304715e-05, 4.188522389737574e-05, 4.185539016170433e-05, 4.1825556426032915e-05, 4.17957226903615e-05, 4.176588895469009e-05, 4.1736055219018677e-05, 4.1706221483347264e-05, 4.167638774767585e-05, 4.164655401200444e-05, 4.1616720276333026e-05, 4.158688654066161e-05, 4.15570528049902e-05, 4.152721906931879e-05, 4.1497385333647375e-05, 4.146755159797596e-05, 4.143771786230455e-05, 4.1407884126633137e-05, 4.1378050390961724e-05, 4.134821665529031e-05, 4.13183829196189e-05, 4.1288549183947486e-05, 4.125871544827607e-05, 4.122888171260466e-05, 4.119904797693325e-05, 4.1169214241261835e-05, 4.113938050559042e-05, 4.110954676991901e-05, 4.1079713034247597e-05, 4.1049879298576184e-05, 4.102004556290477e-05, 4.099021182723336e-05, 4.0960378091561946e-05, 4.093054435589053e-05, 4.090071062021912e-05, 4.087087688454771e-05, 4.0841043148876295e-05, 4.081120941320488e-05, 4.078137567753347e-05, 4.0751541941862057e-05, 4.0721708206190644e-05, 4.069187447051923e-05, 4.066204073484782e-05, 4.0632206999176406e-05, 4.060237326350499e-05, 4.057253952783358e-05, 4.054270579216217e-05, 4.0512872056490755e-05, 4.048303832081934e-05, 4.045320458514793e-05, 4.0423370849476517e-05, 4.0393537113805104e-05, 4.036370337813369e-05, 4.033386964246228e-05, 4.0304035906790866e-05, 4.027420217111945e-05, 4.024436843544804e-05, 4.021453469977663e-05, 4.0184700964105215e-05, 4.01548672284338e-05, 4.012503349276239e-05, 4.0095199757090977e-05, 4.0065366021419564e-05, 4.003553228574815e-05, 4.000569855007674e-05, 3.9975864814405326e-05, 3.994603107873391e-05, 3.99161973430625e-05, 3.988636360739109e-05, 3.9856529871719675e-05, 3.982669613604826e-05, 3.979686240037685e-05, 3.9767028664705437e-05, 3.9737194929034024e-05, 3.970736119336261e-05, 3.96775274576912e-05, 3.9647693722019786e-05, 3.961785998634837e-05, 3.958802625067696e-05, 3.955819251500555e-05, 3.9528358779334135e-05, 3.949852504366272e-05, 3.946869130799131e-05, 3.9438857572319897e-05, 3.9409023836648484e-05, 3.937919010097707e-05, 3.934935636530566e-05, 3.9319522629634246e-05, 3.928968889396283e-05, 3.925985515829142e-05, 3.923002142262001e-05, 3.9200187686948595e-05, 3.917035395127718e-05, 3.914052021560577e-05, 3.9110686479934357e-05, 3.9080852744262944e-05, 3.905101900859153e-05, 3.902118527292012e-05, 3.8991351537248706e-05, 3.896151780157729e-05, 3.893168406590588e-05, 3.890185033023447e-05, 3.8872016594563055e-05, 3.884218285889164e-05, 3.881234912322023e-05, 3.8782515387548816e-05, 3.8752681651877404e-05, 3.872284791620599e-05, 3.869301418053458e-05, 3.8663180444863166e-05, 3.863334670919175e-05, 3.860351297352034e-05, 3.857367923784893e-05, 3.8543845502177515e-05, 3.85140117665061e-05, 3.848417803083469e-05, 3.8454344295163276e-05, 3.8424510559491864e-05, 3.839467682382045e-05, 3.836484308814904e-05, 3.8335009352477626e-05, 3.830517561680621e-05, 3.82753418811348e-05, 3.824550814546339e-05, 3.8215674409791975e-05, 3.818584067412056e-05, 3.815600693844915e-05, 3.8126173202777736e-05, 3.8096339467106324e-05, 3.806650573143491e-05, 3.80366719957635e-05, 3.8006838260092086e-05, 3.797700452442067e-05, 3.794717078874926e-05, 3.791733705307785e-05, 3.7887503317406435e-05, 3.785766958173502e-05, 3.782783584606361e-05, 3.7798002110392196e-05, 3.7768168374720784e-05, 3.773833463904937e-05, 3.770850090337796e-05, 3.7678667167706546e-05, 3.764883343203513e-05, 3.761899969636372e-05, 3.758916596069231e-05, 3.7559332225020895e-05, 3.752949848934948e-05, 3.749966475367807e-05, 3.7469831018006656e-05, 3.7439997282335244e-05, 3.741016354666383e-05, 3.738032981099242e-05, 3.7350496075321006e-05, 3.732066233964959e-05, 3.729082860397818e-05, 3.726099486830677e-05, 3.7231161132635355e-05, 3.720132739696394e-05, 3.717149366129253e-05, 3.7141659925621116e-05, 3.7111826189949704e-05, 3.708199245427829e-05, 3.705215871860688e-05, 3.7022324982935466e-05, 3.699249124726405e-05, 3.696265751159264e-05, 3.693282377592123e-05, 3.6902990040249815e-05, 3.68731563045784e-05, 3.684332256890699e-05, 3.6813488833235576e-05, 3.6783655097564164e-05, 3.675382136189275e-05, 3.672398762622134e-05, 3.6694153890549925e-05, 3.666432015487851e-05, 3.66344864192071e-05, 3.660465268353569e-05, 3.6574818947864275e-05, 3.654498521219286e-05, 3.651515147652145e-05, 3.6485317740850036e-05, 3.6455484005178624e-05, 3.642565026950721e-05, 3.63958165338358e-05, 3.6365982798164385e-05, 3.633614906249297e-05, 3.630631532682156e-05, 3.627648159115015e-05, 3.6246647855478735e-05, 3.621681411980732e-05, 3.618698038413591e-05, 3.6157146648464496e-05, 3.6127312912793084e-05, 3.609747917712167e-05, 3.606764544145026e-05, 3.6037811705778845e-05, 3.600797797010743e-05, 3.597814423443602e-05, 3.594831049876461e-05, 3.5918476763093195e-05, 3.588864302742178e-05, 3.585880929175037e-05, 3.5828975556078956e-05, 3.5799141820407544e-05, 3.576930808473613e-05, 3.573947434906472e-05, 3.5709640613393305e-05, 3.567980687772189e-05, 3.564997314205048e-05, 3.562013940637907e-05, 3.5590305670707655e-05, 3.556047193503624e-05, 3.553063819936483e-05, 3.5500804463693416e-05, 3.5470970728022004e-05, 3.544113699235059e-05, 3.541130325667918e-05, 3.5381469521007765e-05, 3.535163578533635e-05, 3.532180204966494e-05, 3.529196831399353e-05, 3.5262134578322115e-05, 3.52323008426507e-05, 3.520246710697929e-05, 3.5172633371307876e-05, 3.5142799635636464e-05, 3.511296589996505e-05, 3.508313216429364e-05, 3.5053298428622225e-05, 3.502346469295081e-05, 3.49936309572794e-05, 3.496379722160799e-05, 3.4933963485936575e-05, 3.490412975026516e-05, 3.487429601459375e-05, 3.4844462278922336e-05, 3.4814628543250924e-05, 3.478479480757951e-05, 3.47549610719081e-05, 3.4725127336236685e-05, 3.469529360056527e-05, 3.466545986489386e-05, 3.463562612922245e-05, 3.4605792393551034e-05, 3.457595865787962e-05, 3.454612492220821e-05, 3.4516291186536796e-05, 3.4486457450865384e-05, 3.445662371519397e-05, 3.442678997952256e-05, 3.4396956243851145e-05, 3.436712250817973e-05, 3.433728877250832e-05, 3.430745503683691e-05, 3.4277621301165494e-05, 3.424778756549408e-05, 3.421795382982267e-05, 3.4188120094151256e-05, 3.4158286358479844e-05, 3.412845262280843e-05, 3.409861888713702e-05, 3.4068785151465605e-05, 3.403895141579419e-05, 3.400911768012278e-05, 3.397928394445137e-05, 3.3949450208779954e-05, 3.391961647310854e-05, 3.388978273743713e-05, 3.3859949001765716e-05, 3.3830115266094304e-05, 3.380028153042289e-05, 3.377044779475148e-05, 3.3740614059080065e-05, 3.371078032340865e-05, 3.368094658773724e-05, 3.365111285206583e-05, 3.3621279116394414e-05, 3.3591445380723e-05, 3.356161164505159e-05, 3.3531777909380176e-05, 3.3501944173708764e-05, 3.347211043803735e-05, 3.344227670236594e-05, 3.3412442966694525e-05, 3.338260923102311e-05, 3.33527754953517e-05, 3.332294175968029e-05, 3.3293108024008874e-05, 3.326327428833746e-05, 3.323344055266605e-05, 3.3203606816994636e-05, 3.3173773081323224e-05, 3.314393934565181e-05, 3.31141056099804e-05, 3.3084271874308985e-05, 3.305443813863757e-05, 3.302460440296616e-05, 3.299477066729475e-05, 3.2964936931623334e-05, 3.293510319595192e-05, 3.290526946028051e-05, 3.2875435724609096e-05, 3.2845601988937684e-05, 3.281576825326627e-05, 3.278593451759486e-05, 3.2756100781923445e-05, 3.272626704625203e-05, 3.269643331058062e-05, 3.266659957490921e-05, 3.2636765839237794e-05, 3.260693210356638e-05, 3.257709836789497e-05, 3.2547264632223556e-05, 3.2517430896552144e-05, 3.248759716088073e-05, 3.245776342520932e-05, 3.2427929689537905e-05, 3.239809595386649e-05, 3.236826221819508e-05, 3.233842848252367e-05, 3.2308594746852254e-05, 3.227876101118084e-05, 3.224892727550943e-05, 3.2219093539838016e-05, 3.2189259804166603e-05, 3.215942606849519e-05, 3.212959233282378e-05, 3.2099758597152365e-05, 3.206992486148095e-05, 3.204009112580954e-05, 3.201025739013813e-05, 3.1980423654466714e-05, 3.19505899187953e-05, 3.192075618312389e-05, 3.1890922447452476e-05, 3.1861088711781063e-05, 3.183125497610965e-05, 3.180142124043824e-05, 3.1771587504766825e-05, 3.174175376909541e-05, 3.1711920033424e-05, 3.168208629775259e-05, 3.1652252562081174e-05, 3.162241882640976e-05, 3.159258509073835e-05, 3.1562751355066936e-05, 3.1532917619395523e-05, 3.150308388372411e-05, 3.14732501480527e-05, 3.1443416412381285e-05, 3.141358267670987e-05, 3.138374894103846e-05, 3.135391520536705e-05, 3.1324081469695634e-05, 3.129424773402422e-05, 3.126441399835281e-05, 3.1234580262681396e-05, 3.1204746527009983e-05, 3.117491279133857e-05, 3.114507905566716e-05, 3.1115245319995745e-05, 3.108541158432433e-05, 3.105557784865292e-05, 3.102574411298151e-05, 3.0995910377310094e-05, 3.096607664163868e-05, 3.093624290596727e-05, 3.0906409170295856e-05, 3.0876575434624443e-05, 3.084674169895303e-05, 3.081690796328162e-05, 3.0787074227610205e-05, 3.075724049193879e-05, 3.072740675626738e-05, 3.069757302059597e-05, 3.0667739284924554e-05, 3.063790554925314e-05, 3.060807181358173e-05, 3.0578238077910316e-05, 3.0548404342238903e-05, 3.051857060656749e-05, 3.048873687089608e-05, 3.0458903135224672e-05, 3.0429069399553263e-05, 3.0399235663881853e-05, 3.0369401928210444e-05, 3.0339568192539035e-05, 3.0309734456867625e-05, 3.0279900721196216e-05, 3.0250066985524807e-05, 3.0220233249853397e-05, 3.0190399514181988e-05, 3.016056577851058e-05, 3.013073204283917e-05, 3.010089830716776e-05, 3.007106457149635e-05, 3.004123083582494e-05, 3.0011397100153532e-05, 2.9981563364482123e-05, 2.9951729628810713e-05, 2.9921895893139304e-05, 2.9892062157467895e-05, 2.9862228421796485e-05, 2.9832394686125076e-05, 2.9802560950453667e-05, 2.9772727214782257e-05, 2.9742893479110848e-05, 2.971305974343944e-05, 2.968322600776803e-05, 2.965339227209662e-05, 2.962355853642521e-05, 2.95937248007538e-05, 2.9563891065082392e-05, 2.9534057329410982e-05, 2.9504223593739573e-05, 2.9474389858068164e-05, 2.9444556122396754e-05, 2.9414722386725345e-05, 2.9384888651053936e-05, 2.9355054915382526e-05, 2.9325221179711117e-05, 2.9295387444039708e-05, 2.92655537083683e-05, 2.923571997269689e-05, 2.920588623702548e-05, 2.917605250135407e-05, 2.914621876568266e-05, 2.9116385030011252e-05, 2.9086551294339842e-05, 2.9056717558668433e-05, 2.9026883822997024e-05, 2.8997050087325614e-05, 2.8967216351654205e-05, 2.8937382615982796e-05, 2.8907548880311386e-05, 2.8877715144639977e-05, 2.8847881408968568e-05, 2.8818047673297158e-05, 2.878821393762575e-05, 2.875838020195434e-05, 2.872854646628293e-05, 2.869871273061152e-05, 2.866887899494011e-05, 2.8639045259268702e-05, 2.8609211523597293e-05, 2.8579377787925884e-05, 2.8549544052254474e-05, 2.8519710316583065e-05, 2.8489876580911656e-05, 2.8460042845240246e-05, 2.8430209109568837e-05, 2.8400375373897428e-05, 2.8370541638226018e-05, 2.834070790255461e-05, 2.83108741668832e-05, 2.828104043121179e-05, 2.825120669554038e-05, 2.822137295986897e-05, 2.8191539224197562e-05, 2.8161705488526153e-05, 2.8131871752854743e-05, 2.8102038017183334e-05, 2.8072204281511925e-05, 2.8042370545840515e-05, 2.8012536810169106e-05, 2.7982703074497697e-05, 2.7952869338826287e-05, 2.7923035603154878e-05, 2.789320186748347e-05, 2.786336813181206e-05, 2.783353439614065e-05, 2.780370066046924e-05, 2.777386692479783e-05, 2.7744033189126422e-05, 2.7714199453455013e-05, 2.7684365717783603e-05, 2.7654531982112194e-05, 2.7624698246440785e-05, 2.7594864510769375e-05, 2.7565030775097966e-05, 2.7535197039426557e-05, 2.7505363303755147e-05, 2.7475529568083738e-05, 2.744569583241233e-05, 2.741586209674092e-05, 2.738602836106951e-05, 2.73561946253981e-05, 2.732636088972669e-05, 2.7296527154055282e-05, 2.7266693418383873e-05, 2.7236859682712463e-05, 2.7207025947041054e-05, 2.7177192211369645e-05, 2.7147358475698235e-05, 2.7117524740026826e-05, 2.7087691004355417e-05, 2.7057857268684007e-05, 2.7028023533012598e-05, 2.699818979734119e-05, 2.696835606166978e-05, 2.693852232599837e-05, 2.690868859032696e-05, 2.687885485465555e-05, 2.6849021118984142e-05, 2.6819187383312732e-05, 2.6789353647641323e-05, 2.6759519911969914e-05, 2.6729686176298504e-05, 2.6699852440627095e-05, 2.6670018704955686e-05, 2.6640184969284276e-05, 2.6610351233612867e-05, 2.6580517497941458e-05, 2.655068376227005e-05, 2.652085002659864e-05, 2.649101629092723e-05, 2.646118255525582e-05, 2.643134881958441e-05, 2.6401515083913002e-05, 2.6371681348241592e-05, 2.6341847612570183e-05, 2.6312013876898774e-05, 2.6282180141227364e-05, 2.6252346405555955e-05, 2.6222512669884546e-05, 2.6192678934213136e-05, 2.6162845198541727e-05, 2.6133011462870318e-05, 2.610317772719891e-05, 2.60733439915275e-05, 2.604351025585609e-05, 2.601367652018468e-05, 2.598384278451327e-05, 2.595400904884186e-05, 2.5924175313170452e-05, 2.5894341577499043e-05, 2.5864507841827634e-05, 2.5834674106156224e-05, 2.5804840370484815e-05, 2.5775006634813406e-05, 2.5745172899141996e-05, 2.5715339163470587e-05, 2.5685505427799178e-05, 2.5655671692127768e-05, 2.562583795645636e-05, 2.559600422078495e-05, 2.556617048511354e-05, 2.553633674944213e-05, 2.550650301377072e-05, 2.5476669278099312e-05, 2.5446835542427903e-05, 2.5417001806756493e-05, 2.5387168071085084e-05, 2.5357334335413675e-05, 2.5327500599742265e-05, 2.5297666864070856e-05, 2.5267833128399447e-05, 2.5237999392728037e-05, 2.5208165657056628e-05, 2.517833192138522e-05, 2.514849818571381e-05, 2.51186644500424e-05, 2.508883071437099e-05, 2.505899697869958e-05, 2.5029163243028172e-05, 2.4999329507356763e-05, 2.4969495771685353e-05, 2.4939662036013944e-05, 2.4909828300342535e-05, 2.4879994564671125e-05, 2.4850160828999716e-05, 2.4820327093328307e-05, 2.4790493357656897e-05, 2.4760659621985488e-05, 2.473082588631408e-05, 2.470099215064267e-05, 2.467115841497126e-05, 2.464132467929985e-05, 2.461149094362844e-05, 2.4581657207957032e-05, 2.4551823472285623e-05, 2.4521989736614213e-05, 2.4492156000942804e-05, 2.4462322265271395e-05, 2.4432488529599985e-05, 2.4402654793928576e-05, 2.4372821058257167e-05, 2.4342987322585757e-05, 2.4313153586914348e-05, 2.428331985124294e-05, 2.425348611557153e-05, 2.422365237990012e-05, 2.419381864422871e-05, 2.41639849085573e-05, 2.4134151172885892e-05, 2.4104317437214483e-05, 2.4074483701543073e-05, 2.4044649965871664e-05, 2.4014816230200255e-05, 2.3984982494528845e-05, 2.3955148758857436e-05, 2.3925315023186026e-05, 2.3895481287514617e-05, 2.3865647551843208e-05, 2.38358138161718e-05, 2.380598008050039e-05, 2.377614634482898e-05, 2.374631260915757e-05, 2.371647887348616e-05, 2.3686645137814752e-05, 2.3656811402143342e-05, 2.3626977666471933e-05, 2.3597143930800524e-05, 2.3567310195129114e-05, 2.3537476459457705e-05, 2.3507642723786296e-05, 2.3477808988114886e-05, 2.3447975252443477e-05, 2.3418141516772068e-05, 2.338830778110066e-05, 2.335847404542925e-05, 2.332864030975784e-05, 2.329880657408643e-05, 2.326897283841502e-05, 2.323913910274361e-05, 2.3209305367072202e-05, 2.3179471631400793e-05, 2.3149637895729384e-05, 2.3119804160057974e-05, 2.3089970424386565e-05, 2.3060136688715156e-05, 2.3030302953043746e-05, 2.3000469217372337e-05, 2.2970635481700928e-05, 2.2940801746029518e-05, 2.291096801035811e-05, 2.28811342746867e-05, 2.285130053901529e-05, 2.282146680334388e-05, 2.279163306767247e-05, 2.2761799332001062e-05, 2.2731965596329653e-05, 2.2702131860658244e-05, 2.2672298124986834e-05, 2.2642464389315425e-05, 2.2612630653644016e-05, 2.2582796917972606e-05, 2.2552963182301197e-05, 2.2523129446629787e-05, 2.2493295710958378e-05, 2.246346197528697e-05, 2.243362823961556e-05, 2.240379450394415e-05, 2.237396076827274e-05, 2.234412703260133e-05, 2.2314293296929922e-05, 2.2284459561258513e-05, 2.2254625825587103e-05, 2.2224792089915694e-05, 2.2194958354244285e-05, 2.2165124618572875e-05, 2.2135290882901466e-05, 2.2105457147230057e-05, 2.2075623411558647e-05, 2.2045789675887238e-05, 2.201595594021583e-05, 2.198612220454442e-05, 2.195628846887301e-05, 2.19264547332016e-05, 2.189662099753019e-05, 2.1866787261858782e-05, 2.1836953526187373e-05, 2.1807119790515963e-05, 2.1777286054844554e-05, 2.1747452319173145e-05, 2.1717618583501735e-05, 2.1687784847830326e-05, 2.1657951112158917e-05, 2.1628117376487507e-05, 2.1598283640816098e-05, 2.156844990514469e-05, 2.153861616947328e-05, 2.150878243380187e-05, 2.147894869813046e-05, 2.144911496245905e-05, 2.1419281226787642e-05, 2.1389447491116233e-05, 2.1359613755444823e-05, 2.1329780019773414e-05, 2.1299946284102005e-05, 2.1270112548430595e-05, 2.1240278812759186e-05, 2.1210445077087777e-05, 2.1180611341416367e-05, 2.1150777605744958e-05, 2.112094387007355e-05, 2.109111013440214e-05, 2.106127639873073e-05, 2.103144266305932e-05, 2.100160892738791e-05, 2.0971775191716502e-05, 2.0941941456045092e-05, 2.0912107720373683e-05, 2.0882273984702274e-05, 2.0852440249030864e-05, 2.0822606513359455e-05, 2.0792772777688046e-05, 2.0762939042016636e-05, 2.0733105306345227e-05, 2.0703271570673818e-05, 2.067343783500241e-05, 2.0643604099331e-05, 2.061377036365959e-05, 2.058393662798818e-05, 2.055410289231677e-05, 2.052426915664536e-05, 2.0494435420973952e-05, 2.0464601685302543e-05, 2.0434767949631134e-05, 2.0404934213959724e-05, 2.0375100478288315e-05, 2.0345266742616906e-05, 2.0315433006945496e-05, 2.0285599271274087e-05, 2.0255765535602678e-05, 2.0225931799931268e-05, 2.019609806425986e-05, 2.016626432858845e-05, 2.013643059291704e-05, 2.010659685724563e-05, 2.007676312157422e-05, 2.0046929385902812e-05, 2.0017095650231403e-05, 1.9987261914559994e-05, 1.9957428178888584e-05, 1.9927594443217175e-05, 1.9897760707545766e-05, 1.9867926971874356e-05, 1.9838093236202947e-05, 1.9808259500531538e-05, 1.9778425764860128e-05, 1.974859202918872e-05, 1.971875829351731e-05, 1.96889245578459e-05, 1.965909082217449e-05, 1.962925708650308e-05, 1.9599423350831672e-05, 1.9569589615160263e-05, 1.9539755879488853e-05, 1.9509922143817444e-05, 1.9480088408146035e-05, 1.9450254672474625e-05, 1.9420420936803216e-05, 1.9390587201131807e-05, 1.9360753465460397e-05, 1.9330919729788988e-05, 1.930108599411758e-05, 1.927125225844617e-05, 1.924141852277476e-05, 1.921158478710335e-05, 1.918175105143194e-05, 1.9151917315760532e-05, 1.9122083580089123e-05, 1.9092249844417713e-05, 1.9062416108746304e-05, 1.9032582373074895e-05, 1.9002748637403485e-05, 1.8972914901732076e-05, 1.8943081166060667e-05, 1.8913247430389257e-05, 1.8883413694717848e-05, 1.885357995904644e-05, 1.882374622337503e-05, 1.879391248770362e-05, 1.876407875203221e-05, 1.87342450163608e-05, 1.8704411280689392e-05, 1.8674577545017983e-05, 1.8644743809346573e-05, 1.8614910073675164e-05, 1.8585076338003755e-05, 1.8555242602332345e-05, 1.8525408866660936e-05, 1.8495575130989527e-05, 1.8465741395318117e-05, 1.8435907659646708e-05, 1.84060739239753e-05, 1.837624018830389e-05, 1.834640645263248e-05, 1.831657271696107e-05, 1.828673898128966e-05, 1.8256905245618252e-05, 1.8227071509946842e-05, 1.8197237774275433e-05, 1.8167404038604024e-05, 1.8137570302932614e-05, 1.8107736567261205e-05, 1.8077902831589796e-05, 1.8048069095918386e-05, 1.8018235360246977e-05, 1.7988401624575568e-05, 1.795856788890416e-05, 1.792873415323275e-05, 1.789890041756134e-05, 1.786906668188993e-05, 1.783923294621852e-05, 1.7809399210547112e-05, 1.7779565474875702e-05, 1.7749731739204293e-05, 1.7719898003532884e-05, 1.7690064267861474e-05, 1.7660230532190065e-05, 1.7630396796518656e-05, 1.7600563060847246e-05, 1.7570729325175837e-05, 1.7540895589504428e-05, 1.7511061853833018e-05, 1.748122811816161e-05, 1.74513943824902e-05, 1.742156064681879e-05, 1.739172691114738e-05, 1.736189317547597e-05, 1.7332059439804562e-05, 1.7302225704133153e-05, 1.7272391968461744e-05, 1.7242558232790334e-05, 1.7212724497118925e-05, 1.7182890761447516e-05, 1.7153057025776106e-05, 1.7123223290104697e-05, 1.7093389554433288e-05, 1.7063555818761878e-05, 1.703372208309047e-05, 1.700388834741906e-05, 1.697405461174765e-05, 1.694422087607624e-05, 1.691438714040483e-05, 1.6884553404733422e-05, 1.6854719669062013e-05, 1.6824885933390603e-05, 1.6795052197719194e-05, 1.6765218462047785e-05, 1.6735384726376375e-05, 1.6705550990704966e-05, 1.6675717255033557e-05, 1.6645883519362147e-05, 1.6616049783690738e-05, 1.658621604801933e-05, 1.655638231234792e-05, 1.652654857667651e-05, 1.64967148410051e-05, 1.646688110533369e-05, 1.6437047369662282e-05, 1.6407213633990873e-05, 1.6377379898319463e-05, 1.6347546162648054e-05, 1.6317712426976645e-05, 1.6287878691305235e-05, 1.6258044955633826e-05, 1.6228211219962417e-05, 1.6198377484291007e-05, 1.6168543748619598e-05, 1.613871001294819e-05, 1.610887627727678e-05, 1.607904254160537e-05, 1.604920880593396e-05, 1.601937507026255e-05, 1.5989541334591142e-05, 1.5959707598919733e-05, 1.5929873863248323e-05, 1.5900040127576914e-05, 1.5870206391905505e-05, 1.5840372656234095e-05, 1.5810538920562686e-05, 1.5780705184891277e-05, 1.5750871449219867e-05, 1.5721037713548458e-05, 1.569120397787705e-05, 1.566137024220564e-05, 1.563153650653423e-05, 1.560170277086282e-05, 1.557186903519141e-05, 1.5542035299520002e-05, 1.5512201563848593e-05, 1.5482367828177183e-05, 1.5452534092505774e-05, 1.5422700356834364e-05, 1.5392866621162955e-05, 1.5363032885491546e-05, 1.5333199149820136e-05, 1.5303365414148727e-05, 1.5273531678477318e-05, 1.5243697942805907e-05, 1.5213864207134496e-05, 1.5184030471463085e-05, 1.5154196735791674e-05, 1.5124363000120263e-05, 1.5094529264448852e-05, 1.506469552877744e-05, 1.503486179310603e-05, 1.5005028057434618e-05, 1.4975194321763207e-05, 1.4945360586091796e-05, 1.4915526850420385e-05, 1.4885693114748974e-05, 1.4855859379077563e-05, 1.4826025643406152e-05, 1.4796191907734741e-05, 1.476635817206333e-05, 1.473652443639192e-05, 1.4706690700720508e-05, 1.4676856965049097e-05, 1.4647023229377686e-05, 1.4617189493706275e-05, 1.4587355758034864e-05, 1.4557522022363453e-05, 1.4527688286692042e-05, 1.4497854551020631e-05, 1.446802081534922e-05, 1.4438187079677809e-05, 1.4408353344006398e-05, 1.4378519608334987e-05, 1.4348685872663576e-05, 1.4318852136992165e-05, 1.4289018401320754e-05, 1.4259184665649343e-05, 1.4229350929977932e-05, 1.419951719430652e-05, 1.416968345863511e-05, 1.4139849722963698e-05, 1.4110015987292287e-05, 1.4080182251620876e-05, 1.4050348515949465e-05, 1.4020514780278054e-05, 1.3990681044606643e-05, 1.3960847308935232e-05, 1.3931013573263821e-05, 1.390117983759241e-05, 1.3871346101921e-05, 1.3841512366249588e-05, 1.3811678630578177e-05, 1.3781844894906766e-05, 1.3752011159235355e-05, 1.3722177423563944e-05, 1.3692343687892533e-05, 1.3662509952221122e-05, 1.3632676216549711e-05, 1.36028424808783e-05, 1.3573008745206889e-05, 1.3543175009535478e-05, 1.3513341273864067e-05, 1.3483507538192656e-05, 1.3453673802521245e-05, 1.3423840066849834e-05, 1.3394006331178423e-05, 1.3364172595507012e-05, 1.33343388598356e-05, 1.330450512416419e-05, 1.3274671388492778e-05, 1.3244837652821367e-05, 1.3215003917149956e-05, 1.3185170181478545e-05, 1.3155336445807134e-05, 1.3125502710135723e-05, 1.3095668974464312e-05, 1.3065835238792901e-05, 1.303600150312149e-05, 1.300616776745008e-05, 1.2976334031778668e-05, 1.2946500296107257e-05, 1.2916666560435846e-05, 1.2886832824764435e-05, 1.2856999089093024e-05, 1.2827165353421613e-05, 1.2797331617750202e-05, 1.2767497882078791e-05, 1.273766414640738e-05, 1.2707830410735969e-05, 1.2677996675064558e-05, 1.2648162939393147e-05, 1.2618329203721736e-05, 1.2588495468050325e-05, 1.2558661732378914e-05, 1.2528827996707503e-05, 1.2498994261036092e-05, 1.246916052536468e-05, 1.243932678969327e-05, 1.2409493054021858e-05, 1.2379659318350447e-05, 1.2349825582679036e-05, 1.2319991847007625e-05, 1.2290158111336214e-05, 1.2260324375664803e-05, 1.2230490639993392e-05, 1.2200656904321981e-05, 1.217082316865057e-05, 1.214098943297916e-05, 1.2111155697307748e-05, 1.2081321961636337e-05, 1.2051488225964926e-05, 1.2021654490293515e-05, 1.1991820754622104e-05, 1.1961987018950693e-05, 1.1932153283279282e-05, 1.1902319547607871e-05, 1.187248581193646e-05, 1.1842652076265049e-05, 1.1812818340593638e-05, 1.1782984604922227e-05, 1.1753150869250816e-05, 1.1723317133579405e-05, 1.1693483397907994e-05, 1.1663649662236583e-05, 1.1633815926565172e-05, 1.160398219089376e-05, 1.157414845522235e-05, 1.1544314719550938e-05, 1.1514480983879527e-05, 1.1484647248208116e-05, 1.1454813512536705e-05, 1.1424979776865294e-05, 1.1395146041193883e-05, 1.1365312305522472e-05, 1.1335478569851061e-05, 1.130564483417965e-05, 1.127581109850824e-05, 1.1245977362836828e-05, 1.1216143627165417e-05, 1.1186309891494006e-05, 1.1156476155822595e-05, 1.1126642420151184e-05, 1.1096808684479773e-05, 1.1066974948808362e-05, 1.1037141213136951e-05, 1.100730747746554e-05, 1.0977473741794129e-05, 1.0947640006122718e-05, 1.0917806270451307e-05, 1.0887972534779896e-05, 1.0858138799108485e-05, 1.0828305063437074e-05, 1.0798471327765663e-05, 1.0768637592094252e-05, 1.073880385642284e-05, 1.070897012075143e-05, 1.0679136385080018e-05, 1.0649302649408607e-05, 1.0619468913737196e-05, 1.0589635178065785e-05, 1.0559801442394374e-05, 1.0529967706722963e-05, 1.0500133971051552e-05, 1.0470300235380141e-05, 1.044046649970873e-05, 1.041063276403732e-05, 1.0380799028365908e-05, 1.0350965292694497e-05, 1.0321131557023086e-05, 1.0291297821351675e-05, 1.0261464085680264e-05, 1.0231630350008853e-05, 1.0201796614337442e-05, 1.0171962878666031e-05, 1.014212914299462e-05, 1.0112295407323209e-05, 1.0082461671651798e-05, 1.0052627935980387e-05, 1.0022794200308976e-05, 9.992960464637565e-06, 9.963126728966154e-06, 9.933292993294743e-06, 9.903459257623332e-06, 9.87362552195192e-06, 9.84379178628051e-06, 9.813958050609098e-06, 9.784124314937687e-06, 9.754290579266276e-06, 9.724456843594865e-06, 9.694623107923454e-06, 9.664789372252043e-06, 9.634955636580632e-06, 9.605121900909221e-06, 9.57528816523781e-06, 9.5454544295664e-06, 9.515620693894988e-06, 9.485786958223577e-06, 9.455953222552166e-06, 9.426119486880755e-06, 9.396285751209344e-06, 9.366452015537933e-06, 9.336618279866522e-06, 9.306784544195111e-06, 9.2769508085237e-06, 9.247117072852289e-06, 9.217283337180878e-06, 9.187449601509467e-06, 9.157615865838056e-06, 9.127782130166645e-06, 9.097948394495234e-06, 9.068114658823823e-06, 9.038280923152412e-06, 9.008447187481e-06, 8.97861345180959e-06, 8.948779716138178e-06, 8.918945980466767e-06, 8.889112244795356e-06, 8.859278509123945e-06, 8.829444773452534e-06, 8.799611037781123e-06, 8.769777302109712e-06, 8.739943566438301e-06, 8.71010983076689e-06, 8.68027609509548e-06, 8.650442359424068e-06, 8.620608623752657e-06, 8.590774888081246e-06, 8.560941152409835e-06, 8.531107416738424e-06, 8.501273681067013e-06, 8.471439945395602e-06, 8.441606209724191e-06, 8.41177247405278e-06, 8.381938738381369e-06, 8.352105002709958e-06, 8.322271267038547e-06, 8.292437531367136e-06, 8.262603795695725e-06, 8.232770060024314e-06, 8.202936324352903e-06, 8.173102588681492e-06, 8.14326885301008e-06, 8.11343511733867e-06, 8.083601381667258e-06, 8.053767645995847e-06, 8.023933910324436e-06, 7.994100174653025e-06, 7.964266438981614e-06, 7.934432703310203e-06, 7.904598967638792e-06, 7.874765231967381e-06, 7.84493149629597e-06, 7.81509776062456e-06, 7.785264024953148e-06, 7.755430289281737e-06, 7.725596553610326e-06, 7.695762817938915e-06, 7.665929082267504e-06, 7.636095346596093e-06, 7.606261610924682e-06, 7.576427875253271e-06, 7.54659413958186e-06, 7.516760403910449e-06, 7.486926668239038e-06, 7.457092932567627e-06, 7.427259196896216e-06, 7.397425461224805e-06, 7.367591725553394e-06, 7.337757989881983e-06, 7.307924254210572e-06, 7.2780905185391606e-06, 7.2482567828677495e-06, 7.2184230471963385e-06, 7.1885893115249275e-06, 7.158755575853516e-06, 7.128921840182105e-06, 7.099088104510694e-06, 7.069254368839283e-06, 7.039420633167872e-06, 7.009586897496461e-06, 6.97975316182505e-06, 6.949919426153639e-06, 6.920085690482228e-06, 6.890251954810817e-06, 6.860418219139406e-06, 6.830584483467995e-06, 6.800750747796584e-06, 6.770917012125173e-06, 6.741083276453762e-06, 6.711249540782351e-06, 6.68141580511094e-06, 6.651582069439529e-06, 6.621748333768118e-06, 6.591914598096707e-06, 6.562080862425296e-06, 6.532247126753885e-06, 6.502413391082474e-06, 6.472579655411063e-06, 6.442745919739652e-06, 6.4129121840682406e-06, 6.3830784483968295e-06, 6.3532447127254185e-06, 6.3234109770540075e-06, 6.293577241382596e-06, 6.263743505711185e-06, 6.233909770039774e-06, 6.204076034368363e-06, 6.174242298696952e-06, 6.144408563025541e-06, 6.11457482735413e-06, 6.084741091682719e-06, 6.054907356011308e-06, 6.025073620339897e-06, 5.995239884668486e-06, 5.965406148997075e-06, 5.935572413325664e-06, 5.905738677654253e-06, 5.875904941982842e-06, 5.846071206311431e-06, 5.81623747064002e-06, 5.786403734968609e-06, 5.756569999297198e-06, 5.726736263625787e-06, 5.696902527954376e-06, 5.667068792282965e-06, 5.637235056611554e-06, 5.607401320940143e-06, 5.577567585268732e-06, 5.5477338495973206e-06, 5.5179001139259095e-06, 5.4880663782544985e-06, 5.4582326425830875e-06, 5.428398906911676e-06, 5.398565171240265e-06, 5.368731435568854e-06, 5.338897699897443e-06, 5.309063964226032e-06, 5.279230228554621e-06, 5.24939649288321e-06, 5.219562757211799e-06, 5.189729021540388e-06, 5.159895285868977e-06, 5.130061550197566e-06, 5.100227814526155e-06, 5.070394078854744e-06, 5.040560343183333e-06, 5.010726607511922e-06, 4.980892871840511e-06, 4.9510591361691e-06, 4.921225400497689e-06, 4.891391664826278e-06, 4.861557929154867e-06, 4.831724193483456e-06, 4.801890457812045e-06, 4.772056722140634e-06, 4.742222986469223e-06, 4.712389250797812e-06, 4.6825555151264006e-06, 4.6527217794549895e-06, 4.6228880437835785e-06, 4.5930543081121675e-06, 4.5632205724407564e-06, 4.533386836769345e-06, 4.503553101097934e-06, 4.473719365426523e-06, 4.443885629755112e-06, 4.414051894083701e-06, 4.38421815841229e-06, 4.354384422740879e-06, 4.324550687069468e-06, 4.294716951398057e-06, 4.264883215726646e-06, 4.235049480055235e-06, 4.205215744383824e-06, 4.175382008712413e-06, 4.145548273041002e-06, 4.115714537369591e-06, 4.08588080169818e-06, 4.056047066026769e-06, 4.026213330355358e-06, 3.996379594683947e-06, 3.966545859012536e-06, 3.936712123341125e-06, 3.906878387669714e-06, 3.877044651998303e-06, 3.847210916326892e-06, 3.8173771806554806e-06, 3.78754344498407e-06, 3.7577097093126593e-06, 3.7278759736412487e-06, 3.698042237969838e-06, 3.6682085022984275e-06, 3.638374766627017e-06, 3.6085410309556063e-06, 3.5787072952841957e-06, 3.548873559612785e-06, 3.5190398239413745e-06, 3.489206088269964e-06, 3.4593723525985532e-06, 3.4295386169271426e-06, 3.399704881255732e-06, 3.3698711455843214e-06, 3.340037409912911e-06, 3.3102036742415e-06, 3.2803699385700896e-06, 3.250536202898679e-06, 3.2207024672272683e-06, 3.1908687315558577e-06, 3.161034995884447e-06, 3.1312012602130365e-06, 3.101367524541626e-06, 3.0715337888702153e-06, 3.0417000531988047e-06, 3.011866317527394e-06, 2.9820325818559835e-06, 2.952198846184573e-06, 2.9223651105131622e-06, 2.8925313748417516e-06, 2.862697639170341e-06, 2.8328639034989304e-06, 2.80303016782752e-06, 2.773196432156109e-06, 2.7433626964846986e-06, 2.713528960813288e-06, 2.6836952251418774e-06, 2.6538614894704667e-06, 2.624027753799056e-06, 2.5941940181276455e-06, 2.564360282456235e-06, 2.5345265467848243e-06, 2.5046928111134137e-06, 2.474859075442003e-06, 2.4450253397705925e-06, 2.415191604099182e-06, 2.3853578684277712e-06, 2.3555241327563606e-06, 2.32569039708495e-06, 2.2958566614135394e-06, 2.266022925742129e-06, 2.236189190070718e-06, 2.2063554543993076e-06, 2.176521718727897e-06, 2.1466879830564864e-06, 2.1168542473850757e-06, 2.087020511713665e-06, 2.0571867760422545e-06, 2.027353040370844e-06, 1.9975193046994333e-06, 1.9676855690280227e-06, 1.937851833356612e-06, 1.9080180976852015e-06, 1.8781843620137906e-06, 1.8483506263423798e-06, 1.818516890670969e-06, 1.7886831549995582e-06, 1.7588494193281474e-06, 1.7290156836567365e-06, 1.6991819479853257e-06, 1.6693482123139149e-06, 1.639514476642504e-06, 1.6096807409710932e-06, 1.5798470052996824e-06, 1.5500132696282716e-06, 1.5201795339568608e-06, 1.49034579828545e-06, 1.4605120626140391e-06, 1.4306783269426283e-06, 1.4008445912712175e-06, 1.3710108555998067e-06, 1.3411771199283958e-06, 1.311343384256985e-06, 1.2815096485855742e-06, 1.2516759129141634e-06, 1.2218421772427525e-06, 1.1920084415713417e-06, 1.162174705899931e-06, 1.13234097022852e-06, 1.1025072345571093e-06, 1.0726734988856984e-06, 1.0428397632142876e-06, 1.0130060275428768e-06, 9.83172291871466e-07, 9.533385562000551e-07, 9.235048205286443e-07, 8.936710848572335e-07, 8.638373491858227e-07, 8.340036135144119e-07, 8.04169877843001e-07, 7.743361421715902e-07, 7.445024065001794e-07, 7.146686708287686e-07, 6.848349351573577e-07, 6.550011994859469e-07, 6.251674638145361e-07, 5.953337281431253e-07, 5.654999924717144e-07, 5.356662568003036e-07, 5.058325211288928e-07, 4.75998785457482e-07] 
======================
counter_t= [   0    5   10   15   20   25   30   35   40   45   50   55   60   65
   70   75   80   85   90   95  100  105  110  115  120  125  130  135
  140  145  150  155  160  165  170  175  180  185  190  195  200  205
  210  215  220  225  230  235  240  245  250  255  260  265  270  275
  280  285  290  295  300  305  310  315  320  325  330  335  340  345
  350  355  360  365  370  375  380  385  390  395  400  405  410  415
  420  425  430  435  440  445  450  455  460  465  470  475  480  485
  490  495  500  505  510  515  520  525  530  535  540  545  550  555
  560  565  570  575  580  585  590  595  600  605  610  615  620  625
  630  635  640  645  650  655  660  665  670  675  680  685  690  695
  700  705  710  715  720  725  730  735  740  745  750  755  760  765
  770  775  780  785  790  795  800  805  810  815  820  825  830  835
  840  845  850  855  860  865  870  875  880  885  890  895  900  905
  910  915  920  925  930  935  940  945  950  955  960  965  970  975
  980  985  990  995 1000 1005 1010 1015 1020 1025 1030 1035 1040 1045
 1050 1055 1060 1065 1070 1075 1080 1085 1090 1095 1100 1105 1110 1115
 1120 1125 1130 1135 1140 1145 1150 1155 1160 1165 1170 1175 1180 1185
 1190 1195 1200 1205 1210 1215 1220 1225 1230 1235 1240 1245 1250 1255
 1260 1265 1270 1275 1280 1285 1290 1295 1300 1305 1310 1315 1320 1325
 1330 1335 1340 1345 1350 1355 1360 1365 1370 1375 1380 1385 1390 1395
 1400 1405 1410 1415 1420 1425 1430 1435 1440 1445 1450 1455 1460 1465
 1470 1475 1480 1485 1490 1495 1500 1505 1510 1515 1520 1525 1530 1535
 1540 1545 1550 1555 1560 1565 1570 1575 1580 1585 1590 1595 1600 1605
 1610 1615 1620 1625 1630 1635 1640 1645 1650 1655] 
======================
