
=========2023-07-03===
CMTS= [0.1717904  0.14182843 0.1276766  0.11826291 0.11117525 0.10548894
 0.10075484 0.09671724 0.09321631 0.09014112 0.08741616 0.08498949
 0.08282165 0.08088216 0.07914698 0.0775969  0.07621635 0.07499265
 0.07391539 0.072976   0.07216746 0.07148401 0.07092102 0.07047478
 0.07014248 0.06992206 0.06981218 0.06981218] 
======================
CH2= [1.71790398 1.71791396 1.71791865 1.71792172 1.71792397 1.71792571
 1.7179271  1.71792823 1.71792916 1.71792994 1.71793059 1.71793114
 1.71793159 1.71793197 1.71793229 1.71793255 1.71793276 1.71793293
 1.71793306 1.71793317 1.71793325 1.7179333  1.71793334 1.71793337
 1.71793338 1.71793339 1.71793339 1.71793339] 
======================
CHCl= [0.         0.04446287 0.06546531 0.07943667 0.0899562  0.09839604
 0.10542269 0.11141564 0.11661204 0.12117656 0.12522123 0.12882315
 0.13204088 0.13491968 0.1374952  0.13979598 0.1418451  0.14366141
 0.14526036 0.14665465 0.14785473 0.14886913 0.14970474 0.15036704
 0.15086024 0.15118739 0.15135047 0.15135047] 
======================
phi= [9.22163835e-07 9.08138652e-06 1.58058829e-05 2.17444777e-05
 2.71842769e-05 3.21401165e-05 3.67399924e-05 4.10182002e-05
 4.52226770e-05 4.90381569e-05 5.23346388e-05 5.54036085e-05
 5.82360473e-05 6.08449567e-05 6.32421235e-05 6.54345148e-05
 6.74270481e-05 6.92239343e-05 7.08294660e-05 7.22476213e-05
 7.34814147e-05 7.45329439e-05 7.54039532e-05 7.60963700e-05
 7.66124914e-05 7.69547763e-05 7.71253340e-05 7.71253340e-05] 
======================
d= [4.95389181e-05 4.54593067e-05 4.20970585e-05 3.91277611e-05
 3.64078615e-05 3.39299418e-05 3.16300038e-05 2.94908999e-05
 2.73886615e-05 2.54809215e-05 2.38326806e-05 2.22981958e-05
 2.08819764e-05 1.95775217e-05 1.83789383e-05 1.72827426e-05
 1.62864759e-05 1.53880329e-05 1.45852670e-05 1.38761894e-05
 1.32592927e-05 1.27335281e-05 1.22980234e-05 1.19518150e-05
 1.16937543e-05 1.15226119e-05 1.14373330e-05 1.14373330e-05] 
======================
xi= [2.55115842e-05 2.47414744e-03 7.49477807e-03 1.41846694e-02
 2.21695473e-02 3.09896126e-02 4.04948112e-02 5.04747825e-02
 6.13527154e-02 7.21422250e-02 8.21674327e-02 9.20867950e-02
 1.01743116e-01 1.11063263e-01 1.19986985e-01 1.28450272e-01
 1.36392205e-01 1.43758592e-01 1.50504398e-01 1.56591563e-01
 1.61985549e-01 1.66654792e-01 1.70572685e-01 1.73719726e-01
 1.76084215e-01 1.77661128e-01 1.78449515e-01 1.78449515e-01] 
======================
tf_hrs= 2.3062518450000002 
======================
rpt= [4.995524939649288e-05, 4.9910498792985764e-05, 4.9865748189478645e-05, 4.9820997585971526e-05, 4.977624698246441e-05, 4.973149637895729e-05, 4.968674577545017e-05, 4.964199517194305e-05, 4.959724456843593e-05, 4.955249396492881e-05, 4.950774336142169e-05, 4.946299275791457e-05, 4.9418242154407454e-05, 4.9373491550900335e-05, 4.9328740947393216e-05, 4.92839903438861e-05, 4.923923974037898e-05, 4.919448913687186e-05, 4.914973853336474e-05, 4.910498792985762e-05, 4.90602373263505e-05, 4.901548672284338e-05, 4.897073611933626e-05, 4.8925985515829144e-05, 4.8881234912322025e-05, 4.8836484308814906e-05, 4.879173370530779e-05, 4.874698310180067e-05, 4.870223249829355e-05, 4.865748189478643e-05, 4.861273129127931e-05, 4.856798068777219e-05, 4.852323008426507e-05, 4.847847948075795e-05, 4.8433728877250834e-05, 4.8388978273743715e-05, 4.8344227670236596e-05, 4.829947706672948e-05, 4.825472646322236e-05, 4.820997585971524e-05, 4.816522525620812e-05, 4.8120474652701e-05, 4.807572404919388e-05, 4.803097344568676e-05, 4.798622284217964e-05, 4.7941472238672524e-05, 4.7896721635165405e-05, 4.7851971031658286e-05, 4.780722042815117e-05, 4.776246982464405e-05, 4.771771922113693e-05, 4.767296861762981e-05, 4.762821801412269e-05, 4.758346741061557e-05, 4.753871680710845e-05, 4.749396620360133e-05, 4.7449215600094214e-05, 4.7404464996587095e-05, 4.7359714393079976e-05, 4.731496378957286e-05, 4.727021318606574e-05, 4.722546258255862e-05, 4.71807119790515e-05, 4.713596137554438e-05, 4.709121077203726e-05, 4.704646016853014e-05, 4.700170956502302e-05, 4.6956958961515904e-05, 4.6912208358008785e-05, 4.6867457754501666e-05, 4.682270715099455e-05, 4.677795654748743e-05, 4.673320594398031e-05, 4.668845534047319e-05, 4.664370473696607e-05, 4.659895413345895e-05, 4.655420352995183e-05, 4.650945292644471e-05, 4.6464702322937594e-05, 4.6419951719430475e-05, 4.6375201115923356e-05, 4.633045051241624e-05, 4.628569990890912e-05, 4.6240949305402e-05, 4.619619870189488e-05, 4.615144809838776e-05, 4.610669749488064e-05, 4.606194689137352e-05, 4.60171962878664e-05, 4.5972445684359284e-05, 4.5927695080852165e-05, 4.5882944477345046e-05, 4.583819387383793e-05, 4.579344327033081e-05, 4.574869266682369e-05, 4.570394206331657e-05, 4.565919145980945e-05, 4.561444085630233e-05, 4.556969025279521e-05, 4.552493964928809e-05, 4.5480189045780974e-05, 4.5435438442273855e-05, 4.5390687838766736e-05, 4.534593723525962e-05, 4.53011866317525e-05, 4.525643602824538e-05, 4.521168542473826e-05, 4.516693482123114e-05, 4.512218421772402e-05, 4.50774336142169e-05, 4.503268301070978e-05, 4.4987932407202664e-05, 4.4943181803695545e-05, 4.4898431200188426e-05, 4.485368059668131e-05, 4.480892999317419e-05, 4.476417938966707e-05, 4.471942878615995e-05, 4.467467818265283e-05, 4.462992757914571e-05, 4.458517697563859e-05, 4.454042637213147e-05, 4.4495675768624354e-05, 4.4450925165117235e-05, 4.4406174561610116e-05, 4.4361423958103e-05, 4.431667335459588e-05, 4.427192275108876e-05, 4.422717214758164e-05, 4.418242154407452e-05, 4.41376709405674e-05, 4.409292033706028e-05, 4.404816973355316e-05, 4.4003419130046044e-05, 4.3958668526538925e-05, 4.3913917923031806e-05, 4.386916731952469e-05, 4.382441671601757e-05, 4.377966611251045e-05, 4.373491550900333e-05, 4.369016490549621e-05, 4.364541430198909e-05, 4.360066369848197e-05, 4.355591309497485e-05, 4.3511162491467734e-05, 4.3466411887960615e-05, 4.3421661284453496e-05, 4.337691068094638e-05, 4.333216007743926e-05, 4.328740947393214e-05, 4.324265887042502e-05, 4.31979082669179e-05, 4.315315766341078e-05, 4.310840705990366e-05, 4.306365645639654e-05, 4.3018905852889424e-05, 4.2974155249382305e-05, 4.2929404645875186e-05, 4.288465404236807e-05, 4.283990343886095e-05, 4.279515283535383e-05, 4.275040223184671e-05, 4.270565162833959e-05, 4.266090102483247e-05, 4.261615042132535e-05, 4.257139981781823e-05, 4.2526649214311114e-05, 4.2481898610803995e-05, 4.2437148007296876e-05, 4.239239740378976e-05, 4.234764680028264e-05, 4.230289619677552e-05, 4.22581455932684e-05, 4.221339498976128e-05, 4.216864438625416e-05, 4.212389378274704e-05, 4.207914317923992e-05, 4.2034392575732804e-05, 4.1989641972225685e-05, 4.1944891368718566e-05, 4.190014076521145e-05, 4.185539016170433e-05, 4.181063955819721e-05, 4.176588895469009e-05, 4.172113835118297e-05, 4.167638774767585e-05, 4.163163714416873e-05, 4.158688654066161e-05, 4.1542135937154494e-05, 4.1497385333647375e-05, 4.1452634730140256e-05, 4.1407884126633137e-05, 4.136313352312602e-05, 4.13183829196189e-05, 4.127363231611178e-05, 4.122888171260466e-05, 4.118413110909754e-05, 4.113938050559042e-05, 4.10946299020833e-05, 4.1049879298576184e-05, 4.1005128695069065e-05, 4.0960378091561946e-05, 4.0915627488054827e-05, 4.087087688454771e-05, 4.082612628104059e-05, 4.078137567753347e-05, 4.073662507402635e-05, 4.069187447051923e-05, 4.064712386701211e-05, 4.060237326350499e-05, 4.0557622659997874e-05, 4.0512872056490755e-05, 4.0468121452983636e-05, 4.0423370849476517e-05, 4.03786202459694e-05, 4.033386964246228e-05, 4.028911903895516e-05, 4.024436843544804e-05, 4.019961783194092e-05, 4.01548672284338e-05, 4.011011662492668e-05, 4.0065366021419564e-05, 4.0020615417912445e-05, 3.9975864814405326e-05, 3.9931114210898207e-05, 3.988636360739109e-05, 3.984161300388397e-05, 3.979686240037685e-05, 3.975211179686973e-05, 3.970736119336261e-05, 3.966261058985549e-05, 3.961785998634837e-05, 3.9573109382841254e-05, 3.9528358779334135e-05, 3.9483608175827016e-05, 3.9438857572319897e-05, 3.939410696881278e-05, 3.934935636530566e-05, 3.930460576179854e-05, 3.925985515829142e-05, 3.92151045547843e-05, 3.917035395127718e-05, 3.912560334777006e-05, 3.9080852744262944e-05, 3.9036102140755825e-05, 3.8991351537248706e-05, 3.8946600933741586e-05, 3.890185033023447e-05, 3.885709972672735e-05, 3.881234912322023e-05, 3.876759851971311e-05, 3.872284791620599e-05, 3.867809731269887e-05, 3.863334670919175e-05, 3.8588596105684634e-05, 3.8543845502177515e-05, 3.8499094898670396e-05, 3.8454344295163276e-05, 3.840959369165616e-05, 3.836484308814904e-05, 3.832009248464192e-05, 3.82753418811348e-05, 3.823059127762768e-05, 3.818584067412056e-05, 3.814109007061344e-05, 3.8096339467106324e-05, 3.8051588863599205e-05, 3.8006838260092086e-05, 3.7962087656584966e-05, 3.791733705307785e-05, 3.787258644957073e-05, 3.782783584606361e-05, 3.778308524255649e-05, 3.773833463904937e-05, 3.769358403554225e-05, 3.764883343203513e-05, 3.7604082828528014e-05, 3.7559332225020895e-05, 3.7514581621513776e-05, 3.7469831018006656e-05, 3.742508041449954e-05, 3.738032981099242e-05, 3.73355792074853e-05, 3.729082860397818e-05, 3.724607800047106e-05, 3.720132739696394e-05, 3.715657679345682e-05, 3.7111826189949704e-05, 3.7067075586442585e-05, 3.7022324982935466e-05, 3.6977574379428346e-05, 3.693282377592123e-05, 3.688807317241411e-05, 3.684332256890699e-05, 3.679857196539987e-05, 3.675382136189275e-05, 3.670907075838563e-05, 3.666432015487851e-05, 3.6619569551371394e-05, 3.6574818947864275e-05, 3.6530068344357155e-05, 3.6485317740850036e-05, 3.644056713734292e-05, 3.63958165338358e-05, 3.635106593032868e-05, 3.630631532682156e-05, 3.626156472331444e-05, 3.621681411980732e-05, 3.61720635163002e-05, 3.6127312912793084e-05, 3.6082562309285965e-05, 3.6037811705778845e-05, 3.5993061102271726e-05, 3.594831049876461e-05, 3.590355989525749e-05, 3.585880929175037e-05, 3.581405868824325e-05, 3.576930808473613e-05, 3.572455748122901e-05, 3.567980687772189e-05, 3.5635056274214774e-05, 3.5590305670707655e-05, 3.5545555067200535e-05, 3.5500804463693416e-05, 3.54560538601863e-05, 3.541130325667918e-05, 3.536655265317206e-05, 3.532180204966494e-05, 3.527705144615782e-05, 3.52323008426507e-05, 3.518755023914358e-05, 3.5142799635636464e-05, 3.5098049032129345e-05, 3.5053298428622225e-05, 3.5008547825115106e-05, 3.496379722160799e-05, 3.491904661810087e-05, 3.487429601459375e-05, 3.482954541108663e-05, 3.478479480757951e-05, 3.474004420407239e-05, 3.469529360056527e-05, 3.4650542997058154e-05, 3.4605792393551034e-05, 3.4561041790043915e-05, 3.4516291186536796e-05, 3.447154058302968e-05, 3.442678997952256e-05, 3.438203937601544e-05, 3.433728877250832e-05, 3.42925381690012e-05, 3.424778756549408e-05, 3.420303696198696e-05, 3.4158286358479844e-05, 3.4113535754972724e-05, 3.4068785151465605e-05, 3.4024034547958486e-05, 3.397928394445137e-05, 3.393453334094425e-05, 3.388978273743713e-05, 3.384503213393001e-05, 3.380028153042289e-05, 3.375553092691577e-05, 3.371078032340865e-05, 3.3666029719901534e-05, 3.3621279116394414e-05, 3.3576528512887295e-05, 3.3531777909380176e-05, 3.348702730587306e-05, 3.344227670236594e-05, 3.339752609885882e-05, 3.33527754953517e-05, 3.330802489184458e-05, 3.326327428833746e-05, 3.321852368483034e-05, 3.3173773081323224e-05, 3.3129022477816104e-05, 3.3084271874308985e-05, 3.3039521270801866e-05, 3.299477066729475e-05, 3.295002006378763e-05, 3.290526946028051e-05, 3.286051885677339e-05, 3.281576825326627e-05, 3.277101764975915e-05, 3.272626704625203e-05, 3.2681516442744914e-05, 3.2636765839237794e-05, 3.2592015235730675e-05, 3.2547264632223556e-05, 3.250251402871644e-05, 3.245776342520932e-05, 3.24130128217022e-05, 3.236826221819508e-05, 3.232351161468796e-05, 3.227876101118084e-05, 3.223401040767372e-05, 3.2189259804166603e-05, 3.2144509200659484e-05, 3.2099758597152365e-05, 3.2055007993645246e-05, 3.201025739013813e-05, 3.196550678663101e-05, 3.192075618312389e-05, 3.187600557961677e-05, 3.183125497610965e-05, 3.178650437260253e-05, 3.174175376909541e-05, 3.1697003165588293e-05, 3.1652252562081174e-05, 3.1607501958574055e-05, 3.1562751355066936e-05, 3.151800075155982e-05, 3.14732501480527e-05, 3.142849954454558e-05, 3.138374894103846e-05, 3.133899833753134e-05, 3.129424773402422e-05, 3.12494971305171e-05, 3.1204746527009983e-05, 3.1159995923502864e-05, 3.1115245319995745e-05, 3.1070494716488626e-05, 3.102574411298151e-05, 3.098099350947439e-05, 3.093624290596727e-05, 3.089149230246015e-05, 3.084674169895303e-05, 3.080199109544591e-05, 3.075724049193879e-05, 3.0712489888431673e-05, 3.0667739284924554e-05, 3.0622988681417435e-05, 3.0578238077910316e-05, 3.05334874744032e-05, 3.048873687089608e-05, 3.0443986267388966e-05, 3.039923566388185e-05, 3.0354485060374734e-05, 3.030973445686762e-05, 3.0264983853360503e-05, 3.0220233249853387e-05, 3.017548264634627e-05, 3.0130732042839156e-05, 3.008598143933204e-05, 3.0041230835824924e-05, 2.999648023231781e-05, 2.9951729628810693e-05, 2.9906979025303577e-05, 2.986222842179646e-05, 2.9817477818289346e-05, 2.977272721478223e-05, 2.9727976611275114e-05, 2.9683226007768e-05, 2.9638475404260883e-05, 2.9593724800753767e-05, 2.954897419724665e-05, 2.9504223593739536e-05, 2.945947299023242e-05, 2.9414722386725304e-05, 2.936997178321819e-05, 2.9325221179711073e-05, 2.9280470576203957e-05, 2.923571997269684e-05, 2.9190969369189726e-05, 2.914621876568261e-05, 2.9101468162175495e-05, 2.905671755866838e-05, 2.9011966955161263e-05, 2.8967216351654147e-05, 2.8922465748147032e-05, 2.8877715144639916e-05, 2.88329645411328e-05, 2.8788213937625685e-05, 2.874346333411857e-05, 2.8698712730611453e-05, 2.8653962127104337e-05, 2.8609211523597222e-05, 2.8564460920090106e-05, 2.851971031658299e-05, 2.8474959713075875e-05, 2.843020910956876e-05, 2.8385458506061643e-05, 2.8340707902554528e-05, 2.8295957299047412e-05, 2.8251206695540296e-05, 2.820645609203318e-05, 2.8161705488526065e-05, 2.811695488501895e-05, 2.8072204281511833e-05, 2.8027453678004718e-05, 2.7982703074497602e-05, 2.7937952470990486e-05, 2.789320186748337e-05, 2.7848451263976255e-05, 2.780370066046914e-05, 2.7758950056962023e-05, 2.7714199453454908e-05, 2.7669448849947792e-05, 2.7624698246440676e-05, 2.757994764293356e-05, 2.7535197039426445e-05, 2.749044643591933e-05, 2.7445695832412213e-05, 2.7400945228905098e-05, 2.7356194625397982e-05, 2.7311444021890866e-05, 2.726669341838375e-05, 2.7221942814876635e-05, 2.717719221136952e-05, 2.7132441607862404e-05, 2.7087691004355288e-05, 2.7042940400848172e-05, 2.6998189797341056e-05, 2.695343919383394e-05, 2.6908688590326825e-05, 2.686393798681971e-05, 2.6819187383312594e-05, 2.6774436779805478e-05, 2.6729686176298362e-05, 2.6684935572791246e-05, 2.664018496928413e-05, 2.6595434365777015e-05, 2.65506837622699e-05, 2.6505933158762784e-05, 2.6461182555255668e-05, 2.6416431951748552e-05, 2.6371681348241437e-05, 2.632693074473432e-05, 2.6282180141227205e-05, 2.623742953772009e-05, 2.6192678934212974e-05, 2.6147928330705858e-05, 2.6103177727198742e-05, 2.6058427123691627e-05, 2.601367652018451e-05, 2.5968925916677395e-05, 2.592417531317028e-05, 2.5879424709663164e-05, 2.5834674106156048e-05, 2.5789923502648932e-05, 2.5745172899141817e-05, 2.57004222956347e-05, 2.5655671692127585e-05, 2.561092108862047e-05, 2.5566170485113354e-05, 2.5521419881606238e-05, 2.5476669278099122e-05, 2.5431918674592007e-05, 2.538716807108489e-05, 2.5342417467577775e-05, 2.529766686407066e-05, 2.5252916260563544e-05, 2.5208165657056428e-05, 2.5163415053549313e-05, 2.5118664450042197e-05, 2.507391384653508e-05, 2.5029163243027965e-05, 2.498441263952085e-05, 2.4939662036013734e-05, 2.4894911432506618e-05, 2.4850160828999503e-05, 2.4805410225492387e-05, 2.476065962198527e-05, 2.4715909018478155e-05, 2.467115841497104e-05, 2.4626407811463924e-05, 2.458165720795681e-05, 2.4536906604449693e-05, 2.4492156000942577e-05, 2.444740539743546e-05, 2.4402654793928346e-05, 2.435790419042123e-05, 2.4313153586914114e-05, 2.4268402983407e-05, 2.4223652379899883e-05, 2.4178901776392767e-05, 2.413415117288565e-05, 2.4089400569378536e-05, 2.404464996587142e-05, 2.3999899362364304e-05, 2.395514875885719e-05, 2.3910398155350073e-05, 2.3865647551842957e-05, 2.382089694833584e-05, 2.3776146344828726e-05, 2.373139574132161e-05, 2.3686645137814494e-05, 2.364189453430738e-05, 2.3597143930800263e-05, 2.3552393327293147e-05, 2.350764272378603e-05, 2.3462892120278916e-05, 2.34181415167718e-05, 2.3373390913264684e-05, 2.332864030975757e-05, 2.3283889706250453e-05, 2.3239139102743337e-05, 2.319438849923622e-05, 2.3149637895729106e-05, 2.310488729222199e-05, 2.3060136688714874e-05, 2.301538608520776e-05, 2.2970635481700643e-05, 2.2925884878193527e-05, 2.288113427468641e-05, 2.2836383671179296e-05, 2.279163306767218e-05, 2.2746882464165064e-05, 2.270213186065795e-05, 2.2657381257150833e-05, 2.2612630653643717e-05, 2.25678800501366e-05, 2.2523129446629486e-05, 2.247837884312237e-05, 2.2433628239615255e-05, 2.238887763610814e-05, 2.2344127032601023e-05, 2.2299376429093907e-05, 2.2254625825586792e-05, 2.2209875222079676e-05, 2.216512461857256e-05, 2.2120374015065445e-05, 2.207562341155833e-05, 2.2030872808051213e-05, 2.1986122204544097e-05, 2.1941371601036982e-05, 2.1896620997529866e-05, 2.185187039402275e-05, 2.1807119790515635e-05, 2.176236918700852e-05, 2.1717618583501403e-05, 2.1672867979994288e-05, 2.1628117376487172e-05, 2.1583366772980056e-05, 2.153861616947294e-05, 2.1493865565965825e-05, 2.144911496245871e-05, 2.1404364358951593e-05, 2.1359613755444478e-05, 2.1314863151937362e-05, 2.1270112548430246e-05, 2.122536194492313e-05, 2.1180611341416015e-05, 2.11358607379089e-05, 2.1091110134401783e-05, 2.1046359530894668e-05, 2.1001608927387552e-05, 2.0956858323880436e-05, 2.091210772037332e-05, 2.0867357116866205e-05, 2.082260651335909e-05, 2.0777855909851973e-05, 2.0733105306344858e-05, 2.0688354702837742e-05, 2.0643604099330626e-05, 2.059885349582351e-05, 2.0554102892316395e-05, 2.050935228880928e-05, 2.0464601685302164e-05, 2.0419851081795048e-05, 2.0375100478287932e-05, 2.0330349874780816e-05, 2.02855992712737e-05, 2.0240848667766585e-05, 2.019609806425947e-05, 2.0151347460752354e-05, 2.0106596857245238e-05, 2.0061846253738122e-05, 2.0017095650231006e-05, 1.997234504672389e-05, 1.9927594443216775e-05, 1.988284383970966e-05, 1.9838093236202544e-05, 1.9793342632695428e-05, 1.9748592029188312e-05, 1.9703841425681197e-05, 1.965909082217408e-05, 1.9614340218666965e-05, 1.956958961515985e-05, 1.9524839011652734e-05, 1.9480088408145618e-05, 1.9435337804638502e-05, 1.9390587201131387e-05, 1.934583659762427e-05, 1.9301085994117155e-05, 1.925633539061004e-05, 1.9211584787102924e-05, 1.9166834183595808e-05, 1.9122083580088692e-05, 1.9077332976581577e-05, 1.903258237307446e-05, 1.8987831769567345e-05, 1.894308116606023e-05, 1.8898330562553114e-05, 1.8853579959045998e-05, 1.8808829355538882e-05, 1.8764078752031767e-05, 1.871932814852465e-05, 1.8674577545017535e-05, 1.862982694151042e-05, 1.8585076338003304e-05, 1.8540325734496188e-05, 1.8495575130989073e-05, 1.8450824527481957e-05, 1.840607392397484e-05, 1.8361323320467725e-05, 1.831657271696061e-05, 1.8271822113453494e-05, 1.8227071509946378e-05, 1.8182320906439263e-05, 1.8137570302932147e-05, 1.809281969942503e-05, 1.8048069095917915e-05, 1.80033184924108e-05, 1.7958567888903684e-05, 1.791381728539657e-05, 1.7869066681889453e-05, 1.7824316078382337e-05, 1.777956547487522e-05, 1.7734814871368106e-05, 1.769006426786099e-05, 1.7645313664353874e-05, 1.760056306084676e-05, 1.7555812457339643e-05, 1.7511061853832527e-05, 1.746631125032541e-05, 1.7421560646818296e-05, 1.737681004331118e-05, 1.7332059439804064e-05, 1.728730883629695e-05, 1.7242558232789833e-05, 1.7197807629282717e-05, 1.71530570257756e-05, 1.7108306422268486e-05, 1.706355581876137e-05, 1.7018805215254254e-05, 1.697405461174714e-05, 1.6929304008240023e-05, 1.6884553404732907e-05, 1.683980280122579e-05, 1.6795052197718676e-05, 1.675030159421156e-05, 1.6705550990704444e-05, 1.666080038719733e-05, 1.6616049783690213e-05, 1.6571299180183097e-05, 1.652654857667598e-05, 1.6481797973168866e-05, 1.643704736966175e-05, 1.6392296766154634e-05, 1.634754616264752e-05, 1.6302795559140403e-05, 1.6258044955633287e-05, 1.621329435212617e-05, 1.6168543748619056e-05, 1.612379314511194e-05, 1.6079042541604824e-05, 1.603429193809771e-05, 1.5989541334590593e-05, 1.5944790731083477e-05, 1.590004012757636e-05, 1.5855289524069246e-05, 1.581053892056213e-05, 1.5765788317055015e-05, 1.57210377135479e-05, 1.5676287110040783e-05, 1.5631536506533667e-05, 1.5586785903026552e-05, 1.5542035299519436e-05, 1.549728469601232e-05, 1.5452534092505205e-05, 1.540778348899809e-05, 1.5363032885490973e-05, 1.5318282281983858e-05, 1.5273531678476742e-05, 1.5228781074969626e-05, 1.518403047146251e-05, 1.5139279867955395e-05, 1.5094529264448279e-05, 1.5049778660941163e-05, 1.5005028057434048e-05, 1.4960277453926932e-05, 1.4915526850419816e-05, 1.48707762469127e-05, 1.4826025643405585e-05, 1.4781275039898469e-05, 1.4736524436391353e-05, 1.4691773832884238e-05, 1.4647023229377122e-05, 1.4602272625870006e-05, 1.455752202236289e-05, 1.4512771418855775e-05, 1.4468020815348659e-05, 1.4423270211841543e-05, 1.4378519608334428e-05, 1.4333769004827312e-05, 1.4289018401320196e-05, 1.424426779781308e-05, 1.4199517194305965e-05, 1.415476659079885e-05, 1.4110015987291733e-05, 1.4065265383784618e-05, 1.4020514780277502e-05, 1.3975764176770386e-05, 1.393101357326327e-05, 1.3886262969756155e-05, 1.384151236624904e-05, 1.3796761762741924e-05, 1.3752011159234808e-05, 1.3707260555727692e-05, 1.3662509952220576e-05, 1.361775934871346e-05, 1.3573008745206345e-05, 1.352825814169923e-05, 1.3483507538192114e-05, 1.3438756934684998e-05, 1.3394006331177882e-05, 1.3349255727670766e-05, 1.330450512416365e-05, 1.3259754520656535e-05, 1.321500391714942e-05, 1.3170253313642304e-05, 1.3125502710135188e-05, 1.3080752106628072e-05, 1.3036001503120957e-05, 1.2991250899613841e-05, 1.2946500296106725e-05, 1.290174969259961e-05, 1.2856999089092494e-05, 1.2812248485585378e-05, 1.2767497882078262e-05, 1.2722747278571147e-05, 1.2677996675064031e-05, 1.2633246071556915e-05, 1.25884954680498e-05, 1.2543744864542684e-05, 1.2498994261035568e-05, 1.2454243657528452e-05, 1.2409493054021337e-05, 1.2364742450514221e-05, 1.2319991847007105e-05, 1.227524124349999e-05, 1.2230490639992874e-05, 1.2185740036485758e-05, 1.2140989432978642e-05, 1.2096238829471527e-05, 1.2051488225964411e-05, 1.2006737622457295e-05, 1.196198701895018e-05, 1.1917236415443064e-05, 1.1872485811935948e-05, 1.1827735208428833e-05, 1.1782984604921717e-05, 1.1738234001414601e-05, 1.1693483397907485e-05, 1.164873279440037e-05, 1.1603982190893254e-05, 1.1559231587386138e-05, 1.1514480983879023e-05, 1.1469730380371907e-05, 1.1424979776864791e-05, 1.1380229173357675e-05, 1.133547856985056e-05, 1.1290727966343444e-05, 1.1245977362836328e-05, 1.1201226759329213e-05, 1.1156476155822097e-05, 1.1111725552314981e-05, 1.1066974948807866e-05, 1.102222434530075e-05, 1.0977473741793634e-05, 1.0932723138286518e-05, 1.0887972534779403e-05, 1.0843221931272287e-05, 1.0798471327765171e-05, 1.0753720724258056e-05, 1.070897012075094e-05, 1.0664219517243824e-05, 1.0619468913736709e-05, 1.0574718310229593e-05, 1.0529967706722477e-05, 1.0485217103215361e-05, 1.0440466499708246e-05, 1.039571589620113e-05, 1.0350965292694014e-05, 1.0306214689186899e-05, 1.0261464085679783e-05, 1.0216713482172667e-05, 1.0171962878665551e-05, 1.0127212275158436e-05, 1.008246167165132e-05, 1.0037711068144204e-05, 9.992960464637089e-06, 9.948209861129973e-06, 9.903459257622857e-06, 9.858708654115742e-06, 9.813958050608626e-06, 9.76920744710151e-06, 9.724456843594394e-06, 9.679706240087279e-06, 9.634955636580163e-06, 9.590205033073047e-06, 9.545454429565932e-06, 9.500703826058816e-06, 9.4559532225517e-06, 9.411202619044584e-06, 9.366452015537469e-06, 9.321701412030353e-06, 9.276950808523237e-06, 9.232200205016122e-06, 9.187449601509006e-06, 9.14269899800189e-06, 9.097948394494775e-06, 9.053197790987659e-06, 9.008447187480543e-06, 8.963696583973427e-06, 8.918945980466312e-06, 8.874195376959196e-06, 8.82944477345208e-06, 8.784694169944965e-06, 8.739943566437849e-06, 8.695192962930733e-06, 8.650442359423618e-06, 8.605691755916502e-06, 8.560941152409386e-06, 8.51619054890227e-06, 8.471439945395155e-06, 8.426689341888039e-06, 8.381938738380923e-06, 8.337188134873808e-06, 8.292437531366692e-06, 8.247686927859576e-06, 8.20293632435246e-06, 8.158185720845345e-06, 8.113435117338229e-06, 8.068684513831113e-06, 8.023933910323998e-06, 7.979183306816882e-06, 7.934432703309766e-06, 7.88968209980265e-06, 7.844931496295535e-06, 7.800180892788419e-06, 7.755430289281303e-06, 7.710679685774188e-06, 7.665929082267072e-06, 7.6211784787599555e-06, 7.576427875252839e-06, 7.531677271745722e-06, 7.486926668238606e-06, 7.442176064731489e-06, 7.397425461224373e-06, 7.352674857717256e-06, 7.30792425421014e-06, 7.263173650703023e-06, 7.2184230471959065e-06, 7.17367244368879e-06, 7.128921840181673e-06, 7.084171236674557e-06, 7.03942063316744e-06, 6.994670029660324e-06, 6.949919426153207e-06, 6.905168822646091e-06, 6.860418219138974e-06, 6.8156676156318575e-06, 6.770917012124741e-06, 6.7261664086176244e-06, 6.681415805110508e-06, 6.636665201603391e-06, 6.591914598096275e-06, 6.547163994589158e-06, 6.502413391082042e-06, 6.457662787574925e-06, 6.4129121840678086e-06, 6.368161580560692e-06, 6.3234109770535755e-06, 6.278660373546459e-06, 6.233909770039342e-06, 6.189159166532226e-06, 6.144408563025109e-06, 6.099657959517993e-06, 6.054907356010876e-06, 6.01015675250376e-06, 5.965406148996643e-06, 5.9206555454895265e-06, 5.87590494198241e-06, 5.831154338475293e-06, 5.786403734968177e-06, 5.74165313146106e-06, 5.696902527953944e-06, 5.652151924446827e-06, 5.607401320939711e-06, 5.562650717432594e-06, 5.5179001139254775e-06, 5.473149510418361e-06, 5.4283989069112444e-06, 5.383648303404128e-06, 5.338897699897011e-06, 5.294147096389895e-06, 5.249396492882778e-06, 5.204645889375662e-06, 5.159895285868545e-06, 5.1151446823614286e-06, 5.070394078854312e-06, 5.0256434753471955e-06, 4.980892871840079e-06, 4.936142268332962e-06, 4.891391664825846e-06, 4.846641061318729e-06, 4.801890457811613e-06, 4.757139854304496e-06, 4.71238925079738e-06, 4.667638647290263e-06, 4.6228880437831465e-06, 4.57813744027603e-06, 4.533386836768913e-06, 4.488636233261797e-06, 4.44388562975468e-06, 4.399135026247564e-06, 4.354384422740447e-06, 4.309633819233331e-06, 4.264883215726214e-06, 4.2201326122190975e-06, 4.175382008711981e-06, 4.1306314052048644e-06, 4.085880801697748e-06, 4.041130198190631e-06, 3.996379594683515e-06, 3.951628991176398e-06, 3.906878387669282e-06, 3.862127784162165e-06, 3.817377180655049e-06, 3.7726265771479324e-06, 3.7278759736408163e-06, 3.6831253701337e-06, 3.638374766626584e-06, 3.593624163119468e-06, 3.548873559612352e-06, 3.5041229561052357e-06, 3.4593723525981196e-06, 3.4146217490910034e-06, 3.3698711455838873e-06, 3.325120542076771e-06, 3.280369938569655e-06, 3.235619335062539e-06, 3.1908687315554228e-06, 3.1461181280483067e-06, 3.1013675245411905e-06, 3.0566169210340744e-06, 3.0118663175269583e-06, 2.967115714019842e-06, 2.922365110512726e-06, 2.87761450700561e-06, 2.8328639034984938e-06, 2.7881132999913776e-06, 2.7433626964842615e-06, 2.6986120929771454e-06, 2.6538614894700292e-06, 2.609110885962913e-06, 2.564360282455797e-06, 2.519609678948681e-06, 2.4748590754415647e-06, 2.4301084719344486e-06, 2.3853578684273325e-06, 2.3406072649202163e-06, 2.2958566614131002e-06, 2.251106057905984e-06, 2.206355454398868e-06, 2.161604850891752e-06, 2.1168542473846357e-06, 2.0721036438775196e-06, 2.0273530403704035e-06, 1.9826024368632873e-06, 1.937851833356171e-06, 1.893101229849055e-06, 1.848350626341939e-06, 1.8036000228348228e-06, 1.7588494193277067e-06, 1.7140988158205906e-06, 1.6693482123134744e-06, 1.6245976088063583e-06, 1.5798470052992422e-06, 1.535096401792126e-06, 1.49034579828501e-06, 1.4455951947778938e-06, 1.4008445912707777e-06, 1.3560939877636615e-06, 1.3113433842565454e-06, 1.2665927807494293e-06, 1.2218421772423131e-06, 1.177091573735197e-06, 1.1323409702280809e-06, 1.0875903667209648e-06, 1.0428397632138486e-06, 9.980891597067325e-07, 9.533385561996163e-07, 9.085879526925e-07, 8.638373491853838e-07, 8.190867456782676e-07, 7.743361421711513e-07, 7.295855386640351e-07, 6.848349351569189e-07, 6.400843316498026e-07, 5.953337281426864e-07, 5.505831246355702e-07, 5.058325211284539e-07, 4.6108191762133775e-07] 
======================
counter_t= [   0.     7.5   15.    22.5   30.    37.5   45.    52.5   60.    67.5
   75.    82.5   90.    97.5  105.   112.5  120.   127.5  135.   142.5
  150.   157.5  165.   172.5  180.   187.5  195.   202.5  210.   217.5
  225.   232.5  240.   247.5  255.   262.5  270.   277.5  285.   292.5
  300.   307.5  315.   322.5  330.   337.5  345.   352.5  360.   367.5
  375.   382.5  390.   397.5  405.   412.5  420.   427.5  435.   442.5
  450.   457.5  465.   472.5  480.   487.5  495.   502.5  510.   517.5
  525.   532.5  540.   547.5  555.   562.5  570.   577.5  585.   592.5
  600.   607.5  615.   622.5  630.   637.5  645.   652.5  660.   667.5
  675.   682.5  690.   697.5  705.   712.5  720.   727.5  735.   742.5
  750.   757.5  765.   772.5  780.   787.5  795.   802.5  810.   817.5
  825.   832.5  840.   847.5  855.   862.5  870.   877.5  885.   892.5
  900.   907.5  915.   922.5  930.   937.5  945.   952.5  960.   967.5
  975.   982.5  990.   997.5 1005.  1012.5 1020.  1027.5 1035.  1042.5
 1050.  1057.5 1065.  1072.5 1080.  1087.5 1095.  1102.5] 
======================
