
=========2023-07-10===
Zrange= [0.         0.00018519 0.00037037 0.00055556 0.00074074 0.00092593
 0.00111111 0.0012963  0.00148148 0.00166667 0.00185185 0.00203704
 0.00222222 0.00240741 0.00259259 0.00277778 0.00296296 0.00314815
 0.00333333 0.00351852 0.0037037  0.00388889 0.00407407 0.00425926
 0.00444444 0.00462963 0.00481481 0.005     ]
======================
CMTS= [0.94484719 0.86379284 0.78936275 0.72088374 0.65778776 0.59959168
 0.54588184 0.49630192 0.45054345 0.40833817 0.36945197 0.3336799
 0.30084217 0.27078078 0.24335685 0.21844824 0.19594777 0.1757615
 0.15780753 0.14201477 0.12832212 0.11667761 0.10703781 0.09936729
 0.09363822 0.08983006 0.08792928 0.08792928]
======================
CH2= [0.94484719 0.94485806 0.94486762 0.94487605 0.94488348 0.94489002
 0.94489579 0.94490086 0.9449053  0.94490919 0.94491257 0.9449155
 0.94491803 0.94492019 0.94492202 0.94492356 0.94492484 0.94492588
 0.94492671 0.94492736 0.94492786 0.94492822 0.94492847 0.94492863
 0.94492872 0.94492875 0.94492876 0.94492876]
======================
CHCl= [0.         0.12068427 0.23149611 0.33344006 0.42736365 0.51398755
 0.59392873 0.66771856 0.73581706 0.7986242  0.85648906 0.90971718
 0.95857664 1.00330296 1.04410324 1.08115955 1.11463175 1.14465988
 1.17136614 1.19485653 1.21522227 1.2325409  1.24687732 1.25828446
 1.26680399 1.27246674 1.27529306 1.27529306]
======================
phi= [-3.12684370e-05 -2.40464253e-05 -1.73456817e-05 -1.11194535e-05
 -5.32828883e-06  6.13627855e-08  5.07822795e-06  9.74704908e-06
  1.40892466e-05  1.81234462e-05  2.18659031e-05  2.53308458e-05
  2.85307562e-05  3.14766009e-05  3.41780216e-05  3.66434933e-05
  3.88804565e-05  4.08954271e-05  4.26940895e-05  4.42813729e-05
  4.56615164e-05  4.68381226e-05  4.78142019e-05  4.85922081e-05
  4.91740679e-05  4.95612023e-05  4.97545430e-05  4.97545430e-05]
======================
d= [6.56342185e-05 6.20232126e-05 5.86728408e-05 5.55597267e-05
 5.26641444e-05 4.99693186e-05 4.74608860e-05 4.51264755e-05
 4.29553767e-05 4.09382769e-05 3.90670484e-05 3.73345771e-05
 3.57346219e-05 3.42616995e-05 3.29109892e-05 3.16782533e-05
 3.05597718e-05 2.95522864e-05 2.86529552e-05 2.78593136e-05
 2.71692418e-05 2.65809387e-05 2.60928991e-05 2.57038959e-05
 2.54129660e-05 2.52193989e-05 2.51227285e-05 2.51227285e-05]
======================
xi= [2.93314545e-02 1.73469170e-02 9.02618018e-03 3.70926736e-03
 8.51719854e-04 1.12961744e-07 7.73651973e-04 2.85014897e-03
 5.95520606e-03 9.85377904e-03 1.43435316e-02 1.92495524e-02
 2.44201215e-02 2.97232922e-02 3.50441148e-02 4.02823680e-02
 4.53506968e-02 5.01730789e-02 5.46835583e-02 5.88251995e-02
 6.25492223e-02 6.58142919e-02 6.85859370e-02 7.08360807e-02
 7.25426687e-02 7.36893832e-02 7.42654365e-02 7.42654365e-02]
======================
t_f_hrs= 0.555556
======================
rpt= [1.718289076144813e-05, -1.5634218477103745e-05]
======================
counter_t= [0]
======================
