
=========2023-07-10===
Zrange= [0.         0.00018519 0.00037037 0.00055556 0.00074074 0.00092593
 0.00111111 0.0012963  0.00148148 0.00166667 0.00185185 0.00203704
 0.00222222 0.00240741 0.00259259 0.00277778 0.00296296 0.00314815
 0.00333333 0.00351852 0.0037037  0.00388889 0.00407407 0.00425926
 0.00444444 0.00462963 0.00481481 0.005     ]
======================
CMTS= [ 0.94484719  0.34851179  0.05274445 -0.1401113  -0.2813621  -0.39158627
 -0.48105426 -0.55562037 -0.61893412 -0.6734219  -0.72077681 -0.76222545
 -0.79868321 -0.83084973 -0.85927015 -0.88437583 -0.9065123  -0.92595895
 -0.94294311 -0.95765038 -0.97023234 -0.98081223 -0.98948935 -0.99634224
 -1.00143121 -1.00480008 -1.00647743 -1.00647743]
======================
CH2= [0.94484719 0.94490651 0.94493765 0.9449591  0.94497531 0.94498815
 0.94499858 0.94500718 0.94501436 0.94502037 0.94502543 0.94502968
 0.94503325 0.94503624 0.94503873 0.94504078 0.94504245 0.9450438
 0.94504487 0.9450457  0.94504633 0.94504678 0.94504709 0.94504729
 0.9450474  0.94504745 0.94504746 0.94504746]
======================
CHCl= [0.         0.88625239 1.32576954 1.61236388 1.82227734 1.98608703
 2.11905344 2.22987525 2.32397527 2.4049589  2.47534199 2.53694724
 2.59113493 2.63894477 2.68118686 2.71850226 2.75140448 2.78030872
 2.80555285 2.82741274 2.84611364 2.86183876 2.87473567 2.88492116
 2.89248486 2.89749194 2.89998493 2.89998493]
======================
phi= [-4.76769916e-05 -1.28896780e-05  6.02723142e-06  1.93822450e-05
  2.98580413e-05  3.85353810e-05  4.59571139e-05  5.24352323e-05
  5.81661694e-05  6.32820126e-05  6.78760909e-05  7.20169264e-05
  7.57563743e-05  7.91346364e-05  8.21834866e-05  8.49284254e-05
  8.73901624e-05  8.95856631e-05  9.15289054e-05  9.32314350e-05
  9.47027794e-05  9.59507602e-05  9.69817287e-05  9.78007456e-05
  9.84117153e-05  9.88174843e-05  9.90199115e-05  9.90199115e-05]
======================
d= [7.38384958e-05 5.64448390e-05 4.69863843e-05 4.03088775e-05
 3.50709794e-05 3.07323095e-05 2.70214430e-05 2.37823839e-05
 2.09169153e-05 1.83589937e-05 1.60619545e-05 1.39915368e-05
 1.21218128e-05 1.04326818e-05 8.90825671e-06 7.53578728e-06
 6.30491881e-06 5.20716847e-06 4.23554732e-06 3.38428252e-06
 2.64861029e-06 2.02461992e-06 1.50913565e-06 1.09962718e-06
 7.94142364e-07 5.91257839e-07 4.90044260e-07 4.90044260e-07]
======================
xi= [0.06819287 0.00498431 0.00108983 0.01127014 0.02674508 0.04454927
 0.06336169 0.08248361 0.1014991  0.12013839 0.13821491 0.15559313
 0.17217085 0.18786872 0.20262376 0.21638512 0.22911121 0.24076773
 0.25132622 0.26076301 0.26905849 0.27619645 0.28216367 0.28694958
 0.29054597 0.29294686 0.29414829 0.29414829]
======================
t_f_hrs= 0.6250005000000001
======================
rpt= [2.5387168071086097e-05, 7.74336142172192e-07, -2.3838495786741713e-05]
======================
counter_t= [0]
======================
