
=========2023-07-10===
Zrange= [0.         0.00018519 0.00037037 0.00055556 0.00074074 0.00092593
 0.00111111 0.0012963  0.00148148 0.00166667 0.00185185 0.00203704
 0.00222222 0.00240741 0.00259259 0.00277778 0.00296296 0.00314815
 0.00333333 0.00351852 0.0037037  0.00388889 0.00407407 0.00425926
 0.00444444 0.00462963 0.00481481 0.005     ]
======================
CMTS= [0.94484719 0.7806626  0.66894875 0.5852586  0.51904605 0.46480826
 0.41931095 0.38049156 0.3469543  0.3177111  0.29203752 0.2693873
 0.24933913 0.23156203 0.21579207 0.20181623 0.18946099 0.178584
 0.16906799 0.16081621 0.15374893 0.14780081 0.14291893 0.13906119
 0.13619517 0.13429727 0.13335211 0.13335211]
======================
CH2= [0.94484719 0.94488201 0.94490667 0.9449254  0.94494019 0.94495214
 0.94496197 0.94497012 0.94497693 0.94498265 0.94498746 0.9449915
 0.94499489 0.94499773 0.94500008 0.94500202 0.9450036  0.94500488
 0.94500589 0.94500667 0.94500726 0.94500768 0.94500797 0.94500816
 0.94500826 0.94500831 0.94500832 0.94500832]
======================
CHCl= [0.         0.24429795 0.41053355 0.53507359 0.63360705 0.71432083
 0.78202706 0.83979473 0.88970087 0.93321585 0.97141784 1.00511982
 1.03494889 1.06139772 1.0848592  1.10565047 1.12402988 1.14020939
 1.15436363 1.16663674 1.17714749 1.18599322 1.19325284 1.19898915
 1.20325052 1.20607224 1.20747739 1.20747739]
======================
phi= [-5.01474956e-06  1.48186491e-06  6.83881306e-06  1.14634031e-05
  1.55504565e-05  1.92125138e-05  2.25224151e-05  2.55309759e-05
  2.82755577e-05  3.07847040e-05  3.30808608e-05  3.51820747e-05
  3.71031072e-05  3.88561951e-05  4.04515868e-05  4.18979314e-05
  4.32025657e-05  4.43717323e-05  4.54107455e-05  4.63241204e-05
  4.71156739e-05  4.77886040e-05  4.83455519e-05  4.87886508e-05
  4.91195632e-05  4.93395097e-05  4.94492885e-05  4.94492885e-05]
======================
d= [5.25073748e-05 4.92590675e-05 4.65805935e-05 4.42682984e-05
 4.22247717e-05 4.03937431e-05 3.87387924e-05 3.72345120e-05
 3.58622212e-05 3.46076480e-05 3.34595696e-05 3.24089626e-05
 3.14484464e-05 3.05719025e-05 2.97742066e-05 2.90510343e-05
 2.83987171e-05 2.78141338e-05 2.72946273e-05 2.68379398e-05
 2.64421631e-05 2.61056980e-05 2.58272240e-05 2.56056746e-05
 2.54402184e-05 2.53302451e-05 2.52753558e-05 2.52753558e-05]
======================
xi= [7.54431395e-04 6.58777087e-05 1.40308092e-03 3.94228832e-03
 7.25450093e-03 1.10736206e-02 1.52177755e-02 1.95549220e-02
 2.39852149e-02 2.84309400e-02 3.28303006e-02 3.71333515e-02
 4.12992169e-02 4.52941168e-02 4.90899263e-02 5.26630996e-02
 5.59938506e-02 5.90655189e-02 6.18640742e-02 6.43777238e-02
 6.65966018e-02 6.85125202e-02 7.01187717e-02 7.14099733e-02
 7.23819447e-02 7.30316165e-02 7.33569639e-02 7.33569639e-02]
======================
t_f_hrs= 0.44444480000000003
======================
rpt= [4.343657815228963e-05, 3.6873156304579256e-05, 3.0309734456868882e-05, 2.374631260915851e-05, 1.7182890761448136e-05, 1.0619468913737762e-05, 4.056047066027388e-06, -2.507374781682986e-06]
======================
counter_t= [0]
======================
