
=========2023-07-03===
CMTS= [0.94484719 0.70236774 0.58713886 0.51202075 0.45664258 0.41310717
 0.37752315 0.34768132 0.32220426 0.30017412 0.28094823 0.26405917
 0.24915662 0.2359717  0.22429402 0.21395643 0.20482454 0.19678929
 0.18976165 0.18366872 0.17845081 0.17405929 0.17045491 0.16760655
 0.16549033 0.16408891 0.16339098 0.16339098] 
======================
CH2= [0.94484719 0.94490414 0.94493147 0.94494914 0.94496191 0.94497166
 0.94497937 0.94498559 0.94499068 0.94499488 0.94499837 0.94500127
 0.94500368 0.94500567 0.94500732 0.94500868 0.94500978 0.94501066
 0.94501135 0.94501189 0.9450123  0.94501259 0.94501279 0.94501291
 0.94501298 0.94501301 0.94501302 0.94501302] 
======================
CHCl= [0.         0.36070673 0.53212368 0.64387783 0.72626788 0.79103994
 0.84398224 0.88838105 0.92628543 0.95906088 0.98766354 1.01278889
 1.0349582  1.05457158 1.07194213 1.08731861 1.10090108 1.11285186
 1.1233035  1.13236454 1.14012389 1.14665399 1.15201334 1.1562483
 1.15939452 1.16147792 1.16251543 1.16251543] 
======================
phi= [-9.21831776e-08  6.12680340e-06  1.10471859e-05  1.52474715e-05
  1.89417487e-05  2.22429229e-05  2.52211531e-05  2.79243907e-05
  3.03875050e-05  3.26369741e-05  3.46935499e-05  3.65738882e-05
  3.82916024e-05  3.98579754e-05  4.12824589e-05  4.25730324e-05
  4.37364689e-05  4.47785344e-05  4.57041407e-05  4.65174634e-05
  4.72220347e-05  4.78208153e-05  4.83162517e-05  4.87103207e-05
  4.90045636e-05  4.92001118e-05  4.92977056e-05  4.92977056e-05] 
======================
d= [5.00460916e-05 4.69365983e-05 4.44764071e-05 4.23762642e-05
 4.05291256e-05 3.88785386e-05 3.73894235e-05 3.60378047e-05
 3.48062475e-05 3.36815130e-05 3.26532251e-05 3.17130559e-05
 3.08541988e-05 3.00710123e-05 2.93587706e-05 2.87134838e-05
 2.81317655e-05 2.76107328e-05 2.71479297e-05 2.67412683e-05
 2.63889827e-05 2.60895924e-05 2.58418741e-05 2.56448396e-05
 2.54977182e-05 2.53999441e-05 2.53511472e-05 2.53511472e-05] 
======================
xi= [2.54932147e-07 1.12613160e-03 3.66120948e-03 6.97456162e-03
 1.07636953e-02 1.48424285e-02 1.90831969e-02 2.33931479e-02
 2.77020138e-02 3.19551623e-02 3.61092721e-02 4.01294790e-02
 4.39874044e-02 4.76597461e-02 5.11272423e-02 5.43738927e-02
 5.73863614e-02 6.01535144e-02 6.26660543e-02 6.49162321e-02
 6.68976168e-02 6.86049112e-02 7.00338054e-02 7.11808604e-02
 7.20434175e-02 7.26195300e-02 7.29079133e-02 7.29079133e-02] 
======================
tf_hrs= 0.42361145 
======================
rpt= [4.9179572269036207e-05, 4.835914453807241e-05, 4.7538716807108615e-05, 4.671828907614482e-05, 4.589786134518102e-05, 4.507743361421723e-05, 4.425700588325343e-05, 4.3436578152289636e-05, 4.261615042132584e-05, 4.1795722690362044e-05, 4.097529495939825e-05, 4.015486722843445e-05, 3.933443949747066e-05, 3.851401176650686e-05, 3.7693584035543065e-05, 3.687315630457927e-05, 3.6052728573615473e-05, 3.523230084265168e-05, 3.441187311168788e-05, 3.3591445380724086e-05, 3.277101764976029e-05, 3.1950589918796494e-05, 3.11301621878327e-05, 3.0309734456868903e-05, 2.9489306725905107e-05, 2.866887899494131e-05, 2.7848451263977515e-05, 2.702802353301372e-05, 2.6207595802049924e-05, 2.5387168071086128e-05, 2.4566740340122332e-05, 2.3746312609158536e-05, 2.292588487819474e-05, 2.2105457147230944e-05, 2.128502941626715e-05, 2.0464601685303353e-05, 1.9644173954339557e-05, 1.882374622337576e-05, 1.8003318492411965e-05, 1.718289076144817e-05, 1.6362463030484374e-05, 1.5542035299520578e-05, 1.472160756855678e-05, 1.3901179837592983e-05, 1.3080752106629185e-05, 1.2260324375665388e-05, 1.143989664470159e-05, 1.0619468913737793e-05, 9.799041182773995e-06, 8.978613451810198e-06, 8.1581857208464e-06, 7.3377579898826035e-06, 6.517330258918807e-06, 5.69690252795501e-06, 4.8764747969912135e-06, 4.056047066027417e-06, 3.23561933506362e-06, 2.4151916040998235e-06, 1.5947638731360268e-06, 7.7433614217223e-07, -4.609158879156674e-08] 
======================
counter_t= [ 0 25 50] 
======================
