
=========2023-07-03===
CMTS= [0.94484719 0.70966197 0.59732899 0.52375355 0.4693037  0.42636116
 0.39116639 0.36158169 0.3362722  0.31434713 0.2951819  0.27832168
 0.26342516 0.25023011 0.2385311  0.22816481 0.21899976 0.2109292
 0.20386593 0.19773848 0.19248831 0.18806769 0.18443807 0.18156891
 0.17943675 0.17802454 0.17732116 0.17732116] 
======================
CH2= [0.94484719 0.94490411 0.94493072 0.94494783 0.94496016 0.94496957
 0.94497701 0.94498302 0.94498793 0.94499198 0.94499535 0.94499815
 0.94500047 0.94500241 0.945004   0.94500531 0.94500637 0.94500722
 0.9450079  0.94500842 0.94500881 0.94500909 0.94500928 0.9450094
 0.94500947 0.9450095  0.94500951 0.94500951] 
======================
CHCl= [0.         0.34987827 0.51698933 0.62644836 0.70745667 0.77134595
 0.82370839 0.86772393 0.90537835 0.93799688 0.96650876 0.99159073
 1.01375064 1.03337873 1.05078068 1.06619959 1.07983114 1.09183423
 1.1023387  1.11145096 1.11925819 1.1258315  1.1312283  1.13549415
 1.13866406 1.14076349 1.14180908 1.14180908] 
======================
phi= [8.92330100e-07 6.91169104e-06 1.17208659e-05 1.58404109e-05
 1.94701685e-05 2.27172470e-05 2.56488280e-05 2.83111113e-05
 3.07378406e-05 3.29547233e-05 3.49819595e-05 3.68357952e-05
 3.85295311e-05 4.00742063e-05 4.14790792e-05 4.27519735e-05
 4.38995359e-05 4.49274285e-05 4.58404780e-05 4.66427896e-05
 4.73378374e-05 4.79285347e-05 4.84172895e-05 4.88060479e-05
 4.90963277e-05 4.92892431e-05 4.93855233e-05 4.93855233e-05] 
======================
d= [4.95538350e-05 4.65441545e-05 4.41395671e-05 4.20797945e-05
 4.02649158e-05 3.86413765e-05 3.71755860e-05 3.58444443e-05
 3.46310797e-05 3.35226384e-05 3.25090203e-05 3.15821024e-05
 3.07352345e-05 2.99628968e-05 2.92604604e-05 2.86240132e-05
 2.80502321e-05 2.75362857e-05 2.70797610e-05 2.66786052e-05
 2.63310813e-05 2.60357327e-05 2.57913552e-05 2.55969760e-05
 2.54518362e-05 2.53553784e-05 2.53072384e-05 2.53072384e-05] 
======================
xi= [2.38875902e-05 1.43314419e-03 4.12136092e-03 7.52755856e-03
 1.13726238e-02 1.54821993e-02 1.97358713e-02 2.40455708e-02
 2.83444453e-02 3.25804136e-02 3.67121247e-02 4.07062743e-02
 4.45357429e-02 4.81782604e-02 5.16154203e-02 5.48319372e-02
 5.78150774e-02 6.05542150e-02 6.30404826e-02 6.52664946e-02
 6.72261254e-02 6.89143331e-02 7.03270177e-02 7.14609095e-02
 7.23134818e-02 7.28828846e-02 7.31678972e-02 7.31678972e-02] 
======================
tf_hrs= 0.41944478 
======================
rpt= [4.967182890761448e-05, 4.934365781522896e-05, 4.901548672284344e-05, 4.8687315630457924e-05, 4.8359144538072404e-05, 4.8030973445686884e-05, 4.7702802353301365e-05, 4.7374631260915845e-05, 4.7046460168530325e-05, 4.6718289076144806e-05, 4.6390117983759286e-05, 4.6061946891373766e-05, 4.5733775798988246e-05, 4.540560470660273e-05, 4.507743361421721e-05, 4.474926252183169e-05, 4.442109142944617e-05, 4.409292033706065e-05, 4.376474924467513e-05, 4.343657815228961e-05, 4.310840705990409e-05, 4.278023596751857e-05, 4.245206487513305e-05, 4.212389378274753e-05, 4.179572269036201e-05, 4.146755159797649e-05, 4.113938050559097e-05, 4.081120941320545e-05, 4.048303832081993e-05, 4.015486722843441e-05, 3.982669613604889e-05, 3.949852504366337e-05, 3.917035395127785e-05, 3.884218285889233e-05, 3.8514011766506813e-05, 3.8185840674121294e-05, 3.7857669581735774e-05, 3.7529498489350254e-05, 3.7201327396964735e-05, 3.6873156304579215e-05, 3.6544985212193695e-05, 3.6216814119808176e-05, 3.5888643027422656e-05, 3.5560471935037136e-05, 3.5232300842651617e-05, 3.49041297502661e-05, 3.457595865788058e-05, 3.424778756549506e-05, 3.391961647310954e-05, 3.359144538072402e-05, 3.32632742883385e-05, 3.293510319595298e-05, 3.260693210356746e-05, 3.227876101118194e-05, 3.195058991879642e-05, 3.16224188264109e-05, 3.129424773402538e-05, 3.096607664163986e-05, 3.063790554925434e-05, 3.030973445686882e-05, 2.99815633644833e-05, 2.9653392272097782e-05, 2.9325221179712262e-05, 2.8997050087326743e-05, 2.8668878994941223e-05, 2.8340707902555703e-05, 2.8012536810170184e-05, 2.7684365717784664e-05, 2.7356194625399144e-05, 2.7028023533013624e-05, 2.6699852440628105e-05, 2.6371681348242585e-05, 2.6043510255857065e-05, 2.5715339163471546e-05, 2.5387168071086026e-05, 2.5058996978700506e-05, 2.4730825886314987e-05, 2.4402654793929467e-05, 2.4074483701543947e-05, 2.3746312609158428e-05, 2.3418141516772908e-05, 2.3089970424387388e-05, 2.276179933200187e-05, 2.243362823961635e-05, 2.210545714723083e-05, 2.177728605484531e-05, 2.144911496245979e-05, 2.112094387007427e-05, 2.079277277768875e-05, 2.046460168530323e-05, 2.013643059291771e-05, 1.980825950053219e-05, 1.9480088408146672e-05, 1.9151917315761152e-05, 1.8823746223375632e-05, 1.8495575130990113e-05, 1.8167404038604593e-05, 1.7839232946219073e-05, 1.7511061853833554e-05, 1.7182890761448034e-05, 1.6854719669062514e-05, 1.6526548576676995e-05, 1.6198377484291475e-05, 1.5870206391905955e-05, 1.5542035299520436e-05, 1.5213864207134918e-05, 1.48856931147494e-05, 1.4557522022363882e-05, 1.4229350929978364e-05, 1.3901179837592846e-05, 1.3573008745207328e-05, 1.324483765282181e-05, 1.2916666560436292e-05, 1.2588495468050774e-05, 1.2260324375665256e-05, 1.1932153283279738e-05, 1.160398219089422e-05, 1.1275811098508702e-05, 1.0947640006123184e-05, 1.0619468913737666e-05, 1.0291297821352148e-05, 9.96312672896663e-06, 9.634955636581112e-06, 9.306784544195594e-06, 8.978613451810076e-06, 8.650442359424558e-06, 8.32227126703904e-06, 7.994100174653522e-06, 7.665929082268004e-06, 7.337757989882485e-06, 7.009586897496966e-06, 6.681415805111447e-06, 6.353244712725928e-06, 6.0250736203404096e-06, 5.696902527954891e-06, 5.368731435569372e-06, 5.040560343183853e-06, 4.712389250798334e-06, 4.384218158412815e-06, 4.0560470660272965e-06, 3.7278759736417777e-06, 3.399704881256259e-06, 3.07153378887074e-06, 2.743362696485221e-06, 2.4151916040997024e-06, 2.0870205117141835e-06, 1.7588494193286647e-06, 1.4306783269431458e-06, 1.102507234557627e-06, 7.743361421721083e-07, 4.4616504978658954e-07] 
======================
counter_t= [  0  10  20  30  40  50  60  70  80  90 100 110 120 130 140 150] 
======================
