
=========2023-07-03===
CMTS= [0.1717904  0.13082912 0.11037368 0.09679833 0.08669519 0.07870458
 0.07214544 0.06662693 0.06190351 0.0578106  0.05423244 0.05108453
 0.04830333 0.04583996 0.04365608 0.0417212  0.04001072 0.03850468
 0.03718676 0.03604357 0.03506416 0.03423958 0.0335626  0.03302749
 0.03262987 0.03236652 0.03223536 0.03223536] 
======================
CH2= [1.71790398 1.7179208  1.71792966 1.71793562 1.71794002 1.71794344
 1.71794617 1.7179484  1.71795023 1.71795175 1.71795302 1.71795408
 1.71795497 1.71795571 1.71795632 1.71795682 1.71795722 1.71795755
 1.71795781 1.71795801 1.71795816 1.71795827 1.71795835 1.71795839
 1.71795842 1.71795843 1.71795843 1.71795843] 
======================
CHCl= [0.         0.06078632 0.09114287 0.1112895  0.12628333 0.13814207
 0.14787642 0.15606637 0.16307632 0.16915051 0.17446076 0.17913246
 0.1832599  0.18691563 0.19015655 0.19302795 0.1955663  0.19780124
 0.19975699 0.20145342 0.20290681 0.20413043 0.205135   0.20592902
 0.20651905 0.20690982 0.20710444 0.20710444] 
======================
phi= [9.51997571e-07 6.93035160e-06 1.17320880e-05 1.58519392e-05
 1.94847639e-05 2.27360340e-05 2.56722446e-05 2.83392649e-05
 3.07706652e-05 3.29920574e-05 3.50235871e-05 3.68814691e-05
 3.85789868e-05 4.01271703e-05 4.15352738e-05 4.28111210e-05
 4.39613599e-05 4.49916560e-05 4.59068399e-05 4.67110218e-05
 4.74076814e-05 4.79997379e-05 4.84896059e-05 4.88792385e-05
 4.91701608e-05 4.93634954e-05 4.94599803e-05 4.94599803e-05] 
======================
d= [4.95240012e-05 4.65348242e-05 4.41339560e-05 4.20740304e-05
 4.02576180e-05 3.86319830e-05 3.71638777e-05 3.58303675e-05
 3.46146674e-05 3.35039713e-05 3.24882065e-05 3.15592654e-05
 3.07105066e-05 2.99364149e-05 2.92323631e-05 2.85944395e-05
 2.80193200e-05 2.75041720e-05 2.70465801e-05 2.66444891e-05
 2.62961593e-05 2.60001310e-05 2.57551970e-05 2.55603808e-05
 2.54149196e-05 2.53182523e-05 2.52700098e-05 2.52700098e-05] 
======================
xi= [2.71889813e-05 1.44089320e-03 4.12925669e-03 7.53851925e-03
 1.13896807e-02 1.55078173e-02 1.97719242e-02 2.40934181e-02
 2.84050152e-02 3.26542756e-02 3.67995496e-02 4.08072830e-02
 4.46501466e-02 4.83056938e-02 5.17553692e-02 5.49837625e-02
 5.79780350e-02 6.07274733e-02 6.32231384e-02 6.54575868e-02
 6.74246477e-02 6.91192452e-02 7.05372564e-02 7.16753986e-02
 7.25311413e-02 7.31026405e-02 7.33886897e-02 7.33886897e-02] 
======================
tf_hrs= 2.3055574 
======================
rpt= [4.940332528657179e-05, 4.8806650573143575e-05, 4.820997585971536e-05, 4.761330114628715e-05, 4.701662643285893e-05, 4.641995171943072e-05, 4.5823277006002505e-05, 4.522660229257429e-05, 4.462992757914608e-05, 4.403325286571786e-05, 4.343657815228965e-05, 4.2839903438861435e-05, 4.224322872543322e-05, 4.164655401200501e-05, 4.1049879298576794e-05, 4.045320458514858e-05, 3.9856529871720366e-05, 3.925985515829215e-05, 3.866318044486394e-05, 3.8066505731435724e-05, 3.746983101800751e-05, 3.6873156304579296e-05, 3.627648159115108e-05, 3.567980687772287e-05, 3.5083132164294655e-05, 3.448645745086644e-05, 3.388978273743823e-05, 3.329310802401001e-05, 3.26964333105818e-05, 3.2099758597153585e-05, 3.150308388372537e-05, 3.090640917029716e-05, 3.030973445686894e-05, 2.9713059743440723e-05, 2.9116385030012505e-05, 2.8519710316584288e-05, 2.792303560315607e-05, 2.7326360889727853e-05, 2.6729686176299636e-05, 2.613301146287142e-05, 2.55363367494432e-05, 2.4939662036014984e-05, 2.4342987322586767e-05, 2.374631260915855e-05, 2.3149637895730332e-05, 2.2552963182302115e-05, 2.1956288468873898e-05, 2.135961375544568e-05, 2.0762939042017463e-05, 2.0166264328589246e-05, 1.956958961516103e-05, 1.897291490173281e-05, 1.8376240188304594e-05, 1.7779565474876377e-05, 1.718289076144816e-05, 1.6586216048019942e-05, 1.5989541334591725e-05, 1.5392866621163507e-05, 1.4796191907735292e-05, 1.4199517194307076e-05, 1.360284248087886e-05, 1.3006167767450645e-05, 1.240949305402243e-05, 1.1812818340594214e-05, 1.1216143627165998e-05, 1.0619468913737783e-05, 1.0022794200309567e-05, 9.426119486881351e-06, 8.829444773453136e-06, 8.23277006002492e-06, 7.636095346596705e-06, 7.039420633168489e-06, 6.442745919740273e-06, 5.846071206312058e-06, 5.249396492883842e-06, 4.6527217794556265e-06, 4.056047066027411e-06, 3.459372352599195e-06, 2.862697639170979e-06, 2.266022925742763e-06, 1.6693482123145468e-06, 1.0726734988863307e-06, 4.759987854581148e-07] 
======================
counter_t= [0] 
======================
