
=========2023-07-10===
Zrange= [0.         0.00018519 0.00037037 0.00055556 0.00074074 0.00092593
 0.00111111 0.0012963  0.00148148 0.00166667 0.00185185 0.00203704
 0.00222222 0.00240741 0.00259259 0.00277778 0.00296296 0.00314815
 0.00333333 0.00351852 0.0037037  0.00388889 0.00407407 0.00425926
 0.00444444 0.00462963 0.00481481 0.005     ]
======================
CMTS= [ 0.94484719  0.70896144  0.53764999  0.4044325   0.29639823  0.20629628
  0.12965196  0.06351154  0.00582449 -0.04488938 -0.08973212 -0.12954501
 -0.16498347 -0.19656669 -0.2247116  -0.24975664 -0.27197893 -0.29160673
 -0.30882877 -0.3238013  -0.33665338 -0.34749101 -0.35640025 -0.36344965
 -0.36869209 -0.37216613 -0.37389693 -0.37389693]
======================
CH2= [0.94484719 0.94487939 0.94490294 0.94492124 0.94493596 0.94494805
 0.94495811 0.94496655 0.94497368 0.94497971 0.94498483 0.94498915
 0.9449928  0.94499586 0.94499842 0.94500054 0.94500227 0.94500367
 0.94500478 0.94500564 0.94500629 0.94500677 0.94500709 0.9450073
 0.94500741 0.94500746 0.94500747 0.94500747]
======================
CHCl= [0.         0.35082114 0.60559561 0.80371378 0.9643784  1.09837342
 1.21235371 1.31071207 1.39649809 1.47191313 1.53859622 1.59779859
 1.65049504 1.69745781 1.73930702 1.77654611 1.80958727 1.83877008
 1.86437532 1.88663543 1.90574248 1.92185418 1.93509866 1.94557798
 1.95337091 1.95853491 1.96110759 1.96110759]
======================
phi= [-3.78318588e-05 -2.30868064e-05 -1.16613649e-05 -2.25964099e-06
  5.75361046e-06  1.27376977e-05  1.89162897e-05  2.44385205e-05
  2.94090881e-05  3.39044896e-05  3.79824123e-05  4.16874788e-05
  4.50549225e-05  4.81130311e-05  5.08848225e-05  5.33892253e-05
  5.56419303e-05  5.76560158e-05  5.94424160e-05  6.10102739e-05
  6.23672132e-05  6.35195459e-05  6.44724341e-05  6.52300138e-05
  6.57954889e-05  6.61712019e-05  6.63586833e-05  6.63586833e-05]
======================
d= [6.89159294e-05 6.15434032e-05 5.58306825e-05 5.11298205e-05
 4.71231948e-05 4.36311511e-05 4.05418552e-05 3.77807398e-05
 3.52954559e-05 3.30477552e-05 3.10087938e-05 2.91562606e-05
 2.74725388e-05 2.59434844e-05 2.45575887e-05 2.33053873e-05
 2.21790349e-05 2.11719921e-05 2.02787920e-05 1.94948630e-05
 1.88163934e-05 1.82402271e-05 1.77637829e-05 1.73849931e-05
 1.71022556e-05 1.69143991e-05 1.68206584e-05 1.68206584e-05]
======================
xi= [0.04293749 0.01599002 0.00407962 0.00015318 0.00099312 0.00486747
 0.01073478 0.01791724 0.02594683 0.03448543 0.04327991 0.05213538
 0.06089838 0.06944591 0.07767795 0.08551228 0.09288073 0.09972648
 0.10600202 0.11166761 0.11669008 0.12104198 0.12470084 0.12764864
 0.12987139 0.13135884 0.13210425 0.13210425]
======================
t_f_hrs= 0.5833338
======================
rpt= [2.7028023533013692e-05, 4.056047066027382e-06, -1.8915929400958928e-05]
======================
counter_t= [0]
======================
