
=========2023-07-03===
CMTS= [0.1717904  0.13356519 0.11612169 0.1047642  0.09633444 0.08964809
 0.08413309 0.07946819 0.07545322 0.07195455 0.06887885 0.06615838
 0.06374244 0.06159213 0.05967708 0.05797314 0.0564609  0.05512463
 0.05395148 0.05293091 0.05205431 0.05131465 0.05070626 0.05022463
 0.04986633 0.04962882 0.04951047 0.04951047] 
======================
CH2= [1.71790398 1.71791849 1.71792511 1.71792938 1.71793249 1.71793488
 1.71793678 1.71793832 1.71793959 1.71794064 1.71794151 1.71794224
 1.71794285 1.71794335 1.71794377 1.71794412 1.7179444  1.71794462
 1.7179448  1.71794494 1.71794504 1.71794512 1.71794517 1.7179452
 1.71794522 1.71794523 1.71794523 1.71794523] 
======================
CHCl= [0.         0.0567253  0.08261201 0.09946743 0.11197814 0.12190159
 0.13008667 0.13701012 0.142969   0.14816159 0.15272642 0.15676403
 0.16034968 0.16354105 0.16638325 0.16891213 0.17115647 0.17313964
 0.17488072 0.17639534 0.17769628 0.17879398 0.17969686 0.1804116
 0.18094334 0.1812958  0.18147143 0.18147143] 
======================
phi= [9.81831307e-07 7.72214107e-06 1.33274320e-05 1.82626216e-05
 2.27015453e-05 2.67226168e-05 3.03925413e-05 3.37857151e-05
 3.69394791e-05 3.98575359e-05 4.25558107e-05 4.50478913e-05
 4.73451434e-05 4.94571233e-05 5.13919256e-05 5.31564496e-05
 5.47566036e-05 5.61974613e-05 5.74833814e-05 5.86181003e-05
 5.96048025e-05 6.04461731e-05 6.11444322e-05 6.17013549e-05
 6.21182698e-05 6.23960382e-05 6.25350145e-05 6.25350145e-05] 
======================
d= [4.95090843e-05 4.61389295e-05 4.33362840e-05 4.08686892e-05
 3.86492273e-05 3.66386916e-05 3.48037293e-05 3.31071425e-05
 3.15302604e-05 3.00712320e-05 2.87220946e-05 2.74760543e-05
 2.63274283e-05 2.52714383e-05 2.43040372e-05 2.34217752e-05
 2.26216982e-05 2.19012693e-05 2.12583093e-05 2.06909499e-05
 2.01975987e-05 1.97769135e-05 1.94277839e-05 1.91493226e-05
 1.89408651e-05 1.88019809e-05 1.87324927e-05 1.87324927e-05] 
======================
xi= [2.89197814e-05 1.78894388e-03 5.32861328e-03 1.00057005e-02
 1.54608048e-02 2.14229475e-02 2.77111970e-02 3.42442363e-02
 4.09357536e-02 4.76586951e-02 5.43299109e-02 6.08793754e-02
 6.72468780e-02 7.33802114e-02 7.92339005e-02 8.47682440e-02
 8.99485692e-02 9.47446397e-02 9.91301742e-02 1.03082450e-01
 1.06581975e-01 1.09612195e-01 1.12159248e-01 1.14211716e-01
 1.15760383e-01 1.16797967e-01 1.17318841e-01 1.17318841e-01] 
======================
tf_hrs= 2.304862955 
======================
rpt= [4.9985083132164296e-05, 4.997016626432859e-05, 4.995524939649288e-05, 4.994033252865718e-05, 4.992541566082147e-05, 4.9910498792985764e-05, 4.989558192515006e-05, 4.988066505731435e-05, 4.9865748189478645e-05, 4.985083132164294e-05, 4.983591445380723e-05, 4.9820997585971526e-05, 4.980608071813582e-05, 4.979116385030011e-05, 4.977624698246441e-05, 4.97613301146287e-05, 4.9746413246792994e-05, 4.973149637895729e-05, 4.971657951112158e-05, 4.9701662643285875e-05, 4.968674577545017e-05, 4.967182890761446e-05, 4.9656912039778756e-05, 4.964199517194305e-05, 4.962707830410734e-05, 4.961216143627164e-05, 4.959724456843593e-05, 4.9582327700600224e-05, 4.956741083276452e-05, 4.955249396492881e-05, 4.9537577097093105e-05, 4.95226602292574e-05, 4.950774336142169e-05, 4.9492826493585986e-05, 4.947790962575028e-05, 4.946299275791457e-05, 4.944807589007887e-05, 4.943315902224316e-05, 4.9418242154407454e-05, 4.940332528657175e-05, 4.938840841873604e-05, 4.9373491550900335e-05, 4.935857468306463e-05, 4.934365781522892e-05, 4.9328740947393216e-05, 4.931382407955751e-05, 4.92989072117218e-05, 4.92839903438861e-05, 4.926907347605039e-05, 4.9254156608214684e-05, 4.923923974037898e-05, 4.922432287254327e-05, 4.9209406004707565e-05, 4.919448913687186e-05, 4.917957226903615e-05, 4.9164655401200446e-05, 4.914973853336474e-05, 4.913482166552903e-05, 4.911990479769333e-05, 4.910498792985762e-05, 4.9090071062021914e-05, 4.907515419418621e-05, 4.90602373263505e-05, 4.9045320458514795e-05, 4.903040359067909e-05, 4.901548672284338e-05, 4.9000569855007676e-05, 4.898565298717197e-05, 4.897073611933626e-05, 4.895581925150056e-05, 4.894090238366485e-05, 4.8925985515829144e-05, 4.891106864799344e-05, 4.889615178015773e-05, 4.8881234912322025e-05, 4.886631804448632e-05, 4.885140117665061e-05, 4.8836484308814906e-05, 4.88215674409792e-05, 4.880665057314349e-05, 4.879173370530779e-05, 4.877681683747208e-05, 4.8761899969636374e-05, 4.874698310180067e-05, 4.873206623396496e-05, 4.8717149366129255e-05, 4.870223249829355e-05, 4.868731563045784e-05, 4.8672398762622136e-05, 4.865748189478643e-05, 4.864256502695072e-05, 4.862764815911502e-05, 4.861273129127931e-05, 4.8597814423443604e-05, 4.85828975556079e-05, 4.856798068777219e-05, 4.8553063819936485e-05, 4.853814695210078e-05, 4.852323008426507e-05, 4.8508313216429366e-05, 4.849339634859366e-05, 4.847847948075795e-05, 4.846356261292225e-05, 4.844864574508654e-05, 4.8433728877250834e-05, 4.841881200941513e-05, 4.840389514157942e-05, 4.8388978273743715e-05, 4.837406140590801e-05, 4.83591445380723e-05, 4.8344227670236596e-05, 4.832931080240089e-05, 4.831439393456518e-05, 4.829947706672948e-05, 4.828456019889377e-05, 4.8269643331058064e-05, 4.825472646322236e-05, 4.823980959538665e-05, 4.8224892727550945e-05, 4.820997585971524e-05, 4.819505899187953e-05, 4.8180142124043826e-05, 4.816522525620812e-05, 4.815030838837241e-05, 4.813539152053671e-05, 4.8120474652701e-05, 4.8105557784865294e-05, 4.809064091702959e-05, 4.807572404919388e-05, 4.8060807181358175e-05, 4.804589031352247e-05, 4.803097344568676e-05, 4.8016056577851056e-05, 4.800113971001535e-05, 4.798622284217964e-05, 4.797130597434394e-05, 4.795638910650823e-05, 4.7941472238672524e-05, 4.792655537083682e-05, 4.791163850300111e-05, 4.7896721635165405e-05, 4.78818047673297e-05, 4.786688789949399e-05, 4.7851971031658286e-05, 4.783705416382258e-05, 4.782213729598687e-05, 4.780722042815117e-05, 4.779230356031546e-05, 4.7777386692479754e-05, 4.776246982464405e-05, 4.774755295680834e-05, 4.7732636088972635e-05, 4.771771922113693e-05, 4.770280235330122e-05, 4.7687885485465516e-05, 4.767296861762981e-05, 4.76580517497941e-05, 4.76431348819584e-05, 4.762821801412269e-05, 4.7613301146286984e-05, 4.759838427845128e-05, 4.758346741061557e-05, 4.7568550542779865e-05, 4.755363367494416e-05, 4.753871680710845e-05, 4.7523799939272746e-05, 4.750888307143704e-05, 4.749396620360133e-05, 4.747904933576563e-05, 4.746413246792992e-05, 4.7449215600094214e-05, 4.743429873225851e-05, 4.74193818644228e-05, 4.7404464996587095e-05, 4.738954812875139e-05, 4.737463126091568e-05, 4.7359714393079976e-05, 4.734479752524427e-05, 4.732988065740856e-05, 4.731496378957286e-05, 4.730004692173715e-05, 4.7285130053901444e-05, 4.727021318606574e-05, 4.725529631823003e-05, 4.7240379450394325e-05, 4.722546258255862e-05, 4.721054571472291e-05, 4.7195628846887206e-05, 4.71807119790515e-05, 4.716579511121579e-05, 4.715087824338009e-05, 4.713596137554438e-05, 4.7121044507708674e-05, 4.710612763987297e-05, 4.709121077203726e-05, 4.7076293904201555e-05, 4.706137703636585e-05, 4.704646016853014e-05, 4.7031543300694436e-05, 4.701662643285873e-05, 4.700170956502302e-05, 4.698679269718732e-05, 4.697187582935161e-05, 4.6956958961515904e-05, 4.69420420936802e-05, 4.692712522584449e-05, 4.6912208358008785e-05, 4.689729149017308e-05, 4.688237462233737e-05, 4.6867457754501666e-05, 4.685254088666596e-05, 4.683762401883025e-05, 4.682270715099455e-05, 4.680779028315884e-05, 4.6792873415323134e-05, 4.677795654748743e-05, 4.676303967965172e-05, 4.6748122811816015e-05, 4.673320594398031e-05, 4.67182890761446e-05, 4.6703372208308896e-05, 4.668845534047319e-05, 4.667353847263748e-05, 4.665862160480178e-05, 4.664370473696607e-05, 4.6628787869130364e-05, 4.661387100129466e-05, 4.659895413345895e-05, 4.6584037265623245e-05, 4.656912039778754e-05, 4.655420352995183e-05, 4.6539286662116126e-05, 4.652436979428042e-05, 4.650945292644471e-05, 4.649453605860901e-05, 4.64796191907733e-05, 4.6464702322937594e-05, 4.644978545510189e-05, 4.643486858726618e-05, 4.6419951719430475e-05, 4.640503485159477e-05, 4.639011798375906e-05, 4.6375201115923356e-05, 4.636028424808765e-05, 4.634536738025194e-05, 4.633045051241624e-05, 4.631553364458053e-05, 4.6300616776744824e-05, 4.628569990890912e-05, 4.627078304107341e-05, 4.6255866173237705e-05, 4.6240949305402e-05, 4.622603243756629e-05, 4.6211115569730586e-05, 4.619619870189488e-05, 4.618128183405917e-05, 4.616636496622347e-05, 4.615144809838776e-05, 4.6136531230552054e-05, 4.612161436271635e-05, 4.610669749488064e-05, 4.6091780627044935e-05, 4.607686375920923e-05, 4.606194689137352e-05, 4.6047030023537816e-05, 4.603211315570211e-05, 4.60171962878664e-05, 4.60022794200307e-05, 4.598736255219499e-05, 4.5972445684359284e-05, 4.595752881652358e-05, 4.594261194868787e-05, 4.5927695080852165e-05, 4.591277821301646e-05, 4.589786134518075e-05, 4.5882944477345046e-05, 4.586802760950934e-05, 4.585311074167363e-05, 4.583819387383793e-05, 4.582327700600222e-05, 4.5808360138166514e-05, 4.579344327033081e-05, 4.57785264024951e-05, 4.5763609534659395e-05, 4.574869266682369e-05, 4.573377579898798e-05, 4.5718858931152276e-05, 4.570394206331657e-05, 4.568902519548086e-05, 4.567410832764516e-05, 4.565919145980945e-05, 4.5644274591973744e-05, 4.562935772413804e-05, 4.561444085630233e-05, 4.5599523988466625e-05, 4.558460712063092e-05, 4.556969025279521e-05, 4.5554773384959506e-05, 4.55398565171238e-05, 4.552493964928809e-05, 4.551002278145239e-05, 4.549510591361668e-05, 4.5480189045780974e-05, 4.546527217794527e-05, 4.545035531010956e-05, 4.5435438442273855e-05, 4.542052157443815e-05, 4.540560470660244e-05, 4.5390687838766736e-05, 4.537577097093103e-05, 4.536085410309532e-05, 4.534593723525962e-05, 4.533102036742391e-05, 4.5316103499588204e-05, 4.53011866317525e-05, 4.528626976391679e-05, 4.5271352896081085e-05, 4.525643602824538e-05, 4.524151916040967e-05, 4.5226602292573966e-05, 4.521168542473826e-05, 4.519676855690255e-05, 4.518185168906685e-05, 4.516693482123114e-05, 4.5152017953395434e-05, 4.513710108555973e-05, 4.512218421772402e-05, 4.5107267349888315e-05, 4.509235048205261e-05, 4.50774336142169e-05, 4.5062516746381196e-05, 4.504759987854549e-05, 4.503268301070978e-05, 4.501776614287408e-05, 4.500284927503837e-05, 4.4987932407202664e-05, 4.497301553936696e-05, 4.495809867153125e-05, 4.4943181803695545e-05, 4.492826493585984e-05, 4.491334806802413e-05, 4.4898431200188426e-05, 4.488351433235272e-05, 4.486859746451701e-05, 4.485368059668131e-05, 4.48387637288456e-05, 4.4823846861009894e-05, 4.480892999317419e-05, 4.479401312533848e-05, 4.4779096257502775e-05, 4.476417938966707e-05, 4.474926252183136e-05, 4.4734345653995656e-05, 4.471942878615995e-05, 4.470451191832424e-05, 4.468959505048854e-05, 4.467467818265283e-05, 4.4659761314817124e-05, 4.464484444698142e-05, 4.462992757914571e-05, 4.4615010711310005e-05, 4.46000938434743e-05, 4.458517697563859e-05, 4.4570260107802886e-05, 4.455534323996718e-05, 4.454042637213147e-05, 4.452550950429577e-05, 4.451059263646006e-05, 4.4495675768624354e-05, 4.448075890078865e-05, 4.446584203295294e-05, 4.4450925165117235e-05, 4.443600829728153e-05, 4.442109142944582e-05, 4.4406174561610116e-05, 4.439125769377441e-05, 4.43763408259387e-05, 4.4361423958103e-05, 4.434650709026729e-05, 4.4331590222431584e-05, 4.431667335459588e-05, 4.430175648676017e-05, 4.4286839618924465e-05, 4.427192275108876e-05, 4.425700588325305e-05, 4.4242089015417346e-05, 4.422717214758164e-05, 4.421225527974593e-05, 4.419733841191023e-05, 4.418242154407452e-05, 4.4167504676238814e-05, 4.415258780840311e-05, 4.41376709405674e-05, 4.4122754072731695e-05, 4.410783720489599e-05, 4.409292033706028e-05, 4.4078003469224576e-05, 4.406308660138887e-05, 4.404816973355316e-05, 4.403325286571746e-05, 4.401833599788175e-05, 4.4003419130046044e-05, 4.398850226221034e-05, 4.397358539437463e-05, 4.3958668526538925e-05, 4.394375165870322e-05, 4.392883479086751e-05, 4.3913917923031806e-05, 4.38990010551961e-05, 4.388408418736039e-05, 4.386916731952469e-05, 4.385425045168898e-05, 4.3839333583853274e-05, 4.382441671601757e-05, 4.380949984818186e-05, 4.3794582980346155e-05, 4.377966611251045e-05, 4.376474924467474e-05, 4.3749832376839036e-05, 4.373491550900333e-05, 4.371999864116762e-05, 4.370508177333192e-05, 4.369016490549621e-05, 4.3675248037660504e-05, 4.36603311698248e-05, 4.364541430198909e-05, 4.3630497434153385e-05, 4.361558056631768e-05, 4.360066369848197e-05, 4.3585746830646266e-05, 4.357082996281056e-05, 4.355591309497485e-05, 4.354099622713915e-05, 4.352607935930344e-05, 4.3511162491467734e-05, 4.349624562363203e-05, 4.348132875579632e-05, 4.3466411887960615e-05, 4.345149502012491e-05, 4.34365781522892e-05, 4.3421661284453496e-05, 4.340674441661779e-05, 4.339182754878208e-05, 4.337691068094638e-05, 4.336199381311067e-05, 4.3347076945274964e-05, 4.333216007743926e-05, 4.331724320960355e-05, 4.3302326341767845e-05, 4.328740947393214e-05, 4.327249260609643e-05, 4.3257575738260726e-05, 4.324265887042502e-05, 4.322774200258931e-05, 4.321282513475361e-05, 4.31979082669179e-05, 4.3182991399082194e-05, 4.316807453124649e-05, 4.315315766341078e-05, 4.3138240795575075e-05, 4.312332392773937e-05, 4.310840705990366e-05, 4.3093490192067956e-05, 4.307857332423225e-05, 4.306365645639654e-05, 4.304873958856084e-05, 4.303382272072513e-05, 4.3018905852889424e-05, 4.300398898505372e-05, 4.298907211721801e-05, 4.2974155249382305e-05, 4.29592383815466e-05, 4.294432151371089e-05, 4.2929404645875186e-05, 4.291448777803948e-05, 4.289957091020377e-05, 4.288465404236807e-05, 4.286973717453236e-05, 4.2854820306696654e-05, 4.283990343886095e-05, 4.282498657102524e-05, 4.2810069703189535e-05, 4.279515283535383e-05, 4.278023596751812e-05, 4.2765319099682416e-05, 4.275040223184671e-05, 4.2735485364011e-05, 4.27205684961753e-05, 4.270565162833959e-05, 4.2690734760503884e-05, 4.267581789266818e-05, 4.266090102483247e-05, 4.2645984156996765e-05, 4.263106728916106e-05, 4.261615042132535e-05, 4.2601233553489646e-05, 4.258631668565394e-05, 4.257139981781823e-05, 4.255648294998253e-05, 4.254156608214682e-05, 4.2526649214311114e-05, 4.251173234647541e-05, 4.24968154786397e-05, 4.2481898610803995e-05, 4.246698174296829e-05, 4.245206487513258e-05, 4.2437148007296876e-05, 4.242223113946117e-05, 4.240731427162546e-05, 4.239239740378976e-05, 4.237748053595405e-05, 4.2362563668118344e-05, 4.234764680028264e-05, 4.233272993244693e-05, 4.2317813064611225e-05, 4.230289619677552e-05, 4.228797932893981e-05, 4.2273062461104106e-05, 4.22581455932684e-05, 4.224322872543269e-05, 4.222831185759699e-05, 4.221339498976128e-05, 4.2198478121925574e-05, 4.218356125408987e-05, 4.216864438625416e-05, 4.2153727518418455e-05, 4.213881065058275e-05, 4.212389378274704e-05, 4.2108976914911336e-05, 4.209406004707563e-05, 4.207914317923992e-05, 4.206422631140422e-05, 4.204930944356851e-05, 4.2034392575732804e-05, 4.20194757078971e-05, 4.200455884006139e-05, 4.1989641972225685e-05, 4.197472510438998e-05, 4.195980823655427e-05, 4.1944891368718566e-05, 4.192997450088286e-05, 4.191505763304715e-05, 4.190014076521145e-05, 4.188522389737574e-05, 4.1870307029540034e-05, 4.185539016170433e-05, 4.184047329386862e-05, 4.1825556426032915e-05, 4.181063955819721e-05, 4.17957226903615e-05, 4.1780805822525796e-05, 4.176588895469009e-05, 4.175097208685438e-05, 4.1736055219018677e-05, 4.172113835118297e-05, 4.1706221483347264e-05, 4.169130461551156e-05, 4.167638774767585e-05, 4.1661470879840145e-05, 4.164655401200444e-05, 4.163163714416873e-05, 4.1616720276333026e-05, 4.160180340849732e-05, 4.158688654066161e-05, 4.1571969672825907e-05, 4.15570528049902e-05, 4.1542135937154494e-05, 4.152721906931879e-05, 4.151230220148308e-05, 4.1497385333647375e-05, 4.148246846581167e-05, 4.146755159797596e-05, 4.1452634730140256e-05, 4.143771786230455e-05, 4.142280099446884e-05, 4.1407884126633137e-05, 4.139296725879743e-05, 4.1378050390961724e-05, 4.136313352312602e-05, 4.134821665529031e-05, 4.1333299787454605e-05, 4.13183829196189e-05, 4.130346605178319e-05, 4.1288549183947486e-05, 4.127363231611178e-05, 4.125871544827607e-05, 4.1243798580440367e-05, 4.122888171260466e-05, 4.1213964844768954e-05, 4.119904797693325e-05, 4.118413110909754e-05, 4.1169214241261835e-05, 4.115429737342613e-05, 4.113938050559042e-05, 4.1124463637754716e-05, 4.110954676991901e-05, 4.10946299020833e-05, 4.1079713034247597e-05, 4.106479616641189e-05, 4.1049879298576184e-05, 4.103496243074048e-05, 4.102004556290477e-05, 4.1005128695069065e-05, 4.099021182723336e-05, 4.097529495939765e-05, 4.0960378091561946e-05, 4.094546122372624e-05, 4.093054435589053e-05, 4.0915627488054827e-05, 4.090071062021912e-05, 4.0885793752383414e-05, 4.087087688454771e-05, 4.0855960016712e-05, 4.0841043148876295e-05, 4.082612628104059e-05, 4.081120941320488e-05, 4.0796292545369176e-05, 4.078137567753347e-05, 4.076645880969776e-05, 4.0751541941862057e-05, 4.073662507402635e-05, 4.0721708206190644e-05, 4.070679133835494e-05, 4.069187447051923e-05, 4.0676957602683525e-05, 4.066204073484782e-05, 4.064712386701211e-05, 4.0632206999176406e-05, 4.06172901313407e-05, 4.060237326350499e-05, 4.0587456395669287e-05, 4.057253952783358e-05, 4.0557622659997874e-05, 4.054270579216217e-05, 4.052778892432646e-05, 4.0512872056490755e-05, 4.049795518865505e-05, 4.048303832081934e-05, 4.0468121452983636e-05, 4.045320458514793e-05, 4.043828771731222e-05, 4.0423370849476517e-05, 4.040845398164081e-05, 4.0393537113805104e-05, 4.03786202459694e-05, 4.036370337813369e-05, 4.0348786510297985e-05, 4.033386964246228e-05, 4.031895277462657e-05, 4.0304035906790866e-05, 4.028911903895516e-05, 4.027420217111945e-05, 4.0259285303283747e-05, 4.024436843544804e-05, 4.0229451567612334e-05, 4.021453469977663e-05, 4.019961783194092e-05, 4.0184700964105215e-05, 4.016978409626951e-05, 4.01548672284338e-05, 4.0139950360598096e-05, 4.012503349276239e-05, 4.011011662492668e-05, 4.0095199757090977e-05, 4.008028288925527e-05, 4.0065366021419564e-05, 4.005044915358386e-05, 4.003553228574815e-05, 4.0020615417912445e-05, 4.000569855007674e-05, 3.999078168224103e-05, 3.9975864814405326e-05, 3.996094794656962e-05, 3.994603107873391e-05, 3.9931114210898207e-05, 3.99161973430625e-05, 3.9901280475226794e-05, 3.988636360739109e-05, 3.987144673955538e-05, 3.9856529871719675e-05, 3.984161300388397e-05, 3.982669613604826e-05, 3.9811779268212556e-05, 3.979686240037685e-05, 3.978194553254114e-05, 3.9767028664705437e-05, 3.975211179686973e-05, 3.9737194929034024e-05, 3.972227806119832e-05, 3.970736119336261e-05, 3.9692444325526905e-05, 3.96775274576912e-05, 3.966261058985549e-05, 3.9647693722019786e-05, 3.963277685418408e-05, 3.961785998634837e-05, 3.9602943118512667e-05, 3.958802625067696e-05, 3.9573109382841254e-05, 3.955819251500555e-05, 3.954327564716984e-05, 3.9528358779334135e-05, 3.951344191149843e-05, 3.949852504366272e-05, 3.9483608175827016e-05, 3.946869130799131e-05, 3.94537744401556e-05, 3.9438857572319897e-05, 3.942394070448419e-05, 3.9409023836648484e-05, 3.939410696881278e-05, 3.937919010097707e-05, 3.9364273233141365e-05, 3.934935636530566e-05, 3.933443949746995e-05, 3.9319522629634246e-05, 3.930460576179854e-05, 3.928968889396283e-05, 3.9274772026127127e-05, 3.925985515829142e-05, 3.9244938290455714e-05, 3.923002142262001e-05, 3.92151045547843e-05, 3.9200187686948595e-05, 3.918527081911289e-05, 3.917035395127718e-05, 3.9155437083441476e-05, 3.914052021560577e-05, 3.912560334777006e-05, 3.9110686479934357e-05, 3.909576961209865e-05, 3.9080852744262944e-05, 3.906593587642724e-05, 3.905101900859153e-05, 3.9036102140755825e-05, 3.902118527292012e-05, 3.900626840508441e-05, 3.8991351537248706e-05, 3.8976434669413e-05, 3.896151780157729e-05, 3.8946600933741586e-05, 3.893168406590588e-05, 3.8916767198070174e-05, 3.890185033023447e-05, 3.888693346239876e-05, 3.8872016594563055e-05, 3.885709972672735e-05, 3.884218285889164e-05, 3.8827265991055936e-05, 3.881234912322023e-05, 3.879743225538452e-05, 3.8782515387548816e-05, 3.876759851971311e-05, 3.8752681651877404e-05, 3.87377647840417e-05, 3.872284791620599e-05, 3.8707931048370285e-05, 3.869301418053458e-05, 3.867809731269887e-05, 3.8663180444863166e-05, 3.864826357702746e-05, 3.863334670919175e-05, 3.8618429841356046e-05, 3.860351297352034e-05, 3.8588596105684634e-05, 3.857367923784893e-05, 3.855876237001322e-05, 3.8543845502177515e-05, 3.852892863434181e-05, 3.85140117665061e-05, 3.8499094898670396e-05, 3.848417803083469e-05, 3.846926116299898e-05, 3.8454344295163276e-05, 3.843942742732757e-05, 3.8424510559491864e-05, 3.840959369165616e-05, 3.839467682382045e-05, 3.8379759955984745e-05, 3.836484308814904e-05, 3.834992622031333e-05, 3.8335009352477626e-05, 3.832009248464192e-05, 3.830517561680621e-05, 3.8290258748970506e-05, 3.82753418811348e-05, 3.8260425013299094e-05, 3.824550814546339e-05, 3.823059127762768e-05, 3.8215674409791975e-05, 3.820075754195627e-05, 3.818584067412056e-05, 3.8170923806284856e-05, 3.815600693844915e-05, 3.814109007061344e-05, 3.8126173202777736e-05, 3.811125633494203e-05, 3.8096339467106324e-05, 3.808142259927062e-05, 3.806650573143491e-05, 3.8051588863599205e-05, 3.80366719957635e-05, 3.802175512792779e-05, 3.8006838260092086e-05, 3.799192139225638e-05, 3.797700452442067e-05, 3.7962087656584966e-05, 3.794717078874926e-05, 3.7932253920913554e-05, 3.791733705307785e-05, 3.790242018524214e-05, 3.7887503317406435e-05, 3.787258644957073e-05, 3.785766958173502e-05, 3.7842752713899316e-05, 3.782783584606361e-05, 3.78129189782279e-05, 3.7798002110392196e-05, 3.778308524255649e-05, 3.7768168374720784e-05, 3.775325150688508e-05, 3.773833463904937e-05, 3.7723417771213665e-05, 3.770850090337796e-05, 3.769358403554225e-05, 3.7678667167706546e-05, 3.766375029987084e-05, 3.764883343203513e-05, 3.7633916564199426e-05, 3.761899969636372e-05, 3.7604082828528014e-05, 3.758916596069231e-05, 3.75742490928566e-05, 3.7559332225020895e-05, 3.754441535718519e-05, 3.752949848934948e-05, 3.7514581621513776e-05, 3.749966475367807e-05, 3.748474788584236e-05, 3.7469831018006656e-05, 3.745491415017095e-05, 3.7439997282335244e-05, 3.742508041449954e-05, 3.741016354666383e-05, 3.7395246678828125e-05, 3.738032981099242e-05, 3.736541294315671e-05, 3.7350496075321006e-05, 3.73355792074853e-05, 3.732066233964959e-05, 3.7305745471813886e-05, 3.729082860397818e-05, 3.7275911736142474e-05, 3.726099486830677e-05, 3.724607800047106e-05, 3.7231161132635355e-05, 3.721624426479965e-05, 3.720132739696394e-05, 3.7186410529128236e-05, 3.717149366129253e-05, 3.715657679345682e-05, 3.7141659925621116e-05, 3.712674305778541e-05, 3.7111826189949704e-05, 3.7096909322114e-05, 3.708199245427829e-05, 3.7067075586442585e-05, 3.705215871860688e-05, 3.703724185077117e-05, 3.7022324982935466e-05, 3.700740811509976e-05, 3.699249124726405e-05, 3.6977574379428346e-05, 3.696265751159264e-05, 3.6947740643756934e-05, 3.693282377592123e-05, 3.691790690808552e-05, 3.6902990040249815e-05, 3.688807317241411e-05, 3.68731563045784e-05, 3.6858239436742696e-05, 3.684332256890699e-05, 3.682840570107128e-05, 3.6813488833235576e-05, 3.679857196539987e-05, 3.6783655097564164e-05, 3.676873822972846e-05, 3.675382136189275e-05, 3.6738904494057045e-05, 3.672398762622134e-05, 3.670907075838563e-05, 3.6694153890549925e-05, 3.667923702271422e-05, 3.666432015487851e-05, 3.6649403287042806e-05, 3.66344864192071e-05, 3.6619569551371394e-05, 3.660465268353569e-05, 3.658973581569998e-05, 3.6574818947864275e-05, 3.655990208002857e-05, 3.654498521219286e-05, 3.6530068344357155e-05, 3.651515147652145e-05, 3.650023460868574e-05, 3.6485317740850036e-05, 3.647040087301433e-05, 3.6455484005178624e-05, 3.644056713734292e-05, 3.642565026950721e-05, 3.6410733401671505e-05, 3.63958165338358e-05, 3.638089966600009e-05, 3.6365982798164385e-05, 3.635106593032868e-05, 3.633614906249297e-05, 3.6321232194657266e-05, 3.630631532682156e-05, 3.6291398458985854e-05, 3.627648159115015e-05, 3.626156472331444e-05, 3.6246647855478735e-05, 3.623173098764303e-05, 3.621681411980732e-05, 3.6201897251971615e-05, 3.618698038413591e-05, 3.61720635163002e-05, 3.6157146648464496e-05, 3.614222978062879e-05, 3.6127312912793084e-05, 3.611239604495738e-05, 3.609747917712167e-05, 3.6082562309285965e-05, 3.606764544145026e-05, 3.605272857361455e-05, 3.6037811705778845e-05, 3.602289483794314e-05, 3.600797797010743e-05, 3.5993061102271726e-05, 3.597814423443602e-05, 3.5963227366600314e-05, 3.594831049876461e-05, 3.59333936309289e-05, 3.5918476763093195e-05, 3.590355989525749e-05, 3.588864302742178e-05, 3.5873726159586075e-05, 3.585880929175037e-05, 3.584389242391466e-05, 3.5828975556078956e-05, 3.581405868824325e-05, 3.5799141820407544e-05, 3.578422495257184e-05, 3.576930808473613e-05, 3.5754391216900425e-05, 3.573947434906472e-05, 3.572455748122901e-05, 3.5709640613393305e-05, 3.56947237455576e-05, 3.567980687772189e-05, 3.5664890009886186e-05, 3.564997314205048e-05, 3.5635056274214774e-05, 3.562013940637907e-05, 3.560522253854336e-05, 3.5590305670707655e-05, 3.557538880287195e-05, 3.556047193503624e-05, 3.5545555067200535e-05, 3.553063819936483e-05, 3.551572133152912e-05, 3.5500804463693416e-05, 3.548588759585771e-05, 3.5470970728022004e-05, 3.54560538601863e-05, 3.544113699235059e-05, 3.5426220124514885e-05, 3.541130325667918e-05, 3.539638638884347e-05, 3.5381469521007765e-05, 3.536655265317206e-05, 3.535163578533635e-05, 3.5336718917500646e-05, 3.532180204966494e-05, 3.5306885181829234e-05, 3.529196831399353e-05, 3.527705144615782e-05, 3.5262134578322115e-05, 3.524721771048641e-05, 3.52323008426507e-05, 3.5217383974814995e-05, 3.520246710697929e-05, 3.518755023914358e-05, 3.5172633371307876e-05, 3.515771650347217e-05, 3.5142799635636464e-05, 3.512788276780076e-05, 3.511296589996505e-05, 3.5098049032129345e-05, 3.508313216429364e-05, 3.506821529645793e-05, 3.5053298428622225e-05, 3.503838156078652e-05, 3.502346469295081e-05, 3.5008547825115106e-05, 3.49936309572794e-05, 3.4978714089443694e-05, 3.496379722160799e-05, 3.494888035377228e-05, 3.4933963485936575e-05, 3.491904661810087e-05, 3.490412975026516e-05, 3.4889212882429455e-05, 3.487429601459375e-05, 3.485937914675804e-05, 3.4844462278922336e-05, 3.482954541108663e-05, 3.4814628543250924e-05, 3.479971167541522e-05, 3.478479480757951e-05, 3.4769877939743805e-05, 3.47549610719081e-05, 3.474004420407239e-05, 3.4725127336236685e-05, 3.471021046840098e-05, 3.469529360056527e-05, 3.4680376732729566e-05, 3.466545986489386e-05, 3.4650542997058154e-05, 3.463562612922245e-05, 3.462070926138674e-05, 3.4605792393551034e-05, 3.459087552571533e-05, 3.457595865787962e-05, 3.4561041790043915e-05, 3.454612492220821e-05, 3.45312080543725e-05, 3.4516291186536796e-05, 3.450137431870109e-05, 3.4486457450865384e-05, 3.447154058302968e-05, 3.445662371519397e-05, 3.4441706847358264e-05, 3.442678997952256e-05, 3.441187311168685e-05, 3.4396956243851145e-05, 3.438203937601544e-05, 3.436712250817973e-05, 3.4352205640344026e-05, 3.433728877250832e-05, 3.4322371904672614e-05, 3.430745503683691e-05, 3.42925381690012e-05, 3.4277621301165494e-05, 3.426270443332979e-05, 3.424778756549408e-05, 3.4232870697658375e-05, 3.421795382982267e-05, 3.420303696198696e-05, 3.4188120094151256e-05, 3.417320322631555e-05, 3.4158286358479844e-05, 3.414336949064414e-05, 3.412845262280843e-05, 3.4113535754972724e-05, 3.409861888713702e-05, 3.408370201930131e-05, 3.4068785151465605e-05, 3.40538682836299e-05, 3.403895141579419e-05, 3.4024034547958486e-05, 3.400911768012278e-05, 3.3994200812287074e-05, 3.397928394445137e-05, 3.396436707661566e-05, 3.3949450208779954e-05, 3.393453334094425e-05, 3.391961647310854e-05, 3.3904699605272835e-05, 3.388978273743713e-05, 3.387486586960142e-05, 3.3859949001765716e-05, 3.384503213393001e-05, 3.3830115266094304e-05, 3.38151983982586e-05, 3.380028153042289e-05, 3.3785364662587184e-05, 3.377044779475148e-05, 3.375553092691577e-05, 3.3740614059080065e-05, 3.372569719124436e-05, 3.371078032340865e-05, 3.3695863455572946e-05, 3.368094658773724e-05, 3.3666029719901534e-05, 3.365111285206583e-05, 3.363619598423012e-05, 3.3621279116394414e-05, 3.360636224855871e-05, 3.3591445380723e-05, 3.3576528512887295e-05, 3.356161164505159e-05, 3.354669477721588e-05, 3.3531777909380176e-05, 3.351686104154447e-05, 3.3501944173708764e-05, 3.348702730587306e-05, 3.347211043803735e-05, 3.3457193570201644e-05, 3.344227670236594e-05, 3.342735983453023e-05, 3.3412442966694525e-05, 3.339752609885882e-05, 3.338260923102311e-05, 3.3367692363187406e-05, 3.33527754953517e-05, 3.3337858627515994e-05, 3.332294175968029e-05, 3.330802489184458e-05, 3.3293108024008874e-05, 3.327819115617317e-05, 3.326327428833746e-05, 3.3248357420501755e-05, 3.323344055266605e-05, 3.321852368483034e-05, 3.3203606816994636e-05, 3.318868994915893e-05, 3.3173773081323224e-05, 3.315885621348752e-05, 3.314393934565181e-05, 3.3129022477816104e-05, 3.31141056099804e-05, 3.309918874214469e-05, 3.3084271874308985e-05, 3.306935500647328e-05, 3.305443813863757e-05, 3.3039521270801866e-05, 3.302460440296616e-05, 3.3009687535130454e-05, 3.299477066729475e-05, 3.297985379945904e-05, 3.2964936931623334e-05, 3.295002006378763e-05, 3.293510319595192e-05, 3.2920186328116215e-05, 3.290526946028051e-05, 3.28903525924448e-05, 3.2875435724609096e-05, 3.286051885677339e-05, 3.2845601988937684e-05, 3.283068512110198e-05, 3.281576825326627e-05, 3.2800851385430564e-05, 3.278593451759486e-05, 3.277101764975915e-05, 3.2756100781923445e-05, 3.274118391408774e-05, 3.272626704625203e-05, 3.2711350178416326e-05, 3.269643331058062e-05, 3.2681516442744914e-05, 3.266659957490921e-05, 3.26516827070735e-05, 3.2636765839237794e-05, 3.262184897140209e-05, 3.260693210356638e-05, 3.2592015235730675e-05, 3.257709836789497e-05, 3.256218150005926e-05, 3.2547264632223556e-05, 3.253234776438785e-05, 3.2517430896552144e-05, 3.250251402871644e-05, 3.248759716088073e-05, 3.2472680293045024e-05, 3.245776342520932e-05, 3.244284655737361e-05, 3.2427929689537905e-05, 3.24130128217022e-05, 3.239809595386649e-05, 3.2383179086030786e-05, 3.236826221819508e-05, 3.2353345350359373e-05, 3.233842848252367e-05, 3.232351161468796e-05, 3.2308594746852254e-05, 3.229367787901655e-05, 3.227876101118084e-05, 3.2263844143345135e-05, 3.224892727550943e-05, 3.223401040767372e-05, 3.2219093539838016e-05, 3.220417667200231e-05, 3.2189259804166603e-05, 3.21743429363309e-05, 3.215942606849519e-05, 3.2144509200659484e-05, 3.212959233282378e-05, 3.211467546498807e-05, 3.2099758597152365e-05, 3.208484172931666e-05, 3.206992486148095e-05, 3.2055007993645246e-05, 3.204009112580954e-05, 3.2025174257973833e-05, 3.201025739013813e-05, 3.199534052230242e-05, 3.1980423654466714e-05, 3.196550678663101e-05, 3.19505899187953e-05, 3.1935673050959595e-05, 3.192075618312389e-05, 3.190583931528818e-05, 3.1890922447452476e-05, 3.187600557961677e-05, 3.1861088711781063e-05, 3.184617184394536e-05, 3.183125497610965e-05, 3.1816338108273944e-05, 3.180142124043824e-05, 3.178650437260253e-05, 3.1771587504766825e-05, 3.175667063693112e-05, 3.174175376909541e-05, 3.1726836901259706e-05, 3.1711920033424e-05, 3.1697003165588293e-05, 3.168208629775259e-05, 3.166716942991688e-05, 3.1652252562081174e-05, 3.163733569424547e-05, 3.162241882640976e-05, 3.1607501958574055e-05, 3.159258509073835e-05, 3.157766822290264e-05, 3.1562751355066936e-05, 3.154783448723123e-05, 3.1532917619395523e-05, 3.151800075155982e-05, 3.150308388372411e-05, 3.1488167015888404e-05, 3.14732501480527e-05, 3.145833328021699e-05, 3.1443416412381285e-05, 3.142849954454558e-05, 3.141358267670987e-05, 3.1398665808874166e-05, 3.138374894103846e-05, 3.1368832073202753e-05, 3.135391520536705e-05, 3.133899833753134e-05, 3.1324081469695634e-05, 3.130916460185993e-05, 3.129424773402422e-05, 3.1279330866188515e-05, 3.126441399835281e-05, 3.12494971305171e-05, 3.1234580262681396e-05, 3.121966339484569e-05, 3.1204746527009983e-05, 3.118982965917428e-05, 3.117491279133857e-05, 3.1159995923502864e-05, 3.114507905566716e-05, 3.113016218783145e-05, 3.1115245319995745e-05, 3.110032845216004e-05, 3.108541158432433e-05, 3.1070494716488626e-05, 3.105557784865292e-05, 3.1040660980817213e-05, 3.102574411298151e-05, 3.10108272451458e-05, 3.0995910377310094e-05, 3.098099350947439e-05, 3.096607664163868e-05, 3.0951159773802975e-05, 3.093624290596727e-05, 3.092132603813156e-05, 3.0906409170295856e-05, 3.089149230246015e-05, 3.0876575434624443e-05, 3.086165856678874e-05, 3.084674169895303e-05, 3.0831824831117324e-05, 3.081690796328162e-05, 3.080199109544591e-05, 3.0787074227610205e-05, 3.07721573597745e-05, 3.075724049193879e-05, 3.0742323624103086e-05, 3.072740675626738e-05, 3.0712489888431673e-05, 3.069757302059597e-05, 3.068265615276026e-05, 3.0667739284924554e-05, 3.065282241708885e-05, 3.063790554925314e-05, 3.0622988681417435e-05, 3.060807181358173e-05, 3.059315494574602e-05, 3.0578238077910316e-05, 3.056332121007461e-05, 3.0548404342238903e-05, 3.05334874744032e-05, 3.051857060656749e-05, 3.0503653738731784e-05, 3.0488736870896078e-05, 3.047382000306037e-05, 3.0458903135224665e-05, 3.044398626738896e-05, 3.0429069399553253e-05, 3.0414152531717546e-05, 3.039923566388184e-05, 3.0384318796046133e-05, 3.0369401928210427e-05, 3.035448506037472e-05, 3.0339568192539014e-05, 3.0324651324703308e-05, 3.03097344568676e-05, 3.0294817589031895e-05, 3.027990072119619e-05, 3.0264983853360483e-05, 3.0250066985524776e-05, 3.023515011768907e-05, 3.0220233249853363e-05, 3.0205316382017657e-05, 3.019039951418195e-05, 3.0175482646346244e-05, 3.0160565778510538e-05, 3.014564891067483e-05, 3.0130732042839125e-05, 3.011581517500342e-05, 3.0100898307167712e-05, 3.0085981439332006e-05, 3.00710645714963e-05, 3.0056147703660593e-05, 3.0041230835824887e-05, 3.002631396798918e-05, 3.0011397100153474e-05, 2.9996480232317768e-05, 2.998156336448206e-05, 2.9966646496646355e-05, 2.995172962881065e-05, 2.9936812760974942e-05, 2.9921895893139236e-05, 2.990697902530353e-05, 2.9892062157467823e-05, 2.9877145289632117e-05, 2.986222842179641e-05, 2.9847311553960704e-05, 2.9832394686124998e-05, 2.981747781828929e-05, 2.9802560950453585e-05, 2.978764408261788e-05, 2.9772727214782172e-05, 2.9757810346946466e-05, 2.974289347911076e-05, 2.9727976611275053e-05, 2.9713059743439347e-05, 2.969814287560364e-05, 2.9683226007767934e-05, 2.9668309139932228e-05, 2.965339227209652e-05, 2.9638475404260815e-05, 2.962355853642511e-05, 2.9608641668589402e-05, 2.9593724800753696e-05, 2.957880793291799e-05, 2.9563891065082283e-05, 2.9548974197246577e-05, 2.953405732941087e-05, 2.9519140461575164e-05, 2.9504223593739458e-05, 2.948930672590375e-05, 2.9474389858068045e-05, 2.945947299023234e-05, 2.9444556122396632e-05, 2.9429639254560926e-05, 2.941472238672522e-05, 2.9399805518889513e-05, 2.9384888651053807e-05, 2.93699717832181e-05, 2.9355054915382394e-05, 2.9340138047546688e-05, 2.932522117971098e-05, 2.9310304311875275e-05, 2.929538744403957e-05, 2.9280470576203862e-05, 2.9265553708368156e-05, 2.925063684053245e-05, 2.9235719972696743e-05, 2.9220803104861037e-05, 2.920588623702533e-05, 2.9190969369189624e-05, 2.9176052501353918e-05, 2.916113563351821e-05, 2.9146218765682505e-05, 2.91313018978468e-05, 2.9116385030011092e-05, 2.9101468162175386e-05, 2.908655129433968e-05, 2.9071634426503973e-05, 2.9056717558668267e-05, 2.904180069083256e-05, 2.9026883822996854e-05, 2.9011966955161148e-05, 2.899705008732544e-05, 2.8982133219489735e-05, 2.896721635165403e-05, 2.8952299483818322e-05, 2.8937382615982616e-05, 2.892246574814691e-05, 2.8907548880311203e-05, 2.8892632012475497e-05, 2.887771514463979e-05, 2.8862798276804084e-05, 2.8847881408968378e-05, 2.883296454113267e-05, 2.8818047673296965e-05, 2.880313080546126e-05, 2.8788213937625552e-05, 2.8773297069789846e-05, 2.875838020195414e-05, 2.8743463334118433e-05, 2.8728546466282727e-05, 2.871362959844702e-05, 2.8698712730611314e-05, 2.8683795862775608e-05, 2.86688789949399e-05, 2.8653962127104195e-05, 2.863904525926849e-05, 2.8624128391432782e-05, 2.8609211523597076e-05, 2.859429465576137e-05, 2.8579377787925663e-05, 2.8564460920089957e-05, 2.854954405225425e-05, 2.8534627184418544e-05, 2.8519710316582838e-05, 2.850479344874713e-05, 2.8489876580911425e-05, 2.847495971307572e-05, 2.8460042845240012e-05, 2.8445125977404306e-05, 2.84302091095686e-05, 2.8415292241732893e-05, 2.8400375373897187e-05, 2.838545850606148e-05, 2.8370541638225774e-05, 2.8355624770390068e-05, 2.834070790255436e-05, 2.8325791034718655e-05, 2.831087416688295e-05, 2.8295957299047242e-05, 2.8281040431211536e-05, 2.826612356337583e-05, 2.8251206695540123e-05, 2.8236289827704417e-05, 2.822137295986871e-05, 2.8206456092033004e-05, 2.8191539224197298e-05, 2.817662235636159e-05, 2.8161705488525885e-05, 2.814678862069018e-05, 2.8131871752854472e-05, 2.8116954885018766e-05, 2.810203801718306e-05, 2.8087121149347353e-05, 2.8072204281511647e-05, 2.805728741367594e-05, 2.8042370545840234e-05, 2.8027453678004528e-05, 2.801253681016882e-05, 2.7997619942333115e-05, 2.798270307449741e-05, 2.7967786206661702e-05, 2.7952869338825996e-05, 2.793795247099029e-05, 2.7923035603154583e-05, 2.7908118735318877e-05, 2.789320186748317e-05, 2.7878284999647464e-05, 2.7863368131811758e-05, 2.784845126397605e-05, 2.7833534396140345e-05, 2.781861752830464e-05, 2.7803700660468932e-05, 2.7788783792633226e-05, 2.777386692479752e-05, 2.7758950056961813e-05, 2.7744033189126107e-05, 2.77291163212904e-05, 2.7714199453454694e-05, 2.7699282585618988e-05, 2.768436571778328e-05, 2.7669448849947575e-05, 2.765453198211187e-05, 2.7639615114276162e-05, 2.7624698246440456e-05, 2.760978137860475e-05, 2.7594864510769043e-05, 2.7579947642933337e-05, 2.756503077509763e-05, 2.7550113907261924e-05, 2.7535197039426218e-05, 2.752028017159051e-05, 2.7505363303754805e-05, 2.74904464359191e-05, 2.7475529568083392e-05, 2.7460612700247686e-05, 2.744569583241198e-05, 2.7430778964576273e-05, 2.7415862096740567e-05, 2.740094522890486e-05, 2.7386028361069154e-05, 2.7371111493233448e-05, 2.735619462539774e-05, 2.7341277757562035e-05, 2.732636088972633e-05, 2.7311444021890622e-05, 2.7296527154054916e-05, 2.728161028621921e-05, 2.7266693418383503e-05, 2.7251776550547797e-05, 2.723685968271209e-05, 2.7221942814876384e-05, 2.7207025947040678e-05, 2.719210907920497e-05, 2.7177192211369265e-05, 2.716227534353356e-05, 2.7147358475697852e-05, 2.7132441607862146e-05, 2.711752474002644e-05, 2.7102607872190733e-05, 2.7087691004355027e-05, 2.707277413651932e-05, 2.7057857268683614e-05, 2.7042940400847908e-05, 2.70280235330122e-05, 2.7013106665176495e-05, 2.699818979734079e-05, 2.6983272929505082e-05, 2.6968356061669376e-05, 2.695343919383367e-05, 2.6938522325997963e-05, 2.6923605458162257e-05, 2.690868859032655e-05, 2.6893771722490844e-05, 2.6878854854655138e-05, 2.686393798681943e-05, 2.6849021118983725e-05, 2.683410425114802e-05, 2.6819187383312312e-05, 2.6804270515476606e-05, 2.67893536476409e-05, 2.6774436779805193e-05, 2.6759519911969487e-05, 2.674460304413378e-05, 2.6729686176298074e-05, 2.6714769308462368e-05, 2.669985244062666e-05, 2.6684935572790955e-05, 2.667001870495525e-05, 2.6655101837119542e-05, 2.6640184969283836e-05, 2.662526810144813e-05, 2.6610351233612423e-05, 2.6595434365776717e-05, 2.658051749794101e-05, 2.6565600630105304e-05, 2.6550683762269598e-05, 2.653576689443389e-05, 2.6520850026598185e-05, 2.650593315876248e-05, 2.6491016290926772e-05, 2.6476099423091066e-05, 2.646118255525536e-05, 2.6446265687419653e-05, 2.6431348819583947e-05, 2.641643195174824e-05, 2.6401515083912534e-05, 2.6386598216076828e-05, 2.637168134824112e-05, 2.6356764480405415e-05, 2.634184761256971e-05, 2.6326930744734002e-05, 2.6312013876898296e-05, 2.629709700906259e-05, 2.6282180141226883e-05, 2.6267263273391177e-05, 2.625234640555547e-05, 2.6237429537719764e-05, 2.6222512669884058e-05, 2.620759580204835e-05, 2.6192678934212645e-05, 2.617776206637694e-05, 2.6162845198541232e-05, 2.6147928330705526e-05, 2.613301146286982e-05, 2.6118094595034113e-05, 2.6103177727198407e-05, 2.60882608593627e-05, 2.6073343991526994e-05, 2.6058427123691288e-05, 2.604351025585558e-05, 2.6028593388019875e-05, 2.601367652018417e-05, 2.5998759652348462e-05, 2.5983842784512756e-05, 2.596892591667705e-05, 2.5954009048841343e-05, 2.5939092181005637e-05, 2.592417531316993e-05, 2.5909258445334224e-05, 2.5894341577498518e-05, 2.587942470966281e-05, 2.5864507841827105e-05, 2.58495909739914e-05, 2.5834674106155692e-05, 2.5819757238319986e-05, 2.580484037048428e-05, 2.5789923502648573e-05, 2.5775006634812867e-05, 2.576008976697716e-05, 2.5745172899141454e-05, 2.5730256031305748e-05, 2.571533916347004e-05, 2.5700422295634335e-05, 2.568550542779863e-05, 2.5670588559962922e-05, 2.5655671692127216e-05, 2.564075482429151e-05, 2.5625837956455803e-05, 2.5610921088620097e-05, 2.559600422078439e-05, 2.5581087352948684e-05, 2.5566170485112978e-05, 2.555125361727727e-05, 2.5536336749441565e-05, 2.552141988160586e-05, 2.5506503013770152e-05, 2.5491586145934446e-05, 2.547666927809874e-05, 2.5461752410263033e-05, 2.5446835542427327e-05, 2.543191867459162e-05, 2.5417001806755914e-05, 2.5402084938920208e-05, 2.53871680710845e-05, 2.5372251203248795e-05, 2.535733433541309e-05, 2.5342417467577382e-05, 2.5327500599741676e-05, 2.531258373190597e-05, 2.5297666864070263e-05, 2.5282749996234557e-05, 2.526783312839885e-05, 2.5252916260563144e-05, 2.5237999392727438e-05, 2.522308252489173e-05, 2.5208165657056025e-05, 2.519324878922032e-05, 2.5178331921384612e-05, 2.5163415053548906e-05, 2.51484981857132e-05, 2.5133581317877493e-05, 2.5118664450041787e-05, 2.510374758220608e-05, 2.5088830714370374e-05, 2.5073913846534668e-05, 2.505899697869896e-05, 2.5044080110863255e-05, 2.502916324302755e-05, 2.5014246375191842e-05, 2.4999329507356136e-05, 2.498441263952043e-05, 2.4969495771684723e-05, 2.4954578903849017e-05, 2.493966203601331e-05, 2.4924745168177604e-05, 2.4909828300341898e-05, 2.489491143250619e-05, 2.4879994564670485e-05, 2.486507769683478e-05, 2.4850160828999072e-05, 2.4835243961163366e-05, 2.482032709332766e-05, 2.4805410225491953e-05, 2.4790493357656247e-05, 2.477557648982054e-05, 2.4760659621984834e-05, 2.4745742754149128e-05, 2.473082588631342e-05, 2.4715909018477715e-05, 2.470099215064201e-05, 2.4686075282806302e-05, 2.4671158414970596e-05, 2.465624154713489e-05, 2.4641324679299183e-05, 2.4626407811463477e-05, 2.461149094362777e-05, 2.4596574075792064e-05, 2.4581657207956358e-05, 2.456674034012065e-05, 2.4551823472284945e-05, 2.453690660444924e-05, 2.4521989736613532e-05, 2.4507072868777826e-05, 2.449215600094212e-05, 2.4477239133106413e-05, 2.4462322265270707e-05, 2.4447405397435e-05, 2.4432488529599294e-05, 2.4417571661763588e-05, 2.440265479392788e-05, 2.4387737926092175e-05, 2.437282105825647e-05, 2.4357904190420762e-05, 2.4342987322585056e-05, 2.432807045474935e-05, 2.4313153586913643e-05, 2.4298236719077937e-05, 2.428331985124223e-05, 2.4268402983406524e-05, 2.4253486115570818e-05, 2.423856924773511e-05, 2.4223652379899405e-05, 2.42087355120637e-05, 2.4193818644227992e-05, 2.4178901776392286e-05, 2.416398490855658e-05, 2.4149068040720873e-05, 2.4134151172885167e-05, 2.411923430504946e-05, 2.4104317437213754e-05, 2.4089400569378048e-05, 2.407448370154234e-05, 2.4059566833706635e-05, 2.404464996587093e-05, 2.4029733098035222e-05, 2.4014816230199516e-05, 2.399989936236381e-05, 2.3984982494528103e-05, 2.3970065626692397e-05, 2.395514875885669e-05, 2.3940231891020984e-05, 2.3925315023185278e-05, 2.391039815534957e-05, 2.3895481287513865e-05, 2.388056441967816e-05, 2.3865647551842452e-05, 2.3850730684006746e-05, 2.383581381617104e-05, 2.3820896948335333e-05, 2.3805980080499627e-05, 2.379106321266392e-05, 2.3776146344828214e-05, 2.3761229476992508e-05, 2.37463126091568e-05, 2.3731395741321095e-05, 2.371647887348539e-05, 2.3701562005649682e-05, 2.3686645137813976e-05, 2.367172826997827e-05, 2.3656811402142563e-05, 2.3641894534306857e-05, 2.362697766647115e-05, 2.3612060798635444e-05, 2.3597143930799738e-05, 2.358222706296403e-05, 2.3567310195128325e-05, 2.355239332729262e-05, 2.3537476459456912e-05, 2.3522559591621206e-05, 2.35076427237855e-05, 2.3492725855949793e-05, 2.3477808988114087e-05, 2.346289212027838e-05, 2.3447975252442674e-05, 2.3433058384606968e-05, 2.341814151677126e-05, 2.3403224648935555e-05, 2.338830778109985e-05, 2.3373390913264142e-05, 2.3358474045428436e-05, 2.334355717759273e-05, 2.3328640309757023e-05, 2.3313723441921317e-05, 2.329880657408561e-05, 2.3283889706249904e-05, 2.3268972838414198e-05, 2.325405597057849e-05, 2.3239139102742785e-05, 2.322422223490708e-05, 2.3209305367071372e-05, 2.3194388499235666e-05, 2.317947163139996e-05, 2.3164554763564253e-05, 2.3149637895728547e-05, 2.313472102789284e-05, 2.3119804160057134e-05, 2.3104887292221428e-05, 2.308997042438572e-05, 2.3075053556550015e-05, 2.306013668871431e-05, 2.3045219820878602e-05, 2.3030302953042896e-05, 2.301538608520719e-05, 2.3000469217371483e-05, 2.2985552349535777e-05, 2.297063548170007e-05, 2.2955718613864364e-05, 2.2940801746028658e-05, 2.292588487819295e-05, 2.2910968010357245e-05, 2.289605114252154e-05, 2.2881134274685832e-05, 2.2866217406850126e-05, 2.285130053901442e-05, 2.2836383671178713e-05, 2.2821466803343007e-05, 2.28065499355073e-05, 2.2791633067671594e-05, 2.2776716199835888e-05, 2.276179933200018e-05, 2.2746882464164475e-05, 2.273196559632877e-05, 2.2717048728493062e-05, 2.2702131860657356e-05, 2.268721499282165e-05, 2.2672298124985943e-05, 2.2657381257150237e-05, 2.264246438931453e-05, 2.2627547521478824e-05, 2.2612630653643118e-05, 2.259771378580741e-05, 2.2582796917971705e-05, 2.2567880050136e-05, 2.2552963182300292e-05, 2.2538046314464586e-05, 2.252312944662888e-05, 2.2508212578793173e-05, 2.2493295710957467e-05, 2.247837884312176e-05, 2.2463461975286054e-05, 2.2448545107450348e-05, 2.243362823961464e-05, 2.2418711371778935e-05, 2.240379450394323e-05, 2.2388877636107522e-05, 2.2373960768271816e-05, 2.235904390043611e-05, 2.2344127032600403e-05, 2.2329210164764697e-05, 2.231429329692899e-05, 2.2299376429093284e-05, 2.2284459561257578e-05, 2.226954269342187e-05, 2.2254625825586165e-05, 2.223970895775046e-05, 2.2224792089914752e-05, 2.2209875222079046e-05, 2.219495835424334e-05, 2.2180041486407633e-05, 2.2165124618571927e-05, 2.215020775073622e-05, 2.2135290882900514e-05, 2.2120374015064808e-05, 2.21054571472291e-05, 2.2090540279393395e-05, 2.207562341155769e-05, 2.2060706543721982e-05, 2.2045789675886276e-05, 2.203087280805057e-05, 2.2015955940214863e-05, 2.2001039072379157e-05, 2.198612220454345e-05, 2.1971205336707744e-05, 2.1956288468872038e-05, 2.194137160103633e-05, 2.1926454733200625e-05, 2.191153786536492e-05, 2.1896620997529212e-05, 2.1881704129693506e-05, 2.18667872618578e-05, 2.1851870394022093e-05, 2.1836953526186387e-05, 2.182203665835068e-05, 2.1807119790514974e-05, 2.1792202922679268e-05, 2.177728605484356e-05, 2.1762369187007855e-05, 2.174745231917215e-05, 2.1732535451336442e-05, 2.1717618583500736e-05, 2.170270171566503e-05, 2.1687784847829323e-05, 2.1672867979993617e-05, 2.165795111215791e-05, 2.1643034244322204e-05, 2.1628117376486498e-05, 2.161320050865079e-05, 2.1598283640815085e-05, 2.158336677297938e-05, 2.1568449905143672e-05, 2.1553533037307966e-05, 2.153861616947226e-05, 2.1523699301636553e-05, 2.1508782433800847e-05, 2.149386556596514e-05, 2.1478948698129434e-05, 2.1464031830293728e-05, 2.144911496245802e-05, 2.1434198094622315e-05, 2.141928122678661e-05, 2.1404364358950902e-05, 2.1389447491115196e-05, 2.137453062327949e-05, 2.1359613755443783e-05, 2.1344696887608077e-05, 2.132978001977237e-05, 2.1314863151936664e-05, 2.1299946284100958e-05, 2.128502941626525e-05, 2.1270112548429545e-05, 2.125519568059384e-05, 2.1240278812758132e-05, 2.1225361944922426e-05, 2.121044507708672e-05, 2.1195528209251013e-05, 2.1180611341415307e-05, 2.11656944735796e-05, 2.1150777605743894e-05, 2.1135860737908188e-05, 2.112094387007248e-05, 2.1106027002236775e-05, 2.109111013440107e-05, 2.1076193266565362e-05, 2.1061276398729656e-05, 2.104635953089395e-05, 2.1031442663058243e-05, 2.1016525795222537e-05, 2.100160892738683e-05, 2.0986692059551124e-05, 2.0971775191715418e-05, 2.095685832387971e-05, 2.0941941456044005e-05, 2.09270245882083e-05, 2.0912107720372592e-05, 2.0897190852536886e-05, 2.088227398470118e-05, 2.0867357116865473e-05, 2.0852440249029767e-05, 2.083752338119406e-05, 2.0822606513358354e-05, 2.0807689645522648e-05, 2.079277277768694e-05, 2.0777855909851235e-05, 2.076293904201553e-05, 2.0748022174179822e-05, 2.0733105306344116e-05, 2.071818843850841e-05, 2.0703271570672703e-05, 2.0688354702836997e-05, 2.067343783500129e-05, 2.0658520967165584e-05, 2.0643604099329878e-05, 2.062868723149417e-05, 2.0613770363658465e-05, 2.059885349582276e-05, 2.0583936627987052e-05, 2.0569019760151346e-05, 2.055410289231564e-05, 2.0539186024479933e-05, 2.0524269156644227e-05, 2.050935228880852e-05, 2.0494435420972814e-05, 2.0479518553137108e-05, 2.04646016853014e-05, 2.0449684817465695e-05, 2.043476794962999e-05, 2.0419851081794282e-05, 2.0404934213958576e-05, 2.039001734612287e-05, 2.0375100478287163e-05, 2.0360183610451457e-05, 2.034526674261575e-05, 2.0330349874780044e-05, 2.0315433006944338e-05, 2.030051613910863e-05, 2.0285599271272925e-05, 2.027068240343722e-05, 2.0255765535601512e-05, 2.0240848667765806e-05, 2.02259317999301e-05, 2.0211014932094393e-05, 2.0196098064258687e-05, 2.018118119642298e-05, 2.0166264328587274e-05, 2.0151347460751568e-05, 2.013643059291586e-05, 2.0121513725080155e-05, 2.010659685724445e-05, 2.0091679989408742e-05, 2.0076763121573036e-05, 2.006184625373733e-05, 2.0046929385901623e-05, 2.0032012518065917e-05, 2.001709565023021e-05, 2.0002178782394504e-05, 1.9987261914558798e-05, 1.997234504672309e-05, 1.9957428178887385e-05, 1.994251131105168e-05, 1.9927594443215972e-05, 1.9912677575380266e-05, 1.989776070754456e-05, 1.9882843839708853e-05, 1.9867926971873147e-05, 1.985301010403744e-05, 1.9838093236201734e-05, 1.9823176368366028e-05, 1.980825950053032e-05, 1.9793342632694615e-05, 1.977842576485891e-05, 1.9763508897023202e-05, 1.9748592029187496e-05, 1.973367516135179e-05, 1.9718758293516083e-05, 1.9703841425680377e-05, 1.968892455784467e-05, 1.9674007690008964e-05, 1.9659090822173258e-05, 1.964417395433755e-05, 1.9629257086501845e-05, 1.961434021866614e-05, 1.9599423350830432e-05, 1.9584506482994726e-05, 1.956958961515902e-05, 1.9554672747323313e-05, 1.9539755879487607e-05, 1.95248390116519e-05, 1.9509922143816194e-05, 1.9495005275980488e-05, 1.948008840814478e-05, 1.9465171540309075e-05, 1.945025467247337e-05, 1.9435337804637662e-05, 1.9420420936801956e-05, 1.940550406896625e-05, 1.9390587201130543e-05, 1.9375670333294837e-05, 1.936075346545913e-05, 1.9345836597623424e-05, 1.9330919729787718e-05, 1.931600286195201e-05, 1.9301085994116305e-05, 1.92861691262806e-05, 1.9271252258444892e-05, 1.9256335390609186e-05, 1.924141852277348e-05, 1.9226501654937773e-05, 1.9211584787102067e-05, 1.919666791926636e-05, 1.9181751051430654e-05, 1.9166834183594948e-05, 1.915191731575924e-05, 1.9137000447923535e-05, 1.912208358008783e-05, 1.9107166712252122e-05, 1.9092249844416416e-05, 1.907733297658071e-05, 1.9062416108745003e-05, 1.9047499240909297e-05, 1.903258237307359e-05, 1.9017665505237884e-05, 1.9002748637402178e-05, 1.898783176956647e-05, 1.8972914901730765e-05, 1.895799803389506e-05, 1.8943081166059352e-05, 1.8928164298223646e-05, 1.891324743038794e-05, 1.8898330562552233e-05, 1.8883413694716527e-05, 1.886849682688082e-05, 1.8853579959045114e-05, 1.8838663091209407e-05, 1.88237462233737e-05, 1.8808829355537995e-05, 1.879391248770229e-05, 1.8778995619866582e-05, 1.8764078752030876e-05, 1.874916188419517e-05, 1.8734245016359463e-05, 1.8719328148523757e-05, 1.870441128068805e-05, 1.8689494412852344e-05, 1.8674577545016637e-05, 1.865966067718093e-05, 1.8644743809345225e-05, 1.862982694150952e-05, 1.8614910073673812e-05, 1.8599993205838106e-05, 1.85850763380024e-05, 1.8570159470166693e-05, 1.8555242602330987e-05, 1.854032573449528e-05, 1.8525408866659574e-05, 1.8510491998823867e-05, 1.849557513098816e-05, 1.8480658263152455e-05, 1.846574139531675e-05, 1.8450824527481042e-05, 1.8435907659645336e-05, 1.842099079180963e-05, 1.8406073923973923e-05, 1.8391157056138217e-05, 1.837624018830251e-05, 1.8361323320466804e-05, 1.8346406452631097e-05, 1.833148958479539e-05, 1.8316572716959685e-05, 1.830165584912398e-05, 1.8286738981288272e-05, 1.8271822113452566e-05, 1.825690524561686e-05, 1.8241988377781153e-05, 1.8227071509945447e-05, 1.821215464210974e-05, 1.8197237774274034e-05, 1.8182320906438327e-05, 1.816740403860262e-05, 1.8152487170766915e-05, 1.813757030293121e-05, 1.8122653435095502e-05, 1.8107736567259796e-05, 1.809281969942409e-05, 1.8077902831588383e-05, 1.8062985963752677e-05, 1.804806909591697e-05, 1.8033152228081264e-05, 1.8018235360245557e-05, 1.800331849240985e-05, 1.7988401624574145e-05, 1.797348475673844e-05, 1.7958567888902732e-05, 1.7943651021067026e-05, 1.792873415323132e-05, 1.7913817285395613e-05, 1.7898900417559907e-05, 1.78839835497242e-05, 1.7869066681888494e-05, 1.7854149814052787e-05, 1.783923294621708e-05, 1.7824316078381375e-05, 1.780939921054567e-05, 1.7794482342709962e-05, 1.7779565474874256e-05, 1.776464860703855e-05, 1.7749731739202843e-05, 1.7734814871367137e-05, 1.771989800353143e-05, 1.7704981135695724e-05, 1.7690064267860017e-05, 1.767514740002431e-05, 1.7660230532188605e-05, 1.76453136643529e-05, 1.7630396796517192e-05, 1.7615479928681486e-05, 1.760056306084578e-05, 1.7585646193010073e-05, 1.7570729325174367e-05, 1.755581245733866e-05, 1.7540895589502954e-05, 1.7525978721667247e-05, 1.751106185383154e-05, 1.7496144985995835e-05, 1.748122811816013e-05, 1.7466311250324422e-05, 1.7451394382488716e-05, 1.743647751465301e-05, 1.7421560646817303e-05, 1.7406643778981597e-05, 1.739172691114589e-05, 1.7376810043310184e-05, 1.7361893175474477e-05, 1.734697630763877e-05, 1.7332059439803065e-05, 1.731714257196736e-05, 1.7302225704131652e-05, 1.7287308836295946e-05, 1.727239196846024e-05, 1.7257475100624533e-05, 1.7242558232788827e-05, 1.722764136495312e-05, 1.7212724497117414e-05, 1.7197807629281707e-05, 1.7182890761446e-05, 1.7167973893610295e-05, 1.715305702577459e-05, 1.7138140157938882e-05, 1.7123223290103176e-05, 1.710830642226747e-05, 1.7093389554431763e-05, 1.7078472686596057e-05, 1.706355581876035e-05, 1.7048638950924644e-05, 1.7033722083088937e-05, 1.701880521525323e-05, 1.7003888347417525e-05, 1.698897147958182e-05, 1.6974054611746112e-05, 1.6959137743910406e-05, 1.69442208760747e-05, 1.6929304008238993e-05, 1.6914387140403287e-05, 1.689947027256758e-05, 1.6884553404731874e-05, 1.6869636536896167e-05, 1.685471966906046e-05, 1.6839802801224755e-05, 1.682488593338905e-05, 1.6809969065553342e-05, 1.6795052197717636e-05, 1.678013532988193e-05, 1.6765218462046223e-05, 1.6750301594210517e-05, 1.673538472637481e-05, 1.6720467858539104e-05, 1.6705550990703397e-05, 1.669063412286769e-05, 1.6675717255031985e-05, 1.666080038719628e-05, 1.6645883519360572e-05, 1.6630966651524866e-05, 1.661604978368916e-05, 1.6601132915853453e-05, 1.6586216048017746e-05, 1.657129918018204e-05, 1.6556382312346334e-05, 1.6541465444510627e-05, 1.652654857667492e-05, 1.6511631708839215e-05, 1.649671484100351e-05, 1.6481797973167802e-05, 1.6466881105332096e-05, 1.645196423749639e-05, 1.6437047369660683e-05, 1.6422130501824976e-05, 1.640721363398927e-05, 1.6392296766153564e-05, 1.6377379898317857e-05, 1.636246303048215e-05, 1.6347546162646445e-05, 1.6332629294810738e-05, 1.6317712426975032e-05, 1.6302795559139326e-05, 1.628787869130362e-05, 1.6272961823467913e-05, 1.6258044955632206e-05, 1.62431280877965e-05, 1.6228211219960794e-05, 1.6213294352125087e-05, 1.619837748428938e-05, 1.6183460616453675e-05, 1.6168543748617968e-05, 1.6153626880782262e-05, 1.6138710012946556e-05, 1.612379314511085e-05, 1.6108876277275143e-05, 1.6093959409439436e-05, 1.607904254160373e-05, 1.6064125673768024e-05, 1.6049208805932317e-05, 1.603429193809661e-05, 1.6019375070260905e-05, 1.6004458202425198e-05, 1.5989541334589492e-05, 1.5974624466753786e-05, 1.595970759891808e-05, 1.5944790731082373e-05, 1.5929873863246666e-05, 1.591495699541096e-05, 1.5900040127575254e-05, 1.5885123259739547e-05, 1.587020639190384e-05, 1.5855289524068135e-05, 1.5840372656232428e-05, 1.5825455788396722e-05, 1.5810538920561016e-05, 1.579562205272531e-05, 1.5780705184889603e-05, 1.5765788317053896e-05, 1.575087144921819e-05, 1.5735954581382484e-05, 1.5721037713546777e-05, 1.570612084571107e-05, 1.5691203977875365e-05, 1.5676287110039658e-05, 1.5661370242203952e-05, 1.5646453374368246e-05, 1.563153650653254e-05, 1.5616619638696833e-05, 1.5601702770861126e-05, 1.558678590302542e-05, 1.5571869035189714e-05, 1.5556952167354007e-05, 1.55420352995183e-05, 1.5527118431682595e-05, 1.5512201563846888e-05, 1.5497284696011182e-05, 1.5482367828175476e-05, 1.546745096033977e-05, 1.5452534092504063e-05, 1.5437617224668356e-05, 1.542270035683265e-05, 1.5407783488996944e-05, 1.5392866621161237e-05, 1.537794975332553e-05, 1.5363032885489825e-05, 1.5348116017654118e-05, 1.5333199149818412e-05, 1.5318282281982706e-05, 1.5303365414147e-05, 1.5288448546311293e-05, 1.5273531678475586e-05, 1.5258614810639882e-05, 1.5243697942804177e-05, 1.5228781074968472e-05, 1.5213864207132768e-05, 1.5198947339297063e-05, 1.5184030471461358e-05, 1.5169113603625654e-05, 1.5154196735789949e-05, 1.5139279867954244e-05, 1.512436300011854e-05, 1.5109446132282835e-05, 1.509452926444713e-05, 1.5079612396611426e-05, 1.5064695528775721e-05, 1.5049778660940016e-05, 1.5034861793104312e-05, 1.5019944925268607e-05, 1.5005028057432902e-05, 1.4990111189597198e-05, 1.4975194321761493e-05, 1.4960277453925788e-05, 1.4945360586090084e-05, 1.4930443718254379e-05, 1.4915526850418674e-05, 1.490060998258297e-05, 1.4885693114747265e-05, 1.487077624691156e-05, 1.4855859379075856e-05, 1.4840942511240151e-05, 1.4826025643404446e-05, 1.4811108775568742e-05, 1.4796191907733037e-05, 1.4781275039897332e-05, 1.4766358172061628e-05, 1.4751441304225923e-05, 1.4736524436390218e-05, 1.4721607568554514e-05, 1.4706690700718809e-05, 1.4691773832883104e-05, 1.46768569650474e-05, 1.4661940097211695e-05, 1.464702322937599e-05, 1.4632106361540286e-05, 1.4617189493704581e-05, 1.4602272625868876e-05, 1.4587355758033172e-05, 1.4572438890197467e-05, 1.4557522022361762e-05, 1.4542605154526058e-05, 1.4527688286690353e-05, 1.4512771418854648e-05, 1.4497854551018944e-05, 1.4482937683183239e-05, 1.4468020815347534e-05, 1.445310394751183e-05, 1.4438187079676125e-05, 1.442327021184042e-05, 1.4408353344004716e-05, 1.4393436476169011e-05, 1.4378519608333306e-05, 1.4363602740497602e-05, 1.4348685872661897e-05, 1.4333769004826192e-05, 1.4318852136990488e-05, 1.4303935269154783e-05, 1.4289018401319078e-05, 1.4274101533483374e-05, 1.4259184665647669e-05, 1.4244267797811964e-05, 1.422935092997626e-05, 1.4214434062140555e-05, 1.419951719430485e-05, 1.4184600326469146e-05, 1.4169683458633441e-05, 1.4154766590797736e-05, 1.4139849722962032e-05, 1.4124932855126327e-05, 1.4110015987290622e-05, 1.4095099119454918e-05, 1.4080182251619213e-05, 1.4065265383783508e-05, 1.4050348515947803e-05, 1.4035431648112099e-05, 1.4020514780276394e-05, 1.400559791244069e-05, 1.3990681044604985e-05, 1.397576417676928e-05, 1.3960847308933575e-05, 1.394593044109787e-05, 1.3931013573262166e-05, 1.3916096705426461e-05, 1.3901179837590757e-05, 1.3886262969755052e-05, 1.3871346101919347e-05, 1.3856429234083643e-05, 1.3841512366247938e-05, 1.3826595498412233e-05, 1.3811678630576529e-05, 1.3796761762740824e-05, 1.378184489490512e-05, 1.3766928027069415e-05, 1.375201115923371e-05, 1.3737094291398005e-05, 1.37221774235623e-05, 1.3707260555726596e-05, 1.3692343687890891e-05, 1.3677426820055187e-05, 1.3662509952219482e-05, 1.3647593084383777e-05, 1.3632676216548073e-05, 1.3617759348712368e-05, 1.3602842480876663e-05, 1.3587925613040959e-05, 1.3573008745205254e-05, 1.355809187736955e-05, 1.3543175009533845e-05, 1.352825814169814e-05, 1.3513341273862435e-05, 1.349842440602673e-05, 1.3483507538191026e-05, 1.3468590670355321e-05, 1.3453673802519617e-05, 1.3438756934683912e-05, 1.3423840066848207e-05, 1.3408923199012503e-05, 1.3394006331176798e-05, 1.3379089463341093e-05, 1.3364172595505389e-05, 1.3349255727669684e-05, 1.333433885983398e-05, 1.3319421991998275e-05, 1.330450512416257e-05, 1.3289588256326865e-05, 1.327467138849116e-05, 1.3259754520655456e-05, 1.3244837652819751e-05, 1.3229920784984047e-05, 1.3215003917148342e-05, 1.3200087049312637e-05, 1.3185170181476933e-05, 1.3170253313641228e-05, 1.3155336445805523e-05, 1.3140419577969819e-05, 1.3125502710134114e-05, 1.311058584229841e-05, 1.3095668974462705e-05, 1.3080752106627e-05, 1.3065835238791295e-05, 1.305091837095559e-05, 1.3036001503119886e-05, 1.3021084635284181e-05, 1.3006167767448477e-05, 1.2991250899612772e-05, 1.2976334031777067e-05, 1.2961417163941363e-05, 1.2946500296105658e-05, 1.2931583428269953e-05, 1.2916666560434249e-05, 1.2901749692598544e-05, 1.288683282476284e-05, 1.2871915956927135e-05, 1.285699908909143e-05, 1.2842082221255725e-05, 1.282716535342002e-05, 1.2812248485584316e-05, 1.2797331617748611e-05, 1.2782414749912907e-05, 1.2767497882077202e-05, 1.2752581014241497e-05, 1.2737664146405793e-05, 1.2722747278570088e-05, 1.2707830410734383e-05, 1.2692913542898679e-05, 1.2677996675062974e-05, 1.266307980722727e-05, 1.2648162939391564e-05, 1.263324607155586e-05, 1.2618329203720155e-05, 1.260341233588445e-05, 1.2588495468048746e-05, 1.2573578600213041e-05, 1.2558661732377336e-05, 1.2543744864541632e-05, 1.2528827996705927e-05, 1.2513911128870222e-05, 1.2498994261034518e-05, 1.2484077393198813e-05, 1.2469160525363108e-05, 1.2454243657527404e-05, 1.2439326789691699e-05, 1.2424409921855994e-05, 1.240949305402029e-05, 1.2394576186184585e-05, 1.237965931834888e-05, 1.2364742450513176e-05, 1.2349825582677471e-05, 1.2334908714841766e-05, 1.2319991847006062e-05, 1.2305074979170357e-05, 1.2290158111334652e-05, 1.2275241243498948e-05, 1.2260324375663243e-05, 1.2245407507827538e-05, 1.2230490639991834e-05, 1.2215573772156129e-05, 1.2200656904320424e-05, 1.218574003648472e-05, 1.2170823168649015e-05, 1.215590630081331e-05, 1.2140989432977606e-05, 1.2126072565141901e-05, 1.2111155697306196e-05, 1.2096238829470492e-05, 1.2081321961634787e-05, 1.2066405093799082e-05, 1.2051488225963378e-05, 1.2036571358127673e-05, 1.2021654490291968e-05, 1.2006737622456264e-05, 1.1991820754620559e-05, 1.1976903886784854e-05, 1.196198701894915e-05, 1.1947070151113445e-05, 1.193215328327774e-05, 1.1917236415442036e-05, 1.1902319547606331e-05, 1.1887402679770626e-05, 1.1872485811934922e-05, 1.1857568944099217e-05, 1.1842652076263512e-05, 1.1827735208427808e-05, 1.1812818340592103e-05, 1.1797901472756398e-05, 1.1782984604920694e-05, 1.1768067737084989e-05, 1.1753150869249284e-05, 1.173823400141358e-05, 1.1723317133577875e-05, 1.170840026574217e-05, 1.1693483397906466e-05, 1.1678566530070761e-05, 1.1663649662235056e-05, 1.1648732794399352e-05, 1.1633815926563647e-05, 1.1618899058727942e-05, 1.1603982190892238e-05, 1.1589065323056533e-05, 1.1574148455220828e-05, 1.1559231587385124e-05, 1.1544314719549419e-05, 1.1529397851713714e-05, 1.151448098387801e-05, 1.1499564116042305e-05, 1.14846472482066e-05, 1.1469730380370896e-05, 1.1454813512535191e-05, 1.1439896644699486e-05, 1.1424979776863782e-05, 1.1410062909028077e-05, 1.1395146041192372e-05, 1.1380229173356668e-05, 1.1365312305520963e-05, 1.1350395437685258e-05, 1.1335478569849554e-05, 1.1320561702013849e-05, 1.1305644834178144e-05, 1.129072796634244e-05, 1.1275811098506735e-05, 1.126089423067103e-05, 1.1245977362835325e-05, 1.123106049499962e-05, 1.1216143627163916e-05, 1.1201226759328211e-05, 1.1186309891492507e-05, 1.1171393023656802e-05, 1.1156476155821097e-05, 1.1141559287985393e-05, 1.1126642420149688e-05, 1.1111725552313983e-05, 1.1096808684478279e-05, 1.1081891816642574e-05, 1.106697494880687e-05, 1.1052058080971165e-05, 1.103714121313546e-05, 1.1022224345299755e-05, 1.100730747746405e-05, 1.0992390609628346e-05, 1.0977473741792641e-05, 1.0962556873956937e-05, 1.0947640006121232e-05, 1.0932723138285527e-05, 1.0917806270449823e-05, 1.0902889402614118e-05, 1.0887972534778413e-05, 1.0873055666942709e-05, 1.0858138799107004e-05, 1.08432219312713e-05, 1.0828305063435595e-05, 1.081338819559989e-05, 1.0798471327764185e-05, 1.078355445992848e-05, 1.0768637592092776e-05, 1.0753720724257071e-05, 1.0738803856421367e-05, 1.0723886988585662e-05, 1.0708970120749957e-05, 1.0694053252914253e-05, 1.0679136385078548e-05, 1.0664219517242843e-05, 1.0649302649407139e-05, 1.0634385781571434e-05, 1.061946891373573e-05, 1.0604552045900025e-05, 1.058963517806432e-05, 1.0574718310228615e-05, 1.055980144239291e-05, 1.0544884574557206e-05, 1.0529967706721501e-05, 1.0515050838885797e-05, 1.0500133971050092e-05, 1.0485217103214387e-05, 1.0470300235378683e-05, 1.0455383367542978e-05, 1.0440466499707273e-05, 1.0425549631871569e-05, 1.0410632764035864e-05, 1.039571589620016e-05, 1.0380799028364455e-05, 1.036588216052875e-05, 1.0350965292693045e-05, 1.033604842485734e-05, 1.0321131557021636e-05, 1.0306214689185931e-05, 1.0291297821350227e-05, 1.0276380953514522e-05, 1.0261464085678817e-05, 1.0246547217843113e-05, 1.0231630350007408e-05, 1.0216713482171703e-05, 1.0201796614335999e-05, 1.0186879746500294e-05, 1.017196287866459e-05, 1.0157046010828885e-05, 1.014212914299318e-05, 1.0127212275157475e-05, 1.011229540732177e-05, 1.0097378539486066e-05, 1.0082461671650361e-05, 1.0067544803814657e-05, 1.0052627935978952e-05, 1.0037711068143247e-05, 1.0022794200307543e-05, 1.0007877332471838e-05, 9.992960464636133e-06, 9.978043596800429e-06, 9.963126728964724e-06, 9.94820986112902e-06, 9.933292993293315e-06, 9.91837612545761e-06, 9.903459257621905e-06, 9.8885423897862e-06, 9.873625521950496e-06, 9.858708654114791e-06, 9.843791786279087e-06, 9.828874918443382e-06, 9.813958050607677e-06, 9.799041182771972e-06, 9.784124314936268e-06, 9.769207447100563e-06, 9.754290579264858e-06, 9.739373711429154e-06, 9.724456843593449e-06, 9.709539975757744e-06, 9.69462310792204e-06, 9.679706240086335e-06, 9.66478937225063e-06, 9.649872504414926e-06, 9.634955636579221e-06, 9.620038768743516e-06, 9.605121900907812e-06, 9.590205033072107e-06, 9.575288165236402e-06, 9.560371297400698e-06, 9.545454429564993e-06, 9.530537561729288e-06, 9.515620693893584e-06, 9.500703826057879e-06, 9.485786958222174e-06, 9.47087009038647e-06, 9.455953222550765e-06, 9.44103635471506e-06, 9.426119486879356e-06, 9.411202619043651e-06, 9.396285751207946e-06, 9.381368883372242e-06, 9.366452015536537e-06, 9.351535147700832e-06, 9.336618279865128e-06, 9.321701412029423e-06, 9.306784544193718e-06, 9.291867676358014e-06, 9.276950808522309e-06, 9.262033940686604e-06, 9.2471170728509e-06, 9.232200205015195e-06, 9.21728333717949e-06, 9.202366469343786e-06, 9.187449601508081e-06, 9.172532733672376e-06, 9.157615865836672e-06, 9.142698998000967e-06, 9.127782130165262e-06, 9.112865262329558e-06, 9.097948394493853e-06, 9.083031526658148e-06, 9.068114658822444e-06, 9.053197790986739e-06, 9.038280923151034e-06, 9.02336405531533e-06, 9.008447187479625e-06, 8.99353031964392e-06, 8.978613451808216e-06, 8.963696583972511e-06, 8.948779716136806e-06, 8.933862848301102e-06, 8.918945980465397e-06, 8.904029112629692e-06, 8.889112244793988e-06, 8.874195376958283e-06, 8.859278509122578e-06, 8.844361641286874e-06, 8.829444773451169e-06, 8.814527905615464e-06, 8.79961103777976e-06, 8.784694169944055e-06, 8.76977730210835e-06, 8.754860434272646e-06, 8.739943566436941e-06, 8.725026698601236e-06, 8.710109830765532e-06, 8.695192962929827e-06, 8.680276095094122e-06, 8.665359227258418e-06, 8.650442359422713e-06, 8.635525491587008e-06, 8.620608623751304e-06, 8.605691755915599e-06, 8.590774888079894e-06, 8.57585802024419e-06, 8.560941152408485e-06, 8.54602428457278e-06, 8.531107416737076e-06, 8.516190548901371e-06, 8.501273681065666e-06, 8.486356813229962e-06, 8.471439945394257e-06, 8.456523077558552e-06, 8.441606209722848e-06, 8.426689341887143e-06, 8.411772474051438e-06, 8.396855606215733e-06, 8.381938738380029e-06, 8.367021870544324e-06, 8.35210500270862e-06, 8.337188134872915e-06, 8.32227126703721e-06, 8.307354399201505e-06, 8.2924375313658e-06, 8.277520663530096e-06, 8.262603795694391e-06, 8.247686927858687e-06, 8.232770060022982e-06, 8.217853192187277e-06, 8.202936324351573e-06, 8.188019456515868e-06, 8.173102588680163e-06, 8.158185720844459e-06, 8.143268853008754e-06, 8.12835198517305e-06, 8.113435117337345e-06, 8.09851824950164e-06, 8.083601381665935e-06, 8.06868451383023e-06, 8.053767645994526e-06, 8.038850778158821e-06, 8.023933910323117e-06, 8.009017042487412e-06, 7.994100174651707e-06, 7.979183306816003e-06, 7.964266438980298e-06, 7.949349571144593e-06, 7.934432703308889e-06, 7.919515835473184e-06, 7.90459896763748e-06, 7.889682099801775e-06, 7.87476523196607e-06, 7.859848364130365e-06, 7.84493149629466e-06, 7.830014628458956e-06, 7.815097760623251e-06, 7.800180892787547e-06, 7.785264024951842e-06, 7.770347157116137e-06, 7.755430289280433e-06, 7.740513421444728e-06, 7.725596553609023e-06, 7.710679685773319e-06, 7.695762817937614e-06, 7.68084595010191e-06, 7.665929082266205e-06, 7.6510122144305e-06, 7.636095346594795e-06, 7.62117847875909e-06, 7.606261610923384e-06, 7.591344743087679e-06, 7.576427875251973e-06, 7.561511007416268e-06, 7.546594139580562e-06, 7.531677271744857e-06, 7.516760403909151e-06, 7.501843536073446e-06, 7.48692666823774e-06, 7.472009800402035e-06, 7.457092932566329e-06, 7.442176064730624e-06, 7.427259196894918e-06, 7.4123423290592126e-06, 7.397425461223507e-06, 7.3825085933878015e-06, 7.367591725552096e-06, 7.3526748577163905e-06, 7.337757989880685e-06, 7.3228411220449795e-06, 7.307924254209274e-06, 7.293007386373568e-06, 7.278090518537863e-06, 7.263173650702157e-06, 7.248256782866452e-06, 7.233339915030746e-06, 7.218423047195041e-06, 7.203506179359335e-06, 7.18858931152363e-06, 7.173672443687924e-06, 7.158755575852219e-06, 7.143838708016513e-06, 7.128921840180808e-06, 7.114004972345102e-06, 7.099088104509397e-06, 7.084171236673691e-06, 7.069254368837986e-06, 7.05433750100228e-06, 7.039420633166575e-06, 7.024503765330869e-06, 7.009586897495164e-06, 6.994670029659458e-06, 6.9797531618237526e-06, 6.964836293988047e-06, 6.9499194261523415e-06, 6.935002558316636e-06, 6.9200856904809305e-06, 6.905168822645225e-06, 6.8902519548095195e-06, 6.875335086973814e-06, 6.860418219138108e-06, 6.845501351302403e-06, 6.830584483466697e-06, 6.815667615630992e-06, 6.800750747795286e-06, 6.785833879959581e-06, 6.770917012123875e-06, 6.75600014428817e-06, 6.741083276452464e-06, 6.726166408616759e-06, 6.711249540781053e-06, 6.696332672945348e-06, 6.681415805109642e-06, 6.666498937273937e-06, 6.651582069438231e-06, 6.636665201602526e-06, 6.62174833376682e-06, 6.606831465931115e-06, 6.591914598095409e-06, 6.576997730259704e-06, 6.562080862423998e-06, 6.5471639945882926e-06, 6.532247126752587e-06, 6.5173302589168815e-06, 6.502413391081176e-06, 6.4874965232454705e-06, 6.472579655409765e-06, 6.4576627875740595e-06, 6.442745919738354e-06, 6.427829051902648e-06, 6.412912184066943e-06, 6.397995316231237e-06, 6.383078448395532e-06, 6.368161580559826e-06, 6.353244712724121e-06, 6.338327844888415e-06, 6.32341097705271e-06, 6.308494109217004e-06, 6.293577241381299e-06, 6.278660373545593e-06, 6.263743505709888e-06, 6.248826637874182e-06, 6.233909770038477e-06, 6.218992902202771e-06, 6.204076034367066e-06, 6.18915916653136e-06, 6.174242298695655e-06, 6.159325430859949e-06, 6.144408563024244e-06, 6.129491695188538e-06, 6.1145748273528326e-06, 6.099657959517127e-06, 6.0847410916814215e-06, 6.069824223845716e-06, 6.0549073560100105e-06, 6.039990488174305e-06, 6.0250736203385995e-06, 6.010156752502894e-06, 5.995239884667188e-06, 5.980323016831483e-06, 5.965406148995777e-06, 5.950489281160072e-06, 5.935572413324366e-06, 5.920655545488661e-06, 5.905738677652955e-06, 5.89082180981725e-06, 5.875904941981544e-06, 5.860988074145839e-06, 5.846071206310133e-06, 5.831154338474428e-06, 5.816237470638722e-06, 5.801320602803017e-06, 5.786403734967311e-06, 5.771486867131606e-06, 5.7565699992959e-06, 5.741653131460195e-06, 5.726736263624489e-06, 5.711819395788784e-06, 5.696902527953078e-06, 5.6819856601173726e-06, 5.667068792281667e-06, 5.6521519244459615e-06, 5.637235056610256e-06, 5.6223181887745505e-06, 5.607401320938845e-06, 5.5924844531031395e-06, 5.577567585267434e-06, 5.562650717431728e-06, 5.547733849596023e-06, 5.532816981760317e-06, 5.517900113924612e-06, 5.502983246088906e-06, 5.488066378253201e-06, 5.473149510417495e-06, 5.45823264258179e-06, 5.443315774746084e-06, 5.428398906910379e-06, 5.413482039074673e-06, 5.398565171238968e-06, 5.383648303403262e-06, 5.368731435567557e-06, 5.353814567731851e-06, 5.338897699896146e-06, 5.32398083206044e-06, 5.309063964224735e-06, 5.294147096389029e-06, 5.279230228553324e-06, 5.264313360717618e-06, 5.2493964928819126e-06, 5.234479625046207e-06, 5.2195627572105015e-06, 5.204645889374796e-06, 5.1897290215390905e-06, 5.174812153703385e-06, 5.1598952858676795e-06, 5.144978418031974e-06, 5.1300615501962684e-06, 5.115144682360563e-06, 5.100227814524857e-06, 5.085310946689152e-06, 5.070394078853446e-06, 5.055477211017741e-06, 5.040560343182035e-06, 5.02564347534633e-06, 5.010726607510624e-06, 4.995809739674919e-06, 4.980892871839213e-06, 4.965976004003508e-06, 4.951059136167802e-06, 4.936142268332097e-06, 4.921225400496391e-06, 4.906308532660686e-06, 4.89139166482498e-06, 4.876474796989275e-06, 4.861557929153569e-06, 4.846641061317864e-06, 4.831724193482158e-06, 4.8168073256464526e-06, 4.801890457810747e-06, 4.7869735899750415e-06, 4.772056722139336e-06, 4.7571398543036305e-06, 4.742222986467925e-06, 4.7273061186322195e-06, 4.712389250796514e-06, 4.6974723829608084e-06, 4.682555515125103e-06, 4.667638647289397e-06, 4.652721779453692e-06, 4.637804911617986e-06, 4.622888043782281e-06, 4.607971175946575e-06, 4.59305430811087e-06, 4.578137440275164e-06, 4.563220572439459e-06, 4.548303704603753e-06, 4.533386836768048e-06, 4.518469968932342e-06, 4.503553101096637e-06, 4.488636233260931e-06, 4.473719365425226e-06, 4.45880249758952e-06, 4.443885629753815e-06, 4.428968761918109e-06, 4.414051894082404e-06, 4.399135026246698e-06, 4.3842181584109926e-06, 4.369301290575287e-06, 4.3543844227395815e-06, 4.339467554903876e-06, 4.3245506870681705e-06, 4.309633819232465e-06, 4.2947169513967595e-06, 4.279800083561054e-06, 4.2648832157253484e-06, 4.249966347889643e-06, 4.235049480053937e-06, 4.220132612218232e-06, 4.205215744382526e-06, 4.190298876546821e-06, 4.175382008711115e-06, 4.16046514087541e-06, 4.145548273039704e-06, 4.130631405203999e-06, 4.115714537368293e-06, 4.100797669532588e-06, 4.085880801696882e-06, 4.070963933861177e-06, 4.056047066025471e-06, 4.041130198189766e-06, 4.02621333035406e-06, 4.011296462518355e-06, 3.996379594682649e-06, 3.981462726846944e-06, 3.966545859011238e-06, 3.9516289911755326e-06, 3.936712123339827e-06, 3.9217952555041215e-06, 3.906878387668416e-06, 3.8919615198327105e-06, 3.877044651997005e-06, 3.8621277841612995e-06, 3.847210916325594e-06, 3.8322940484898884e-06, 3.817377180654183e-06, 3.8024603128184774e-06, 3.787543444982772e-06, 3.7726265771470664e-06, 3.757709709311361e-06, 3.7427928414756553e-06, 3.72787597363995e-06, 3.7129591058042443e-06, 3.6980422379685388e-06, 3.6831253701328333e-06, 3.6682085022971277e-06, 3.6532916344614222e-06, 3.6383747666257167e-06, 3.623457898790011e-06, 3.6085410309543057e-06, 3.5936241631186e-06, 3.5787072952828946e-06, 3.563790427447189e-06, 3.5488735596114836e-06, 3.533956691775778e-06, 3.5190398239400726e-06, 3.504122956104367e-06, 3.4892060882686615e-06, 3.474289220432956e-06, 3.4593723525972505e-06, 3.444455484761545e-06, 3.4295386169258395e-06, 3.414621749090134e-06, 3.3997048812544284e-06, 3.384788013418723e-06, 3.3698711455830174e-06, 3.354954277747312e-06, 3.3400374099116064e-06, 3.325120542075901e-06, 3.3102036742401953e-06, 3.29528680640449e-06, 3.2803699385687843e-06, 3.2654530707330788e-06, 3.2505362028973733e-06, 3.2356193350616677e-06, 3.2207024672259622e-06, 3.2057855993902567e-06, 3.190868731554551e-06, 3.1759518637188457e-06, 3.16103499588314e-06, 3.1461181280474346e-06, 3.131201260211729e-06, 3.1162843923760236e-06, 3.101367524540318e-06, 3.0864506567046126e-06, 3.071533788868907e-06, 3.0566169210332015e-06, 3.041700053197496e-06, 3.0267831853617905e-06, 3.011866317526085e-06, 2.9969494496903795e-06, 2.982032581854674e-06, 2.9671157140189684e-06, 2.952198846183263e-06, 2.9372819783475574e-06, 2.922365110511852e-06, 2.9074482426761464e-06, 2.892531374840441e-06, 2.8776145070047353e-06, 2.86269763916903e-06, 2.8477807713333243e-06, 2.8328639034976188e-06, 2.8179470356619133e-06, 2.8030301678262077e-06, 2.7881132999905022e-06, 2.7731964321547967e-06, 2.758279564319091e-06, 2.7433626964833857e-06, 2.72844582864768e-06, 2.7135289608119746e-06, 2.698612092976269e-06, 2.6836952251405636e-06, 2.668778357304858e-06, 2.6538614894691526e-06, 2.638944621633447e-06, 2.6240277537977415e-06, 2.609110885962036e-06, 2.5941940181263305e-06, 2.579277150290625e-06, 2.5643602824549195e-06, 2.549443414619214e-06, 2.5345265467835084e-06, 2.519609678947803e-06, 2.5046928111120974e-06, 2.489775943276392e-06, 2.4748590754406864e-06, 2.459942207604981e-06, 2.4450253397692753e-06, 2.43010847193357e-06, 2.4151916040978643e-06, 2.4002747362621588e-06, 2.3853578684264533e-06, 2.3704410005907477e-06, 2.3555241327550422e-06, 2.3406072649193367e-06, 2.325690397083631e-06, 2.3107735292479257e-06, 2.29585666141222e-06, 2.2809397935765146e-06, 2.266022925740809e-06, 2.2511060579051036e-06, 2.236189190069398e-06, 2.2212723222336926e-06, 2.206355454397987e-06, 2.1914385865622815e-06, 2.176521718726576e-06, 2.1616048508908705e-06, 2.146687983055165e-06, 2.1317711152194595e-06, 2.116854247383754e-06, 2.1019373795480484e-06, 2.087020511712343e-06, 2.0721036438766374e-06, 2.057186776040932e-06, 2.0422699082052264e-06, 2.027353040369521e-06, 2.0124361725338153e-06, 1.99751930469811e-06, 1.9826024368624043e-06, 1.9676855690266988e-06, 1.9527687011909933e-06, 1.9378518333552877e-06, 1.9229349655195822e-06, 1.9080180976838767e-06, 1.8931012298481714e-06, 1.878184362012466e-06, 1.8632674941767608e-06, 1.8483506263410555e-06, 1.8334337585053502e-06, 1.8185168906696449e-06, 1.8036000228339396e-06, 1.7886831549982343e-06, 1.773766287162529e-06, 1.7588494193268237e-06, 1.7439325514911183e-06, 1.729015683655413e-06, 1.7140988158197077e-06, 1.6991819479840024e-06, 1.6842650801482971e-06, 1.6693482123125918e-06, 1.6544313444768865e-06, 1.6395144766411812e-06, 1.624597608805476e-06, 1.6096807409697706e-06, 1.5947638731340653e-06, 1.57984700529836e-06, 1.5649301374626547e-06, 1.5500132696269494e-06, 1.535096401791244e-06, 1.5201795339555388e-06, 1.5052626661198335e-06, 1.4903457982841282e-06, 1.4754289304484228e-06, 1.4605120626127175e-06, 1.4455951947770122e-06, 1.430678326941307e-06, 1.4157614591056016e-06, 1.4008445912698963e-06, 1.385927723434191e-06, 1.3710108555984857e-06, 1.3560939877627804e-06, 1.341177119927075e-06, 1.3262602520913698e-06, 1.3113433842556645e-06, 1.2964265164199592e-06, 1.2815096485842539e-06, 1.2665927807485486e-06, 1.2516759129128433e-06, 1.236759045077138e-06, 1.2218421772414327e-06, 1.2069253094057274e-06, 1.192008441570022e-06, 1.1770915737343167e-06, 1.1621747058986114e-06, 1.1472578380629061e-06, 1.1323409702272008e-06, 1.1174241023914955e-06, 1.1025072345557902e-06, 1.087590366720085e-06, 1.0726734988843796e-06, 1.0577566310486743e-06, 1.042839763212969e-06, 1.0279228953772637e-06, 1.0130060275415584e-06, 9.98089159705853e-07, 9.831722918701478e-07, 9.682554240344425e-07, 9.53338556198737e-07, 9.384216883630316e-07, 9.235048205273262e-07, 9.085879526916208e-07, 8.936710848559154e-07, 8.7875421702021e-07, 8.638373491845046e-07, 8.489204813487992e-07, 8.340036135130938e-07, 8.190867456773884e-07, 8.041698778416829e-07, 7.892530100059775e-07, 7.743361421702721e-07, 7.594192743345667e-07, 7.445024064988613e-07, 7.295855386631559e-07, 7.146686708274505e-07, 6.997518029917451e-07, 6.848349351560396e-07, 6.699180673203342e-07, 6.550011994846288e-07, 6.400843316489234e-07, 6.25167463813218e-07, 6.102505959775126e-07, 5.953337281418072e-07, 5.804168603061018e-07, 5.654999924703964e-07, 5.505831246346909e-07, 5.356662567989855e-07, 5.207493889632801e-07, 5.058325211275747e-07, 4.909156532918693e-07] 
======================
counter_t= [0.0000e+00 2.5000e+00 5.0000e+00 ... 3.3125e+03 3.3150e+03 3.3175e+03] 
======================
