
=========2023-07-03===
CMTS= [0.1717904  0.12821205 0.10787715 0.09463905 0.08486439 0.07716284
 0.07085324 0.06554995 0.06101285 0.05708199 0.05364539 0.05062156
 0.04794942 0.04558204 0.0434827  0.04162219 0.03997702 0.0385281
 0.03725986 0.03615952 0.03521663 0.03442264 0.03377069 0.03325531
 0.03287229 0.0326186  0.03249225 0.03249225] 
======================
CH2= [1.71790398 1.71792228 1.71793104 1.71793677 1.71794096 1.71794419
 1.71794676 1.71794885 1.71795056 1.71795199 1.71795318 1.71795417
 1.71795499 1.71795568 1.71795625 1.71795672 1.7179571  1.71795741
 1.71795765 1.71795783 1.71795797 1.71795808 1.71795815 1.71795819
 1.71795821 1.71795822 1.71795823 1.71795823] 
======================
CHCl= [0.         0.06466982 0.09484711 0.11449299 0.12899915 0.14042877
 0.14979267 0.15766312 0.16439649 0.17023014 0.17533026 0.17981776
 0.18378333 0.18729657 0.19041203 0.19317302 0.19561444 0.1977646
 0.19964662 0.20127946 0.20267865 0.20385685 0.20482428 0.20558905
 0.20615738 0.20653382 0.20672131 0.20672131] 
======================
phi= [9.51997571e-07 6.98509445e-06 1.17950071e-05 1.59122041e-05
 1.95384070e-05 2.27813714e-05 2.57085758e-05 2.83663814e-05
 3.07886301e-05 3.30010948e-05 3.50240213e-05 3.68736894e-05
 3.85634259e-05 4.01042906e-05 4.15055585e-05 4.27750678e-05
 4.39194772e-05 4.49444597e-05 4.58548516e-05 4.66547672e-05
 4.73476890e-05 4.79365386e-05 4.84237322e-05 4.88112240e-05
 4.91005401e-05 4.92928037e-05 4.93887529e-05 4.93887529e-05] 
======================
d= [4.95240012e-05 4.65074528e-05 4.41024964e-05 4.20438979e-05
 4.02307965e-05 3.86093143e-05 3.71457121e-05 3.58168093e-05
 3.46056850e-05 3.34994526e-05 3.24879894e-05 3.15631553e-05
 3.07182871e-05 2.99478547e-05 2.92472207e-05 2.86124661e-05
 2.80402614e-05 2.75277701e-05 2.70725742e-05 2.66726164e-05
 2.63261555e-05 2.60317307e-05 2.57881339e-05 2.55943880e-05
 2.54497299e-05 2.53535982e-05 2.53056235e-05 2.53056235e-05] 
======================
xi= [2.71889813e-05 1.46374633e-03 4.17366580e-03 7.59594722e-03
 1.14524804e-02 1.55697265e-02 1.98279260e-02 2.41395477e-02
 2.84381923e-02 3.26721677e-02 3.68004620e-02 4.07900691e-02
 4.46141345e-02 4.82506237e-02 5.16813416e-02 5.48911928e-02
 5.78676143e-02 6.06001338e-02 6.30800224e-02 6.53000189e-02
 6.72541096e-02 6.89373520e-02 7.03457352e-02 7.14760676e-02
 7.23258912e-02 7.28934148e-02 7.31774675e-02 7.31774675e-02] 
======================
tf_hrs= 2.3055574 
======================
rpt= [4.9850831321642946e-05, 4.970166264328589e-05, 4.955249396492883e-05, 4.9403325286571775e-05, 4.925415660821472e-05, 4.910498792985766e-05, 4.8955819251500604e-05, 4.880665057314355e-05, 4.865748189478649e-05, 4.8508313216429434e-05, 4.835914453807238e-05, 4.820997585971532e-05, 4.806080718135826e-05, 4.7911638503001206e-05, 4.776246982464415e-05, 4.761330114628709e-05, 4.7464132467930036e-05, 4.731496378957298e-05, 4.716579511121592e-05, 4.7016626432858865e-05, 4.686745775450181e-05, 4.671828907614475e-05, 4.6569120397787694e-05, 4.641995171943064e-05, 4.627078304107358e-05, 4.6121614362716524e-05, 4.597244568435947e-05, 4.582327700600241e-05, 4.567410832764535e-05, 4.5524939649288296e-05, 4.537577097093124e-05, 4.522660229257418e-05, 4.5077433614217126e-05, 4.492826493586007e-05, 4.477909625750301e-05, 4.4629927579145955e-05, 4.44807589007889e-05, 4.433159022243184e-05, 4.4182421544074785e-05, 4.403325286571773e-05, 4.388408418736067e-05, 4.3734915509003614e-05, 4.358574683064656e-05, 4.34365781522895e-05, 4.3287409473932443e-05, 4.3138240795575387e-05, 4.298907211721833e-05, 4.283990343886127e-05, 4.2690734760504216e-05, 4.254156608214716e-05, 4.23923974037901e-05, 4.2243228725433045e-05, 4.209406004707599e-05, 4.194489136871893e-05, 4.1795722690361875e-05, 4.164655401200482e-05, 4.149738533364776e-05, 4.1348216655290704e-05, 4.119904797693365e-05, 4.104987929857659e-05, 4.0900710620219534e-05, 4.075154194186248e-05, 4.060237326350542e-05, 4.045320458514836e-05, 4.0304035906791306e-05, 4.015486722843425e-05, 4.000569855007719e-05, 3.9856529871720135e-05, 3.970736119336308e-05, 3.955819251500602e-05, 3.9409023836648965e-05, 3.925985515829191e-05, 3.911068647993485e-05, 3.8961517801577794e-05, 3.881234912322074e-05, 3.866318044486368e-05, 3.8514011766506624e-05, 3.836484308814957e-05, 3.821567440979251e-05, 3.806650573143545e-05, 3.7917337053078396e-05, 3.776816837472134e-05, 3.761899969636428e-05, 3.7469831018007226e-05, 3.732066233965017e-05, 3.717149366129311e-05, 3.7022324982936055e-05, 3.6873156304579e-05, 3.672398762622194e-05, 3.6574818947864884e-05, 3.642565026950783e-05, 3.627648159115077e-05, 3.6127312912793714e-05, 3.597814423443666e-05, 3.58289755560796e-05, 3.567980687772254e-05, 3.5530638199365486e-05, 3.538146952100843e-05, 3.523230084265137e-05, 3.5083132164294316e-05, 3.493396348593726e-05, 3.47847948075802e-05, 3.4635626129223145e-05, 3.448645745086609e-05, 3.433728877250903e-05, 3.4188120094151975e-05, 3.403895141579492e-05, 3.388978273743786e-05, 3.3740614059080804e-05, 3.359144538072375e-05, 3.344227670236669e-05, 3.3293108024009633e-05, 3.3143939345652577e-05, 3.299477066729552e-05, 3.284560198893846e-05, 3.2696433310581406e-05, 3.254726463222435e-05, 3.239809595386729e-05, 3.2248927275510235e-05, 3.209975859715318e-05, 3.195058991879612e-05, 3.1801421240439065e-05, 3.165225256208201e-05, 3.150308388372495e-05, 3.1353915205367894e-05, 3.120474652701084e-05, 3.105557784865378e-05, 3.0906409170296724e-05, 3.075724049193967e-05, 3.060807181358261e-05, 3.0458903135225556e-05, 3.0309734456868503e-05, 3.016056577851145e-05, 3.0011397100154396e-05, 2.9862228421797342e-05, 2.971305974344029e-05, 2.9563891065083235e-05, 2.9414722386726182e-05, 2.926555370836913e-05, 2.9116385030012075e-05, 2.896721635165502e-05, 2.8818047673297968e-05, 2.8668878994940915e-05, 2.851971031658386e-05, 2.8370541638226808e-05, 2.8221372959869754e-05, 2.80722042815127e-05, 2.7923035603155647e-05, 2.7773866924798594e-05, 2.762469824644154e-05, 2.7475529568084487e-05, 2.7326360889727433e-05, 2.717719221137038e-05, 2.7028023533013326e-05, 2.6878854854656273e-05, 2.672968617629922e-05, 2.6580517497942166e-05, 2.6431348819585112e-05, 2.628218014122806e-05, 2.6133011462871005e-05, 2.5983842784513952e-05, 2.58346741061569e-05, 2.5685505427799845e-05, 2.553633674944279e-05, 2.5387168071085738e-05, 2.5237999392728685e-05, 2.508883071437163e-05, 2.4939662036014578e-05, 2.4790493357657524e-05, 2.464132467930047e-05, 2.4492156000943417e-05, 2.4342987322586364e-05, 2.419381864422931e-05, 2.4044649965872257e-05, 2.3895481287515203e-05, 2.374631260915815e-05, 2.3597143930801096e-05, 2.3447975252444043e-05, 2.329880657408699e-05, 2.3149637895729936e-05, 2.3000469217372882e-05, 2.285130053901583e-05, 2.2702131860658775e-05, 2.2552963182301722e-05, 2.240379450394467e-05, 2.2254625825587615e-05, 2.210545714723056e-05, 2.1956288468873508e-05, 2.1807119790516455e-05, 2.16579511121594e-05, 2.1508782433802348e-05, 2.1359613755445294e-05, 2.121044507708824e-05, 2.1061276398731187e-05, 2.0912107720374134e-05, 2.076293904201708e-05, 2.0613770363660027e-05, 2.0464601685302973e-05, 2.031543300694592e-05, 2.0166264328588866e-05, 2.0017095650231813e-05, 1.986792697187476e-05, 1.9718758293517706e-05, 1.9569589615160652e-05, 1.94204209368036e-05, 1.9271252258446545e-05, 1.9122083580089492e-05, 1.897291490173244e-05, 1.8823746223375385e-05, 1.867457754501833e-05, 1.8525408866661278e-05, 1.8376240188304225e-05, 1.822707150994717e-05, 1.8077902831590118e-05, 1.7928734153233064e-05, 1.777956547487601e-05, 1.7630396796518957e-05, 1.7481228118161904e-05, 1.733205943980485e-05, 1.7182890761447797e-05, 1.7033722083090743e-05, 1.688455340473369e-05, 1.6735384726376636e-05, 1.6586216048019583e-05, 1.643704736966253e-05, 1.6287878691305476e-05, 1.6138710012948422e-05, 1.598954133459137e-05, 1.5840372656234315e-05, 1.5691203977877262e-05, 1.554203529952021e-05, 1.5392866621163155e-05, 1.5243697942806102e-05, 1.5094529264449048e-05, 1.4945360586091995e-05, 1.4796191907734941e-05, 1.4647023229377888e-05, 1.4497854551020834e-05, 1.434868587266378e-05, 1.4199517194306727e-05, 1.4050348515949674e-05, 1.390117983759262e-05, 1.3752011159235567e-05, 1.3602842480878513e-05, 1.345367380252146e-05, 1.3304505124164406e-05, 1.3155336445807353e-05, 1.30061677674503e-05, 1.2856999089093246e-05, 1.2707830410736192e-05, 1.2558661732379139e-05, 1.2409493054022085e-05, 1.2260324375665032e-05, 1.2111155697307979e-05, 1.1961987018950925e-05, 1.1812818340593872e-05, 1.1663649662236818e-05, 1.1514480983879765e-05, 1.1365312305522711e-05, 1.1216143627165658e-05, 1.1066974948808604e-05, 1.091780627045155e-05, 1.0768637592094497e-05, 1.0619468913737444e-05, 1.047030023538039e-05, 1.0321131557023337e-05, 1.0171962878666283e-05, 1.002279420030923e-05, 9.873625521952176e-06, 9.724456843595123e-06, 9.57528816523807e-06, 9.426119486881016e-06, 9.276950808523962e-06, 9.127782130166909e-06, 8.978613451809855e-06, 8.829444773452802e-06, 8.680276095095749e-06, 8.531107416738695e-06, 8.381938738381642e-06, 8.232770060024588e-06, 8.083601381667535e-06, 7.934432703310481e-06, 7.785264024953428e-06, 7.636095346596374e-06, 7.48692666823932e-06, 7.3377579898822655e-06, 7.188589311525211e-06, 7.039420633168157e-06, 6.8902519548111026e-06, 6.741083276454048e-06, 6.591914598096994e-06, 6.44274591973994e-06, 6.293577241382885e-06, 6.144408563025831e-06, 5.995239884668777e-06, 5.846071206311722e-06, 5.696902527954668e-06, 5.547733849597614e-06, 5.398565171240559e-06, 5.249396492883505e-06, 5.100227814526451e-06, 4.951059136169396e-06, 4.801890457812342e-06, 4.652721779455288e-06, 4.503553101098233e-06, 4.354384422741179e-06, 4.205215744384125e-06, 4.05604706602707e-06, 3.906878387670016e-06, 3.757709709312962e-06, 3.6085410309559083e-06, 3.4593723525988544e-06, 3.3102036742418005e-06, 3.1610349958847466e-06, 3.0118663175276926e-06, 2.8626976391706387e-06, 2.713528960813585e-06, 2.564360282456531e-06, 2.415191604099477e-06, 2.266022925742423e-06, 2.1168542473853692e-06, 1.9676855690283153e-06, 1.8185168906712614e-06, 1.6693482123142075e-06, 1.5201795339571536e-06, 1.3710108556000997e-06, 1.2218421772430458e-06, 1.072673498885992e-06, 9.235048205289379e-07, 7.743361421718839e-07, 6.251674638148299e-07, 4.759987854577759e-07] 
======================
counter_t= [  0  25  50  75 100 125 150 175 200 225 250 275 300 325] 
======================
