
=========2023-07-03===
CMTS= [0.94484719 0.70426608 0.59227356 0.51943119 0.46567258 0.42332911
 0.38864662 0.35950074 0.33456915 0.31297136 0.29409099 0.27747972
 0.26280141 0.24979796 0.23826734 0.22804892 0.2190135  0.21105616
 0.20409122 0.19804847 0.19287042 0.18851018 0.18492991 0.18209961
 0.17999624 0.17860305 0.17790913 0.17790913] 
======================
CH2= [0.94484719 0.94490588 0.94493228 0.94494909 0.94496116 0.94497036
 0.94497761 0.94498347 0.94498826 0.94499221 0.94499548 0.94499821
 0.94500047 0.94500235 0.94500391 0.94500518 0.94500621 0.94500704
 0.9450077  0.94500821 0.94500859 0.94500886 0.94500905 0.94500917
 0.94500923 0.94500926 0.94500927 0.94500927] 
======================
CHCl= [0.         0.35790378 0.5245036  0.63286897 0.7128468  0.77584323
 0.82744232 0.87080406 0.90789549 0.94002651 0.96811408 0.99282528
 1.01466023 1.03400299 1.05115423 1.06635297 1.07979155 1.09162612
 1.10198424 1.11097044 1.11867034 1.1251538  1.13047719 1.13468524
 1.13781232 1.13988346 1.14091498 1.14091498] 
======================
phi= [8.92330100e-07 6.93158365e-06 1.17435536e-05 1.58620140e-05
 1.94892845e-05 2.27332890e-05 2.56615576e-05 2.83204638e-05
 3.07438464e-05 3.29574694e-05 3.49815677e-05 3.68324099e-05
 3.85233117e-05 4.00653225e-05 4.14677076e-05 4.27382961e-05
 4.38837380e-05 4.49096982e-05 4.58210051e-05 4.66217655e-05
 4.73154544e-05 4.79049859e-05 4.83927685e-05 4.87807487e-05
 4.90704446e-05 4.92629706e-05 4.93590561e-05 4.93590561e-05] 
======================
d= [4.95538350e-05 4.65342082e-05 4.41282232e-05 4.20689930e-05
 4.02553578e-05 3.86333555e-05 3.71692212e-05 3.58397681e-05
 3.46280768e-05 3.35212653e-05 3.25092161e-05 3.15837950e-05
 3.07383442e-05 2.99673388e-05 2.92661462e-05 2.86308520e-05
 2.80581310e-05 2.75451509e-05 2.70894974e-05 2.66891172e-05
 2.63422728e-05 2.60475071e-05 2.58036158e-05 2.56096256e-05
 2.54647777e-05 2.53685147e-05 2.53204720e-05 2.53204720e-05] 
======================
xi= [2.38875902e-05 1.44140556e-03 4.13733156e-03 7.54810469e-03
 1.13949663e-02 1.55040728e-02 1.97554662e-02 2.40614601e-02
 2.83555228e-02 3.25858437e-02 3.67113024e-02 4.06987926e-02
 4.45213662e-02 4.81569019e-02 5.15871232e-02 5.47968586e-02
 5.77734737e-02 6.05064298e-02 6.29869353e-02 6.52076706e-02
 6.71625668e-02 6.88466302e-02 7.02558012e-02 7.13868434e-02
 7.22372560e-02 7.28052083e-02 7.30894925e-02 7.30894925e-02] 
======================
tf_hrs= 0.41944478 
======================
rpt= [4.9835914453807246e-05, 4.967182890761449e-05, 4.950774336142173e-05, 4.9343657815228977e-05, 4.917957226903622e-05, 4.9015486722843464e-05, 4.885140117665071e-05, 4.868731563045795e-05, 4.8523230084265194e-05, 4.835914453807244e-05, 4.819505899187968e-05, 4.8030973445686925e-05, 4.786688789949417e-05, 4.770280235330141e-05, 4.7538716807108656e-05, 4.73746312609159e-05, 4.721054571472314e-05, 4.7046460168530386e-05, 4.688237462233763e-05, 4.671828907614487e-05, 4.655420352995212e-05, 4.639011798375936e-05, 4.6226032437566604e-05, 4.606194689137385e-05, 4.589786134518109e-05, 4.5733775798988335e-05, 4.556969025279558e-05, 4.540560470660282e-05, 4.5241519160410065e-05, 4.507743361421731e-05, 4.491334806802455e-05, 4.4749262521831796e-05, 4.458517697563904e-05, 4.442109142944628e-05, 4.4257005883253527e-05, 4.409292033706077e-05, 4.3928834790868014e-05, 4.376474924467526e-05, 4.36006636984825e-05, 4.3436578152289744e-05, 4.327249260609699e-05, 4.310840705990423e-05, 4.2944321513711475e-05, 4.278023596751872e-05, 4.261615042132596e-05, 4.2452064875133206e-05, 4.228797932894045e-05, 4.212389378274769e-05, 4.1959808236554936e-05, 4.179572269036218e-05, 4.163163714416942e-05, 4.146755159797667e-05, 4.130346605178391e-05, 4.1139380505591154e-05, 4.09752949593984e-05, 4.081120941320564e-05, 4.0647123867012885e-05, 4.048303832082013e-05, 4.031895277462737e-05, 4.0154867228434615e-05, 3.999078168224186e-05, 3.98266961360491e-05, 3.9662610589856346e-05, 3.949852504366359e-05, 3.933443949747083e-05, 3.9170353951278076e-05, 3.900626840508532e-05, 3.8842182858892564e-05, 3.867809731269981e-05, 3.851401176650705e-05, 3.8349926220314294e-05, 3.818584067412154e-05, 3.802175512792878e-05, 3.7857669581736025e-05, 3.769358403554327e-05, 3.752949848935051e-05, 3.7365412943157755e-05, 3.7201327396965e-05, 3.703724185077224e-05, 3.6873156304579486e-05, 3.670907075838673e-05, 3.654498521219397e-05, 3.638089966600122e-05, 3.621681411980846e-05, 3.6052728573615704e-05, 3.588864302742295e-05, 3.572455748123019e-05, 3.5560471935037434e-05, 3.539638638884468e-05, 3.523230084265192e-05, 3.5068215296459165e-05, 3.490412975026641e-05, 3.474004420407365e-05, 3.4575958657880896e-05, 3.441187311168814e-05, 3.424778756549538e-05, 3.4083702019302626e-05, 3.391961647310987e-05, 3.3755530926917113e-05, 3.359144538072436e-05, 3.34273598345316e-05, 3.3263274288338844e-05, 3.309918874214609e-05, 3.293510319595333e-05, 3.2771017649760575e-05, 3.260693210356782e-05, 3.244284655737506e-05, 3.2278761011182305e-05, 3.211467546498955e-05, 3.195058991879679e-05, 3.1786504372604036e-05, 3.162241882641128e-05, 3.145833328021852e-05, 3.129424773402577e-05, 3.113016218783301e-05, 3.0966076641640254e-05, 3.08019910954475e-05, 3.063790554925474e-05, 3.047382000306198e-05, 3.030973445686922e-05, 3.014564891067646e-05, 2.99815633644837e-05, 2.981747781829094e-05, 2.9653392272098182e-05, 2.9489306725905422e-05, 2.9325221179712662e-05, 2.9161135633519902e-05, 2.8997050087327142e-05, 2.8832964541134383e-05, 2.8668878994941623e-05, 2.8504793448748863e-05, 2.8340707902556103e-05, 2.8176622356363343e-05, 2.8012536810170583e-05, 2.7848451263977823e-05, 2.7684365717785064e-05, 2.7520280171592304e-05, 2.7356194625399544e-05, 2.7192109079206784e-05, 2.7028023533014024e-05, 2.6863937986821264e-05, 2.6699852440628505e-05, 2.6535766894435745e-05, 2.6371681348242985e-05, 2.6207595802050225e-05, 2.6043510255857465e-05, 2.5879424709664705e-05, 2.5715339163471946e-05, 2.5551253617279186e-05, 2.5387168071086426e-05, 2.5223082524893666e-05, 2.5058996978700906e-05, 2.4894911432508146e-05, 2.4730825886315386e-05, 2.4566740340122627e-05, 2.4402654793929867e-05, 2.4238569247737107e-05, 2.4074483701544347e-05, 2.3910398155351587e-05, 2.3746312609158827e-05, 2.3582227062966068e-05, 2.3418141516773308e-05, 2.3254055970580548e-05, 2.3089970424387788e-05, 2.2925884878195028e-05, 2.276179933200227e-05, 2.259771378580951e-05, 2.243362823961675e-05, 2.226954269342399e-05, 2.210545714723123e-05, 2.194137160103847e-05, 2.177728605484571e-05, 2.161320050865295e-05, 2.144911496246019e-05, 2.128502941626743e-05, 2.112094387007467e-05, 2.095685832388191e-05, 2.079277277768915e-05, 2.062868723149639e-05, 2.046460168530363e-05, 2.030051613911087e-05, 2.013643059291811e-05, 1.997234504672535e-05, 1.980825950053259e-05, 1.964417395433983e-05, 1.948008840814707e-05, 1.9316002861954312e-05, 1.9151917315761552e-05, 1.8987831769568792e-05, 1.8823746223376032e-05, 1.8659660677183272e-05, 1.8495575130990512e-05, 1.8331489584797753e-05, 1.8167404038604993e-05, 1.8003318492412233e-05, 1.7839232946219473e-05, 1.7675147400026713e-05, 1.7511061853833953e-05, 1.7346976307641194e-05, 1.7182890761448434e-05, 1.7018805215255674e-05, 1.6854719669062914e-05, 1.6690634122870154e-05, 1.6526548576677394e-05, 1.6362463030484635e-05, 1.6198377484291875e-05, 1.6034291938099115e-05, 1.5870206391906355e-05, 1.5706120845713595e-05, 1.5542035299520835e-05, 1.5377949753328075e-05, 1.5213864207135316e-05, 1.5049778660942556e-05, 1.4885693114749796e-05, 1.4721607568557036e-05, 1.4557522022364276e-05, 1.4393436476171516e-05, 1.4229350929978757e-05, 1.4065265383785997e-05, 1.3901179837593237e-05, 1.3737094291400477e-05, 1.3573008745207717e-05, 1.3408923199014957e-05, 1.3244837652822198e-05, 1.3080752106629438e-05, 1.2916666560436678e-05, 1.2752581014243918e-05, 1.2588495468051158e-05, 1.2424409921858398e-05, 1.2260324375665638e-05, 1.2096238829472879e-05, 1.1932153283280119e-05, 1.1768067737087359e-05, 1.1603982190894599e-05, 1.143989664470184e-05, 1.127581109850908e-05, 1.111172555231632e-05, 1.094764000612356e-05, 1.07835544599308e-05, 1.061946891373804e-05, 1.045538336754528e-05, 1.029129782135252e-05, 1.012721227515976e-05, 9.963126728967e-06, 9.79904118277424e-06, 9.634955636581481e-06, 9.470870090388721e-06, 9.306784544195961e-06, 9.142698998003201e-06, 8.978613451810442e-06, 8.814527905617682e-06, 8.650442359424922e-06, 8.486356813232162e-06, 8.322271267039402e-06, 8.158185720846642e-06, 7.994100174653883e-06, 7.830014628461123e-06, 7.665929082268363e-06, 7.501843536075604e-06, 7.337757989882845e-06, 7.173672443690086e-06, 7.009586897497327e-06, 6.845501351304568e-06, 6.681415805111809e-06, 6.51733025891905e-06, 6.353244712726291e-06, 6.189159166533532e-06, 6.025073620340773e-06, 5.860988074148014e-06, 5.696902527955255e-06, 5.532816981762496e-06, 5.368731435569737e-06, 5.204645889376978e-06, 5.040560343184219e-06, 4.87647479699146e-06, 4.712389250798701e-06, 4.548303704605942e-06, 4.384218158413183e-06, 4.220132612220424e-06, 4.056047066027665e-06, 3.891961519834906e-06, 3.7278759736421466e-06, 3.563790427449387e-06, 3.3997048812566277e-06, 3.2356193350638683e-06, 3.071533788871109e-06, 2.9074482426783495e-06, 2.74336269648559e-06, 2.5792771502928307e-06, 2.4151916041000712e-06, 2.251106057907312e-06, 2.0870205117145524e-06, 1.922934965521793e-06, 1.7588494193290336e-06, 1.5947638731362741e-06, 1.4306783269435147e-06, 1.2665927807507553e-06, 1.1025072345579959e-06, 9.384216883652365e-07, 7.74336142172477e-07, 6.102505959797176e-07, 4.4616504978695826e-07] 
======================
counter_t= [  0   5  10  15  20  25  30  35  40  45  50  55  60  65  70  75  80  85
  90  95 100 105 110 115 120 125 130 135 140 145 150 155 160 165 170 175
 180 185 190 195 200 205 210 215 220 225 230 235 240 245 250 255 260 265
 270 275 280 285 290 295 300] 
======================
