 0.94484719 0.94484703 0.94484638 0.94484542 0.94484426 0.94484296
 0.94484156 0.9448401  0.94483859 0.94483704 0.94483548 0.94483389
 0.9448323  0.94483071 0.94482912 0.94482753 0.94482595 0.94482437
 0.9448228  0.94482125 0.9448197  0.94481817 0.94481665 0.94481514
 0.94481365 0.94481216 0.9448107  0.94480924 0.9448078  0.94480637
 0.94480496 0.94480356 0.94480217 0.9448008  0.94479943 0.94479809
 0.94479675 0.94479543 0.94479412 0.94479282 0.94479154 0.94479027
 0.94478901 0.94478776 0.94478652 0.9447853  0.94478408 0.94478288
 0.94478169 0.94478051 0.94477934 0.94477818 0.94477703 0.94477589
 0.94477477 0.94477365 0.94477254 0.94477144 0.94477035 0.94476927
 0.9447682  0.94476714 0.94476609 0.94476505 0.94476402 0.94476299
 0.94476198 0.94476097 0.94475997 0.94475898 0.94475799 0.94475702
 0.94475605 0.94475509 0.94475414 0.9447532  0.94475226 0.94475133
 0.94475041 0.9447495  0.94474859 0.94474769 0.94474679 0.94474591
 0.94474503 0.94474416 0.94474329 0.94474243 0.94474158 0.94474073
 0.94473989 0.94473905 0.94473823 0.9447374  0.94473659 0.94473578
 0.94473497 0.94473418 0.94473338 0.9447326  0.94473182 0.94473104
 0.94473027 0.9447295  0.94472874 0.94472799 0.94472724 0.9447265
 0.94472576 0.94472503 0.9447243  0.94472357 0.94472286 0.94472214
 0.94472143 0.94472073 0.94472003 0.94471934 0.94471865 0.94471796
 0.94471728 0.9447166  0.94471593 0.94471526 0.9447146  0.94471394
 0.94471329 0.94471264 0.94471199 0.94471135 0.94471071 0.94471008
 0.94470945 0.94470882 0.9447082  0.94470758 0.94470697 0.94470636
 0.94470575 0.94470515 0.94470455 0.94470395 0.94470336 0.94470277
 0.94470219 0.94470161 0.94470103 0.94470046 0.94469989 0.94469932
 0.94469876 0.9446982  0.94469764 0.94469709 0.94469654 0.94469599
 0.94469545 0.94469491 0.94469437 0.94469384 0.9446933  0.94469278
 0.94469225 0.94469173 0.94469121 0.9446907  0.94469018 0.94468968
 0.94468917 0.94468866 0.94468816 0.94468767 0.94468717 0.94468668
 0.94468619 0.9446857  0.94468522 0.94468474 0.94468426 0.94468378
 0.94468331 0.94468284 0.94468237 0.94468191 0.94468144 0.94468098
 0.94468053 0.94468007 0.94467962 0.94467917 0.94467872 0.94467828
 0.94467784 0.9446774  0.94467696 0.94467652 0.94467609 0.94467566
 0.94467523 0.9446748  0.94467438 0.94467396 0.94467354 0.94467312
 0.94467271 0.9446723  0.94467189 0.94467148 0.94467107 0.94467067
 0.94467027 0.94466987 0.94466947 0.94466908 0.94466868 0.94466829
 0.9446679  0.94466752 0.94466713 0.94466675 0.94466637 0.94466599
 0.94466561 0.94466524 0.94466486 0.94466449 0.94466412 0.94466376
 0.94466339 0.94466303 0.94466267 0.94466231 0.94466195 0.94466159
 0.94466124 0.94466089 0.94466054 0.94466019 0.94465984 0.9446595
 0.94465915 0.94465881 0.94465847 0.94465813 0.9446578  0.94465746
 0.94465713 0.9446568  0.94465647 0.94465614 0.94465581 0.94465549
 0.94465517 0.94465484 0.94465452 0.94465421 0.94465389 0.94465358
 0.94465326 0.94465295 0.94465264 0.94465233 0.94465202 0.94465172
 0.94465141 0.94465111 0.94465081 0.94465051 0.94465021 0.94464992
 0.94464962 0.94464933 0.94464903 0.94464874 0.94464845 0.94464817
 0.94464788 0.94464759 0.94464731 0.94464703 0.94464675 0.94464647
 0.94464619 0.94464591 0.94464564 0.94464536 0.94464509 0.94464482
 0.94464455 0.94464428 0.94464401 0.94464374 0.94464348 0.94464322
 0.94464295 0.94464269 0.94464243 0.94464217 0.94464192 0.94464166
 0.94464141 0.94464115 0.9446409  0.94464065 0.9446404  0.94464015
 0.9446399  0.94463966 0.94463941 0.94463917 0.94463893 0.94463868
 0.94463844 0.9446382  0.94463797 0.94463773 0.94463749 0.94463726
 0.94463703 0.94463679 0.94463656 0.94463633 0.9446361  0.94463587
 0.94463565 0.94463542 0.9446352  0.94463497 0.94463475 0.94463453
 0.94463431 0.94463409 0.94463387 0.94463365 0.94463344 0.94463322
 0.94463301 0.9446328  0.94463258 0.94463237 0.94463216 0.94463195
 0.94463175 0.94463154 0.94463133 0.94463113 0.94463092 0.94463072
 0.94463052 0.94463032 0.94463012 0.94462992 0.94462972 0.94462952
 0.94462932 0.94462913 0.94462893 0.94462874 0.94462855 0.94462836
 0.94462817 0.94462798 0.94462779 0.9446276  0.94462741 0.94462723
 0.94462704 0.94462686 0.94462667 0.94462649 0.94462631 0.94462613
 0.94462595 0.94462577 0.94462559 0.94462541 0.94462523 0.94462506
 0.94462488 0.94462471 0.94462454 0.94462436 0.94462419 0.94462402
 0.94462385 0.94462368 0.94462351 0.94462334 0.94462318 0.94462301
 0.94462285 0.94462268 0.94462252 0.94462236 0.94462219 0.94462203
 0.94462187 0.94462171 0.94462155 0.9446214  0.94462124 0.94462108
 0.94462093 0.94462077 0.94462062 0.94462046 0.94462031 0.94462016
 0.94462001 0.94461985 0.9446197  0.94461956 0.94461941 0.94461926
 0.94461911 0.94461897 0.94461882 0.94461868 0.94461853 0.94461839
 0.94461824 0.9446181  0.94461796 0.94461782 0.94461768 0.94461754
 0.9446174  0.94461726 0.94461713 0.94461699 0.94461685 0.94461672
 0.94461658 0.94461645 0.94461632 0.94461618 0.94461605 0.94461592
 0.94461579 0.94461566 0.94461553 0.9446154  0.94461527 0.94461514
 0.94461502 0.94461489 0.94461477 0.94461464 0.94461452 0.94461439
 0.94461427 0.94461415 0.94461402 0.9446139  0.94461378 0.94461366
 0.94461354 0.94461342 0.9446133  0.94461319 0.94461307 0.94461295
 0.94461284 0.94461272 0.94461261 0.94461249 0.94461238 0.94461226
 0.94461215 0.94461204 0.94461193 0.94461182 0.94461171 0.9446116
 0.94461149 0.94461138 0.94461127 0.94461116 0.94461106 0.94461095
 0.94461084 0.94461074 0.94461063 0.94461053 0.94461042 0.94461032
 0.94461022 0.94461012 0.94461001 0.94460991 0.94460981 0.94460971
 0.94460961 0.94460951 0.94460941 0.94460932 0.94460922 0.94460912
 0.94460903 0.94460893 0.94460883 0.94460874 0.94460864 0.94460855
 0.94460846 0.94460836 0.94460827 0.94460818 0.94460809 0.94460799
 0.9446079  0.94460781 0.94460772 0.94460763 0.94460755 0.94460746
 0.94460737 0.94460728 0.94460719 0.94460711 0.94460702 0.94460694
 0.94460685 0.94460677 0.94460668 0.9446066  0.94460652 0.94460643
 0.94460635 0.94460627 0.94460619 0.9446061  0.94460602 0.94460594
 0.94460586 0.94460578 0.94460571 0.94460563 0.94460555 0.94460547
 0.94460539 0.94460532 0.94460524 0.94460516 0.94460509 0.94460501
 0.94460494 0.94460486 0.94460479 0.94460472 0.94460464 0.94460457
 0.9446045  0.94460443 0.94460436 0.94460428 0.94460421 0.94460414
 0.94460407 0.944604   0.94460393 0.94460387 0.9446038  0.94460373
 0.94460366 0.94460359 0.94460353 0.94460346 0.94460339 0.94460333
 0.94460326 0.9446032  0.94460313 0.94460307 0.94460301 0.94460294
 0.94460288 0.94460282 0.94460275 0.94460269 0.94460263 0.94460257
 0.94460251 0.94460245 0.94460239 0.94460233 0.94460227 0.94460221
 0.94460215 0.94460209 0.94460203 0.94460197 0.94460192 0.94460186
 0.9446018  0.94460175 0.94460169 0.94460163 0.94460158 0.94460152
 0.94460147 0.94460142 0.94460136 0.94460131 0.94460125 0.9446012
 0.94460115 0.9446011  0.94460104 0.94460099 0.94460094 0.94460089
 0.94460084 0.94460079 0.94460074 0.94460069 0.94460064 0.94460059
 0.94460054 0.94460049 0.94460044 0.94460039 0.94460034 0.9446003
 0.94460025 0.9446002  0.94460016 0.94460011 0.94460006 0.94460002
 0.94459997 0.94459993 0.94459988 0.94459984 0.94459979 0.94459975
 0.94459971 0.94459966 0.94459962 0.94459958 0.94459953 0.94459949
 0.94459945 0.94459941 0.94459937 0.94459932 0.94459928 0.94459924
 0.9445992  0.94459916 0.94459912 0.94459908 0.94459904 0.944599
 0.94459897 0.94459893 0.94459889 0.94459885 0.94459881 0.94459877
 0.94459874 0.9445987  0.94459866 0.94459863 0.94459859 0.94459855
 0.94459852 0.94459848 0.94459845 0.94459841 0.94459838 0.94459834
 0.94459831 0.94459828 0.94459824 0.94459821 0.94459817 0.94459814
 0.94459811 0.94459808 0.94459804 0.94459801 0.94459798 0.94459795
 0.94459792 0.94459789 0.94459785 0.94459782 0.94459779 0.94459776
 0.94459773 0.9445977  0.94459767 0.94459764 0.94459761 0.94459759
 0.94459756 0.94459753 0.9445975  0.94459747 0.94459744 0.94459742
 0.94459739 0.94459736 0.94459733 0.94459731 0.94459728 0.94459725
 0.94459723 0.9445972  0.94459718 0.94459715 0.94459712 0.9445971
 0.94459707 0.94459705 0.94459703 0.944597   0.94459698 0.94459695
 0.94459693 0.9445969  0.94459688 0.94459686 0.94459684 0.94459681
 0.94459679 0.94459677 0.94459674 0.94459672 0.9445967  0.94459668
 0.94459666 0.94459664 0.94459661 0.94459659 0.94459657 0.94459655
 0.94459653 0.94459651 0.94459649 0.94459647 0.94459645 0.94459643
 0.94459641 0.94459639 0.94459637 0.94459635 0.94459634 0.94459632
 0.9445963  0.94459628 0.94459626 0.94459624 0.94459623 0.94459621
 0.94459619 0.94459617 0.94459616 0.94459614 0.94459612 0.94459611
 0.94459609 0.94459607 0.94459606 0.94459604 0.94459602 0.94459601
 0.94459599 0.94459598 0.94459596 0.94459595 0.94459593 0.94459592
 0.9445959  0.94459589 0.94459587 0.94459586 0.94459584 0.94459583
 0.94459582 0.9445958  0.94459579 0.94459578 0.94459576 0.94459575
 0.94459574 0.94459572 0.94459571 0.9445957  0.94459569 0.94459567
 0.94459566 0.94459565 0.94459564 0.94459562 0.94459561 0.9445956
 0.94459559 0.94459558 0.94459557 0.94459556 0.94459555 0.94459553
 0.94459552 0.94459551 0.9445955  0.94459549 0.94459548 0.94459547
 0.94459546 0.94459545 0.94459544 0.94459543 0.94459542 0.94459541
 0.9445954  0.94459539 0.94459539 0.94459538 0.94459537 0.94459536
 0.94459535 0.94459534 0.94459533 0.94459532 0.94459532 0.94459531
 0.9445953  0.94459529 0.94459528 0.94459528 0.94459527 0.94459526
 0.94459525 0.94459525 0.94459524 0.94459523 0.94459522 0.94459522
 0.94459521 0.9445952  0.9445952  0.94459519 0.94459518 0.94459518
 0.94459517 0.94459516 0.94459516 0.94459515 0.94459515 0.94459514
 0.94459513 0.94459513 0.94459512 0.94459512 0.94459511 0.94459511
 0.9445951  0.9445951  0.94459509 0.94459509 0.94459508 0.94459508
 0.94459507 0.94459507 0.94459506 0.94459506 0.94459505 0.94459505
 0.94459504 0.94459504 0.94459503 0.94459503 0.94459503 0.94459502
 0.94459502 0.94459501 0.94459501 0.94459501 0.944595   0.944595
 0.944595   0.94459499 0.94459499 0.94459499 0.94459498 0.94459498
 0.94459498 0.94459497 0.94459497 0.94459497 0.94459496 0.94459496
 0.94459496 0.94459495 0.94459495 0.94459495 0.94459495 0.94459494
 0.94459494 0.94459494 0.94459494 0.94459493 0.94459493 0.94459493
 0.94459493 0.94459493 0.94459492 0.94459492 0.94459492 0.94459492
 0.94459492 0.94459491 0.94459491 0.94459491 0.94459491 0.94459491
 0.9445949  0.9445949  0.9445949  0.9445949  0.9445949  0.9445949
 0.9445949  0.94459489 0.94459489 0.94459489 0.94459489 0.94459489
 0.94459489 0.94459489 0.94459489 0.94459488 0.94459488 0.94459488
 0.94459488 0.94459488 0.94459488 0.94459488 0.94459488 0.94459488
 0.94459488 0.94459488 0.94459487 0.94459487 0.94459487 0.94459487
 0.94459487 0.94459487 0.94459487 0.94459487 0.94459487 0.94459487
 0.94459487 0.94459487 0.94459487 0.94459487 0.94459487 0.94459487
 0.94459487 0.94459487 0.94459487 0.94459487 0.94459486 0.94459486
 0.94459486 0.94459486 0.94459486 0.94459486 0.94459486 0.94459486
 0.94459486 0.94459486 0.94459486 0.94459486 0.94459486 0.94459486
 0.94459486 0.94459486 0.94459486 0.94459486 0.94459486 0.94459486
 0.94459486 0.94459486 0.94459486 0.94459486 0.94459486 0.94459486
 0.94459486 0.94459486 0.94459486 0.94459486 0.94459486 0.94459486
 0.94459486 0.94459486 0.94459486 0.94459486