 0.94484719 0.94486116 0.94486635 0.94486885 0.94487012 0.94487071
 0.94487089 0.9448708  0.94487053 0.94487013 0.94486966 0.94486912
 0.94486854 0.94486793 0.94486731 0.94486668 0.94486605 0.94486541
 0.94486478 0.94486416 0.94486354 0.94486294 0.94486234 0.94486176
 0.9448612  0.94486065 0.94486011 0.94485958 0.94485907 0.94485858
 0.9448581  0.94485763 0.94485718 0.94485674 0.94485632 0.94485591
 0.94485551 0.94485513 0.94485476 0.94485441 0.94485406 0.94485373
 0.94485342 0.94485311 0.94485282 0.94485253 0.94485226 0.944852
 0.94485175 0.94485151 0.94485129 0.94485107 0.94485086 0.94485066
 0.94485047 0.94485028 0.94485011 0.94484995 0.94484979 0.94484964
 0.9448495  0.94484937 0.94484924 0.94484912 0.94484901 0.9448489
 0.9448488  0.94484871 0.94484862 0.94484854 0.94484847 0.9448484
 0.94484833 0.94484827 0.94484821 0.94484816 0.94484811 0.94484807
 0.94484803 0.944848   0.94484796 0.94484794 0.94484791 0.94484789
 0.94484787 0.94484785 0.94484783 0.94484782 0.94484781 0.9448478
 0.9448478  0.94484779 0.94484779 0.94484778 0.94484778 0.94484778
 0.94484778 0.94484778 0.94484778 0.94484778