 0.94484719 0.94487919 0.94490753 0.94493374 0.94495852 0.94498223
 0.9450051  0.94502729 0.9450489  0.94507001 0.94509069 0.94511098
 0.94513092 0.94515054 0.94516986 0.94518892 0.94520773 0.94522631
 0.94524466 0.94526281 0.94528076 0.94529853 0.94531612 0.94533353
 0.94535079 0.94536789 0.94538484 0.94540165 0.94541831 0.94543485
 0.94545125 0.94546752 0.94548368 0.94549971 0.94551563 0.94553143
 0.94554712 0.94556271 0.94557819 0.94559356 0.94560884 0.94562401
 0.94563909 0.94565408 0.94566897 0.94568377 0.94569848 0.9457131
 0.94572763 0.94574208 0.94575645 0.94577073 0.94578492 0.94579904
 0.94581308 0.94582704 0.94584092 0.94585472 0.94586845 0.9458821
 0.94589568 0.94590919 0.94592262 0.94593598 0.94594927 0.94596249
 0.94597564 0.94598872 0.94600174 0.94601468 0.94602756 0.94604037
 0.94605311 0.94606579 0.94607841 0.94609096 0.94610344 0.94611586
 0.94612822 0.94614051 0.94615275 0.94616492 0.94617703 0.94618908
 0.94620106 0.94621299 0.94622486 0.94623667 0.94624841 0.9462601
 0.94627173 0.9462833  0.94629482 0.94630627 0.94631767 0.94632901
 0.94634029 0.94635152 0.94636269 0.94637381 0.94638486 0.94639586
 0.94640681 0.9464177  0.94642854 0.94643932 0.94645004 0.94646071
 0.94647133 0.94648189 0.9464924  0.94650286 0.94651326 0.9465236
 0.9465339  0.94654414 0.94655433 0.94656446 0.94657454 0.94658457
 0.94659455 0.94660447 0.94661434 0.94662416 0.94663393 0.94664365
 0.94665331 0.94666293 0.94667249 0.946682   0.94669146 0.94670087
 0.94671022 0.94671953 0.94672878 0.94673799 0.94674714 0.94675624
 0.9467653  0.9467743  0.94678325 0.94679215 0.946801   0.94680981
 0.94681856 0.94682726 0.94683591 0.94684451 0.94685307 0.94686157
 0.94687002 0.94687843 0.94688678 0.94689509 0.94690335 0.94691155
 0.94691971 0.94692782 0.94693588 0.94694389 0.94695186 0.94695977
 0.94696764 0.94697545 0.94698322 0.94699094 0.94699861 0.94700623
 0.94701381 0.94702133 0.94702881 0.94703624 0.94704362 0.94705096
 0.94705824 0.94706548 0.94707267 0.94707981 0.9470869  0.94709395
 0.94710095 0.9471079  0.9471148  0.94712166 0.94712846 0.94713523
 0.94714194 0.9471486  0.94715522 0.94716179 0.94716832 0.94717479
 0.94718122 0.94718761 0.94719394 0.94720023 0.94720647 0.94721267
 0.94721881 0.94722491 0.94723097 0.94723698 0.94724294 0.94724885
 0.94725472 0.94726054 0.94726632 0.94727205 0.94727773 0.94728337
 0.94728896 0.9472945  0.9473     0.94730546 0.94731086 0.94731622
 0.94732154 0.94732681 0.94733203 0.94733721 0.94734234 0.94734743
 0.94735247 0.94735747 0.94736242 0.94736733 0.94737219 0.94737701
 0.94738178 0.94738651 0.94739119 0.94739583 0.94740042 0.94740497
 0.94740948 0.94741394 0.94741835 0.94742272 0.94742705 0.94743134
 0.94743558 0.94743977 0.94744393 0.94744803 0.9474521  0.94745612
 0.9474601  0.94746404 0.94746793 0.94747178 0.94747559 0.94747935
 0.94748308 0.94748676 0.94749039 0.94749399 0.94749754 0.94750106
 0.94750452 0.94750795 0.94751134 0.94751468 0.94751799 0.94752125
 0.94752447 0.94752765 0.94753079 0.94753389 0.94753695 0.94753997
 0.94754295 0.94754589 0.94754878 0.94755164 0.94755446 0.94755724
 0.94755999 0.94756269 0.94756535 0.94756798 0.94757056 0.94757311
 0.94757562 0.94757809 0.94758053 0.94758292 0.94758528 0.9475876
 0.94758989 0.94759214 0.94759435 0.94759653 0.94759866 0.94760077
 0.94760284 0.94760487 0.94760687 0.94760883 0.94761075 0.94761265
 0.9476145  0.94761633 0.94761812 0.94761987 0.9476216  0.94762329
 0.94762494 0.94762657 0.94762816 0.94762972 0.94763125 0.94763274
 0.9476342  0.94763564 0.94763704 0.94763841 0.94763975 0.94764106
 0.94764234 0.94764359 0.94764482 0.94764601 0.94764717 0.94764831
 0.94764942 0.9476505  0.94765155 0.94765258 0.94765358 0.94765455
 0.94765549 0.94765641 0.94765731 0.94765817 0.94765902 0.94765984
 0.94766063 0.9476614  0.94766215 0.94766287 0.94766357 0.94766425
 0.9476649  0.94766554 0.94766615 0.94766674 0.94766731 0.94766785
 0.94766838 0.94766889 0.94766938 0.94766985 0.9476703  0.94767073
 0.94767114 0.94767154 0.94767192 0.94767228 0.94767262 0.94767295
 0.94767326 0.94767356 0.94767384 0.9476741  0.94767436 0.9476746
 0.94767482 0.94767503 0.94767523 0.94767542 0.94767559 0.94767575
 0.9476759  0.94767604 0.94767617 0.94767629 0.9476764  0.9476765
 0.94767659 0.94767668 0.94767675 0.94767682 0.94767688 0.94767693
 0.94767698 0.94767702 0.94767705 0.94767708 0.94767711 0.94767713
 0.94767715 0.94767716 0.94767717 0.94767718 0.94767718 0.94767719
 0.94767719 0.94767719 0.94767719 0.94767719