0
1.0324E+06
2.0067E+06
3.0101E+06
4.0094E+06
5.0072E+06
6.0124E+06
7.0235E+06
8.0101E+06
9.0166E+06
1.001E+07
1.1006E+07
1.2008E+07
1.3014E+07
1.4009E+07
1.5021E+07
1.6005E+07
1.7005E+07
1.8005E+07
1.9005E+07
2.0007E+07
2.1006E+07
2.2008E+07
2.3005E+07
2.4007E+07
2.5008E+07
2.6007E+07
2.7008E+07
2.8008E+07
2.9009E+07
3.0009E+07
3.1009E+07
3.2009E+07
3.3008E+07
3.4009E+07
3.501E+07
3.6011E+07
3.7008E+07
3.8011E+07
3.9011E+07
4.0011E+07
4.1012E+07
4.2012E+07
4.3012E+07
4.4012E+07
4.5012E+07
4.6012E+07
4.701E+07
4.8013E+07
4.9014E+07
5.0014E+07
5.1014E+07
5.2014E+07
5.3014E+07
5.4014E+07
5.5015E+07
5.6015E+07
5.7015E+07
5.8016E+07
5.9016E+07
6.0014E+07
6.1016E+07
6.2016E+07
6.3017E+07
6.4017E+07
6.5018E+07
6.6017E+07
6.7019E+07
6.8019E+07
6.9019E+07
7.0019E+07
7.1018E+07
7.2019E+07
7.3019E+07
7.402E+07
7.502E+07
7.602E+07
7.7019E+07
7.8032E+07
7.902E+07
8.0021E+07
8.102E+07
8.2021E+07
8.3021E+07
8.4024E+07
8.5022E+07
8.6022E+07
8.7031E+07
8.8023E+07
8.9027E+07
9.0031E+07
9.1027E+07
9.2027E+07
9.3023E+07
9.4023E+07
9.5031E+07
9.6027E+07
9.7031E+07
9.8025E+07
9.9035E+07
1.0002E+08
1.0103E+08
1.0203E+08
1.0303E+08
1.0403E+08
1.0503E+08
1.0603E+08
1.0703E+08
1.0804E+08
1.0903E+08
1.1003E+08
1.1104E+08
1.1203E+08
1.1303E+08
1.1403E+08
1.1503E+08
1.1604E+08
1.1703E+08
1.1803E+08
1.1903E+08
1.2003E+08
1.2103E+08
1.2204E+08
1.2303E+08
1.2403E+08
1.2504E+08
1.2604E+08
1.2703E+08
1.2803E+08
1.2904E+08
1.3004E+08
1.3104E+08
1.3203E+08
1.3304E+08
1.3404E+08
1.3503E+08
1.3604E+08
1.3704E+08
1.3804E+08
1.3904E+08
1.4004E+08
1.4104E+08
1.4204E+08
1.4304E+08
1.4404E+08
1.4504E+08
1.4604E+08
1.4704E+08
1.4804E+08
1.4905E+08
1.5004E+08
1.5104E+08
1.5204E+08
1.5305E+08
1.5404E+08
1.5505E+08
1.5604E+08
1.5704E+08
1.5804E+08
1.5905E+08
1.6005E+08
1.6104E+08
1.6204E+08
1.6304E+08
1.6404E+08
1.6505E+08
1.6605E+08
1.6704E+08
1.6804E+08
1.6905E+08
1.7004E+08
1.7104E+08
1.7205E+08
1.7305E+08
1.7405E+08
1.7505E+08
1.7605E+08
1.7705E+08
1.7805E+08
1.7905E+08
1.8005E+08
1.8105E+08
1.8205E+08
1.8305E+08
1.8405E+08
1.8506E+08
1.8605E+08
1.8705E+08
1.8805E+08
1.8905E+08
1.9005E+08
1.9105E+08
1.9206E+08
1.9305E+08
1.9405E+08
1.9505E+08
1.9605E+08
1.9704E+08
1.9804E+08
1.9904E+08
2.0004E+08
2.0104E+08
2.0203E+08
2.0304E+08
2.0404E+08
2.0504E+08
2.0603E+08
2.0704E+08
2.0803E+08
2.0903E+08
2.1002E+08
2.1101E+08
2.12E+08
2.1299E+08
2.1398E+08
2.1497E+08
2.1597E+08
2.1696E+08
2.1794E+08
2.1894E+08
2.1992E+08
2.209E+08
2.2188E+08
2.2286E+08
2.2384E+08
2.2481E+08
2.2579E+08
2.2677E+08
2.2775E+08
2.2872E+08
2.2969E+08
2.3066E+08
2.3161E+08
2.3257E+08
2.3353E+08
2.345E+08
2.3545E+08
2.3641E+08
2.3737E+08
2.3832E+08
2.3927E+08
2.4022E+08
2.4117E+08
2.4209E+08
2.4303E+08
2.4396E+08
2.4491E+08
2.4584E+08
2.4677E+08
2.477E+08
2.4863E+08
2.4955E+08
2.5047E+08
2.5138E+08
2.5231E+08
2.532E+08
2.5412E+08
2.5503E+08
2.5595E+08
2.5684E+08
2.5775E+08
2.5866E+08
2.5953E+08
2.6043E+08
2.6132E+08
2.6219E+08
2.6308E+08
2.6397E+08
2.6485E+08
2.6573E+08
2.666E+08
2.6748E+08
2.6834E+08
2.692E+08
2.7007E+08
2.7092E+08
2.7178E+08
2.7263E+08
2.7349E+08
2.7434E+08
2.7519E+08
2.7603E+08
2.7687E+08
2.7771E+08
2.7856E+08
2.7939E+08
2.8023E+08
2.8104E+08
2.8186E+08
2.8269E+08
2.835E+08
2.8431E+08
2.8512E+08
2.8594E+08
2.8675E+08
2.8756E+08
2.8837E+08
2.8917E+08
2.8996E+08
2.9075E+08
2.9154E+08
2.9233E+08
2.931E+08
2.9388E+08
2.9466E+08
2.9544E+08
2.9621E+08
2.9698E+08
2.9775E+08
2.9852E+08
2.9928E+08
3.0005E+08
3.008E+08
3.0155E+08
3.0231E+08
3.0304E+08
3.0379E+08
3.0452E+08
3.0526E+08
3.0599E+08
3.0673E+08
3.0746E+08
3.0819E+08
3.0891E+08
3.0963E+08
3.1035E+08
3.1106E+08
3.1178E+08
3.1248E+08
3.1318E+08
3.1388E+08
3.1458E+08
3.1528E+08
3.1597E+08
3.1665E+08
3.1733E+08
3.1802E+08
3.187E+08
3.1938E+08
3.2005E+08
3.2072E+08
3.2139E+08
3.2206E+08
3.2273E+08
3.2338E+08
3.2403E+08
3.2468E+08
3.2533E+08
3.2597E+08
3.2662E+08
3.2725E+08
3.2788E+08
3.2851E+08
3.2914E+08
3.2977E+08
3.3039E+08
3.3102E+08
3.3163E+08
3.3224E+08
3.3286E+08
3.3347E+08
3.3407E+08
3.3466E+08
3.3526E+08
3.3585E+08
3.3643E+08
3.3702E+08
3.3761E+08
3.3819E+08
3.3875E+08
3.3934E+08
3.399E+08
3.4046E+08
3.4103E+08
3.4159E+08
3.4215E+08
3.427E+08
3.4326E+08
3.4381E+08
3.4434E+08
3.4488E+08
3.4541E+08
3.4595E+08
3.4647E+08
3.47E+08
3.4751E+08
3.4803E+08
3.4856E+08
3.4907E+08
3.4957E+08
3.5007E+08
3.5059E+08
3.5107E+08
3.5157E+08
3.5207E+08
3.5255E+08
3.5303E+08
3.535E+08
3.5397E+08
3.5444E+08
3.5491E+08
3.5539E+08
3.5585E+08
3.5629E+08
3.5675E+08
3.572E+08
3.5764E+08
3.5809E+08
3.5853E+08
3.5897E+08
3.594E+08
3.5983E+08
3.6025E+08
3.6067E+08
3.6109E+08
3.615E+08
3.6191E+08
3.6231E+08
3.6269E+08
3.6307E+08
3.6345E+08
3.6383E+08
3.642E+08
3.6456E+08
3.6492E+08
3.6528E+08
3.6564E+08
3.6598E+08
3.6632E+08
3.6667E+08
3.67E+08
3.6735E+08
3.6766E+08
3.6799E+08
3.6831E+08
3.6863E+08
3.6894E+08
3.6925E+08
3.6955E+08
3.6986E+08
3.7016E+08
3.7046E+08
3.7074E+08
3.7106E+08
3.7132E+08
3.716E+08
3.7188E+08
3.7215E+08
3.7241E+08
3.7268E+08
3.7296E+08
3.732E+08
3.7346E+08
3.737E+08
3.7395E+08
3.7419E+08
3.7443E+08
3.7467E+08
3.749E+08
3.7512E+08
3.7534E+08
3.7556E+08
3.7578E+08
3.7598E+08
3.762E+08
3.764E+08
3.7661E+08
3.768E+08
3.7701E+08
3.7718E+08
3.7738E+08
3.7756E+08
3.7774E+08
3.7791E+08
3.7808E+08
3.7825E+08
3.7841E+08
3.7857E+08
3.7873E+08
3.7889E+08
3.7903E+08
3.7918E+08
3.7932E+08
3.7946E+08
3.7958E+08
3.7972E+08
3.7984E+08
3.7997E+08
3.8011E+08
3.8021E+08
3.8034E+08
3.8044E+08
3.8055E+08
3.8065E+08
3.8075E+08
3.8085E+08
3.8094E+08
3.8102E+08
3.8111E+08
3.8119E+08
3.8126E+08
3.8133E+08
3.814E+08
3.8148E+08
3.8154E+08
3.816E+08
3.8166E+08
3.8172E+08
3.8177E+08
3.8183E+08
3.8186E+08
3.8191E+08
3.8195E+08
3.8198E+08
3.8201E+08
3.8204E+08
3.8207E+08
3.8209E+08
3.8209E+08
3.8212E+08
3.8213E+08
3.8214E+08
3.8216E+08
3.8217E+08
3.8216E+08
3.8216E+08
3.8215E+08
3.8214E+08
3.8213E+08
3.8212E+08
3.821E+08
3.8207E+08
3.8205E+08
3.8203E+08
3.8201E+08
3.8198E+08
3.8195E+08
3.8192E+08
3.8188E+08
3.8184E+08
3.818E+08
3.8176E+08
3.817E+08
3.8166E+08
3.816E+08
3.8156E+08
3.8149E+08
3.8142E+08
3.8137E+08
3.8131E+08
3.8125E+08
3.8118E+08
3.8112E+08
3.8105E+08
3.8099E+08
3.809E+08
3.8083E+08
3.8074E+08
3.8068E+08
3.806E+08
3.805E+08
3.8041E+08
3.8033E+08
3.8025E+08
3.8017E+08
3.8008E+08
3.8E+08
3.799E+08
3.7981E+08
3.7972E+08
3.7963E+08
3.7952E+08
3.7943E+08
3.7933E+08
3.7922E+08
3.7913E+08
3.7903E+08
3.7894E+08
3.7884E+08
3.7875E+08
3.7864E+08
3.7855E+08
3.7844E+08
3.7833E+08
3.7824E+08
3.7814E+08
3.7804E+08
3.7793E+08
3.7782E+08
3.7771E+08
3.7762E+08
3.7753E+08
3.7744E+08
3.7733E+08
3.7723E+08
3.7714E+08
3.7705E+08
3.7696E+08
3.7686E+08
3.7678E+08
3.7669E+08
3.7661E+08
3.7651E+08
3.7642E+08
3.7633E+08
3.7625E+08
3.7617E+08
3.7609E+08
3.7601E+08
3.7594E+08
3.7587E+08
3.7581E+08
3.7575E+08
3.7568E+08
3.7563E+08
3.7556E+08
3.7551E+08
3.7543E+08
3.7534E+08
3.7526E+08
3.7516E+08
3.7505E+08
3.7493E+08
3.7478E+08
3.7461E+08
3.7443E+08
3.7423E+08
3.7399E+08
3.7372E+08
3.7343E+08
3.7307E+08
3.7267E+08
3.722E+08
3.7166E+08
3.7103E+08
3.7027E+08
3.6939E+08
3.6831E+08
3.6696E+08
3.6531E+08
3.6316E+08
3.6031E+08
3.5641E+08
3.5067E+08
3.4193E+08
3.2723E+08
3.3898E+08