0
9.3755E+05
1.8108E+06
2.7116E+06
3.6081E+06
4.511E+06
5.414E+06
6.3145E+06
7.2085E+06
8.1231E+06
9.006E+06
9.9086E+06
1.0807E+07
1.1709E+07
1.261E+07
1.3511E+07
1.4418E+07
1.5316E+07
1.6215E+07
1.7112E+07
1.8018E+07
1.8917E+07
1.9818E+07
2.0717E+07
2.162E+07
2.2519E+07
2.3418E+07
2.4322E+07
2.522E+07
2.6119E+07
2.7024E+07
2.7925E+07
2.8822E+07
2.9721E+07
3.0626E+07
3.1529E+07
3.243E+07
3.3327E+07
3.4228E+07
3.5126E+07
3.603E+07
3.693E+07
3.783E+07
3.873E+07
3.9632E+07
4.0532E+07
4.1434E+07
4.2336E+07
4.3231E+07
4.4135E+07
4.5036E+07
4.5935E+07
4.6835E+07
4.7733E+07
4.8637E+07
4.9538E+07
5.0438E+07
5.1339E+07
5.2239E+07
5.3139E+07
5.4039E+07
5.4939E+07
5.5837E+07
5.6743E+07
5.7637E+07
5.8543E+07
5.9444E+07
6.0345E+07
6.1245E+07
6.2146E+07
6.3045E+07
6.3945E+07
6.4846E+07
6.5747E+07
6.6649E+07
6.7548E+07
6.8448E+07
6.9351E+07
7.0248E+07
7.1153E+07
7.2054E+07
7.2954E+07
7.3855E+07
7.4749E+07
7.5657E+07
7.6556E+07
7.7457E+07
7.8354E+07
7.9258E+07
8.0158E+07
8.1061E+07
8.1957E+07
8.286E+07
8.3761E+07
8.4661E+07
8.5563E+07
8.6464E+07
8.7364E+07
8.8263E+07
8.9167E+07
9.0067E+07
9.0967E+07
9.1867E+07
9.2766E+07
9.3668E+07
9.4568E+07
9.547E+07
9.637E+07
9.727E+07
9.8171E+07
9.9074E+07
9.9974E+07
1.0087E+08
1.0177E+08
1.0268E+08
1.0357E+08
1.0448E+08
1.0538E+08
1.0628E+08
1.0718E+08
1.0808E+08
1.0898E+08
1.0988E+08
1.1078E+08
1.1168E+08
1.1258E+08
1.1348E+08
1.1438E+08
1.1528E+08
1.1618E+08
1.1709E+08
1.1799E+08
1.1889E+08
1.1979E+08
1.2069E+08
1.2159E+08
1.2249E+08
1.2339E+08
1.2429E+08
1.2519E+08
1.2609E+08
1.2699E+08
1.2789E+08
1.2879E+08
1.2969E+08
1.3059E+08
1.3149E+08
1.324E+08
1.333E+08
1.342E+08
1.351E+08
1.36E+08
1.369E+08
1.378E+08
1.387E+08
1.396E+08
1.405E+08
1.414E+08
1.423E+08
1.432E+08
1.441E+08
1.4501E+08
1.4591E+08
1.4681E+08
1.4771E+08
1.4861E+08
1.4951E+08
1.5041E+08
1.5131E+08
1.5221E+08
1.5311E+08
1.5401E+08
1.5491E+08
1.5581E+08
1.5671E+08
1.5761E+08
1.5851E+08
1.5941E+08
1.6031E+08
1.6122E+08
1.6212E+08
1.6302E+08
1.6392E+08
1.6482E+08
1.6572E+08
1.6662E+08
1.6752E+08
1.6842E+08
1.6932E+08
1.7022E+08
1.7112E+08
1.7202E+08
1.7293E+08
1.7383E+08
1.7473E+08
1.7563E+08
1.7653E+08
1.7743E+08
1.7833E+08
1.7923E+08
1.8013E+08
1.8103E+08
1.8193E+08
1.8283E+08
1.8373E+08
1.8463E+08
1.8553E+08
1.8643E+08
1.8733E+08
1.8824E+08
1.8914E+08
1.9004E+08
1.9094E+08
1.9184E+08
1.9274E+08
1.9364E+08
1.9454E+08
1.9544E+08
1.9634E+08
1.9724E+08
1.9814E+08
1.9904E+08
1.9994E+08
2.0084E+08
2.0175E+08
2.0265E+08
2.0355E+08
2.0445E+08
2.0535E+08
2.0625E+08
2.0715E+08
2.0805E+08
2.0895E+08
2.0985E+08
2.1075E+08
2.1165E+08
2.1255E+08
2.1345E+08
2.1435E+08
2.1526E+08
2.1616E+08
2.1706E+08
2.1796E+08
2.1886E+08
2.1976E+08
2.2066E+08
2.2156E+08
2.2246E+08
2.2336E+08
2.2426E+08
2.2516E+08
2.2606E+08
2.2696E+08
2.2786E+08
2.2876E+08
2.2966E+08
2.3056E+08
2.3146E+08
2.3236E+08
2.3326E+08
2.3416E+08
2.3506E+08
2.3595E+08
2.3686E+08
2.3776E+08
2.3866E+08
2.3956E+08
2.4045E+08
2.4134E+08
2.4225E+08
2.4314E+08
2.4404E+08
2.4494E+08
2.4584E+08
2.4673E+08
2.4764E+08
2.4853E+08
2.4944E+08
2.5033E+08
2.5123E+08
2.5213E+08
2.5303E+08
2.5392E+08
2.5483E+08
2.5572E+08
2.5661E+08
2.5752E+08
2.5841E+08
2.5931E+08
2.6021E+08
2.611E+08
2.6201E+08
2.629E+08
2.638E+08
2.647E+08
2.656E+08
2.6649E+08
2.6739E+08
2.6828E+08
2.6915E+08
2.7001E+08
2.7088E+08
2.7174E+08
2.726E+08
2.7346E+08
2.7433E+08
2.7519E+08
2.7605E+08
2.7691E+08
2.7776E+08
2.7862E+08
2.7948E+08
2.8034E+08
2.8119E+08
2.8205E+08
2.8292E+08
2.8377E+08
2.8462E+08
2.8548E+08
2.8633E+08
2.8717E+08
2.88E+08
2.8883E+08
2.8966E+08
2.9048E+08
2.913E+08
2.9213E+08
2.9296E+08
2.9378E+08
2.946E+08
2.9543E+08
2.9623E+08
2.9705E+08
2.9784E+08
2.9863E+08
2.9943E+08
3.0021E+08
3.0099E+08
3.0178E+08
3.0258E+08
3.0336E+08
3.0414E+08
3.0491E+08
3.0571E+08
3.0646E+08
3.0721E+08
3.0796E+08
3.0871E+08
3.0946E+08
3.102E+08
3.1095E+08
3.1169E+08
3.1242E+08
3.1317E+08
3.139E+08
3.1464E+08
3.1537E+08
3.1609E+08
3.1679E+08
3.175E+08
3.1819E+08
3.189E+08
3.1959E+08
3.2029E+08
3.2098E+08
3.2167E+08
3.2236E+08
3.2304E+08
3.2373E+08
3.2441E+08
3.2509E+08
3.2576E+08
3.2642E+08
3.2707E+08
3.2772E+08
3.2837E+08
3.2902E+08
3.2966E+08
3.3027E+08
3.3087E+08
3.3147E+08
3.3206E+08
3.3265E+08
3.3324E+08
3.3381E+08
3.344E+08
3.3497E+08
3.3555E+08
3.3613E+08
3.3668E+08
3.3725E+08
3.3781E+08
3.3836E+08
3.3892E+08
3.3946E+08
3.4001E+08
3.4056E+08
3.4111E+08
3.4165E+08
3.4218E+08
3.4272E+08
3.4326E+08
3.4379E+08
3.4431E+08
3.4484E+08
3.4536E+08
3.4588E+08
3.464E+08
3.4692E+08
3.4742E+08
3.4794E+08
3.4844E+08
3.4894E+08
3.4945E+08
3.4994E+08
3.5045E+08
3.5094E+08
3.5143E+08
3.5191E+08
3.5239E+08
3.5285E+08
3.5333E+08
3.5377E+08
3.5423E+08
3.5469E+08
3.5514E+08
3.5558E+08
3.5602E+08
3.5647E+08
3.569E+08
3.5733E+08
3.5776E+08
3.5819E+08
3.5862E+08
3.5904E+08
3.5946E+08
3.5987E+08
3.6027E+08
3.6068E+08
3.6108E+08
3.6146E+08
3.6185E+08
3.6223E+08
3.626E+08
3.6298E+08
3.6336E+08
3.6374E+08
3.6409E+08
3.6446E+08
3.6481E+08
3.6517E+08
3.6552E+08
3.6587E+08
3.6622E+08
3.6655E+08
3.669E+08
3.6723E+08
3.6755E+08
3.6787E+08
3.6818E+08
3.6848E+08
3.6879E+08
3.691E+08
3.694E+08
3.6969E+08
3.6998E+08
3.7027E+08
3.7056E+08
3.7084E+08
3.7112E+08
3.7139E+08
3.7166E+08
3.7195E+08
3.7219E+08
3.7246E+08
3.7272E+08
3.7296E+08
3.732E+08
3.7344E+08
3.7367E+08
3.739E+08
3.7413E+08
3.7435E+08
3.7456E+08
3.7478E+08
3.75E+08
3.752E+08
3.754E+08
3.7561E+08
3.758E+08
3.76E+08
3.7619E+08
3.7638E+08
3.7657E+08
3.7674E+08
3.769E+08
3.7706E+08
3.7721E+08
3.7735E+08
3.775E+08
3.7763E+08
3.7776E+08
3.7789E+08
3.7802E+08
3.7813E+08
3.7825E+08
3.7836E+08
3.7848E+08
3.7858E+08
3.787E+08
3.7878E+08
3.7887E+08
3.7897E+08
3.7906E+08
3.7916E+08
3.7922E+08
3.793E+08
3.7936E+08
3.7944E+08
3.795E+08
3.7956E+08
3.7961E+08
3.7967E+08
3.7972E+08
3.7978E+08
3.7983E+08
3.7987E+08
3.7989E+08
3.799E+08
3.7992E+08
3.7993E+08
3.7993E+08
3.7994E+08
3.7994E+08
3.7993E+08
3.7992E+08
3.7992E+08
3.7991E+08
3.7991E+08
3.7988E+08
3.7986E+08
3.7984E+08
3.7981E+08
3.7978E+08
3.7975E+08
3.7971E+08
3.7965E+08
3.7961E+08
3.7956E+08
3.7952E+08
3.7948E+08
3.7942E+08
3.7937E+08
3.7931E+08
3.7924E+08
3.7918E+08
3.7912E+08
3.7905E+08
3.7897E+08
3.789E+08
3.7882E+08
3.7875E+08
3.7867E+08
3.7859E+08
3.7852E+08
3.7844E+08
3.7836E+08
3.7826E+08
3.7817E+08
3.7808E+08
3.7799E+08
3.779E+08
3.778E+08
3.7771E+08
3.7762E+08
3.7752E+08
3.7741E+08
3.7732E+08
3.7722E+08
3.7712E+08
3.7702E+08
3.7691E+08
3.7681E+08
3.7671E+08
3.7659E+08
3.7649E+08
3.7639E+08
3.7628E+08
3.762E+08
3.7608E+08
3.7597E+08
3.7587E+08
3.7577E+08
3.7566E+08
3.7556E+08
3.7546E+08
3.7535E+08
3.7525E+08
3.7513E+08
3.7503E+08
3.7493E+08
3.7483E+08
3.7474E+08
3.7466E+08
3.7455E+08
3.7446E+08
3.7438E+08
3.7428E+08
3.7419E+08
3.741E+08
3.7403E+08
3.7393E+08
3.7386E+08
3.7378E+08
3.737E+08
3.7363E+08
3.7356E+08
3.7348E+08
3.7342E+08
3.7336E+08
3.733E+08
3.7324E+08
3.7318E+08
3.7309E+08
3.73E+08
3.7289E+08
3.7278E+08
3.7266E+08
3.7251E+08
3.7236E+08
3.7218E+08
3.7197E+08
3.7174E+08
3.7147E+08
3.7118E+08
3.7084E+08
3.7045E+08
3.6999E+08
3.6945E+08
3.6884E+08
3.6812E+08
3.6724E+08
3.6621E+08
3.649E+08
3.6329E+08
3.6124E+08
3.5854E+08