 4.95210178e-05 4.93962807e-05 4.92745425e-05 4.91553130e-05
 4.90382480e-05 4.89230925e-05 4.88096498e-05 4.86977630e-05
 4.85873041e-05 4.84781665e-05 4.83702599e-05 4.82635068e-05
 4.81578402e-05 4.80532011e-05 4.79495375e-05 4.78468030e-05
 4.77449559e-05 4.76439587e-05 4.75437773e-05 4.74443805e-05
 4.73457399e-05 4.72478293e-05 4.71506245e-05 4.70541030e-05
 4.69582440e-05 4.68630282e-05 4.67684373e-05 4.66744544e-05
 4.65810635e-05 4.64882496e-05 4.63959985e-05 4.63042969e-05
 4.62131320e-05 4.61224920e-05 4.60323653e-05 4.59427412e-05
 4.58536094e-05 4.57649599e-05 4.56767834e-05 4.55890709e-05
 4.55018139e-05 4.54150040e-05 4.53286334e-05 4.52426945e-05
 4.51571800e-05 4.50720829e-05 4.49873965e-05 4.49031143e-05
 4.48192299e-05 4.47357375e-05 4.46526310e-05 4.45699049e-05
 4.44875538e-05 4.44055723e-05 4.43239554e-05 4.42426980e-05
 4.41617955e-05 4.40812431e-05 4.40010363e-05 4.39211708e-05
 4.38416423e-05 4.37624466e-05 4.36835798e-05 4.36050378e-05
 4.35268170e-05 4.34489136e-05 4.33713240e-05 4.32940447e-05
 4.32170722e-05 4.31404033e-05 4.30640345e-05 4.29879629e-05
 4.29121851e-05 4.28366983e-05 4.27614994e-05 4.26865856e-05
 4.26119540e-05 4.25376019e-05 4.24635265e-05 4.23897252e-05
 4.23161954e-05 4.22429345e-05 4.21699402e-05 4.20972099e-05
 4.20247412e-05 4.19525319e-05 4.18805796e-05 4.18088822e-05
 4.17374373e-05 4.16662428e-05 4.15952967e-05 4.15245968e-05
 4.14541412e-05 4.13839277e-05 4.13139545e-05 4.12442195e-05
 4.11747210e-05 4.11054570e-05 4.10364258e-05 4.09676255e-05
 4.08990543e-05 4.08307106e-05 4.07625926e-05 4.06946986e-05
 4.06270270e-05 4.05595761e-05 4.04923444e-05 4.04253303e-05
 4.03585322e-05 4.02919487e-05 4.02255781e-05 4.01594191e-05
 4.00934701e-05 4.00277298e-05 3.99621968e-05 3.98968695e-05
 3.98317468e-05 3.97668272e-05 3.97021093e-05 3.96375920e-05
 3.95732738e-05 3.95091535e-05 3.94452299e-05 3.93815018e-05
 3.93179678e-05 3.92546268e-05 3.91914776e-05 3.91285190e-05
 3.90657499e-05 3.90031691e-05 3.89407756e-05 3.88785681e-05
 3.88165456e-05 3.87547070e-05 3.86930512e-05 3.86315773e-05
 3.85702840e-05 3.85091705e-05 3.84482357e-05 3.83874785e-05
 3.83268980e-05 3.82664933e-05 3.82062633e-05 3.81462070e-05
 3.80863236e-05 3.80266121e-05 3.79670716e-05 3.79077012e-05
 3.78484999e-05 3.77894669e-05 3.77306012e-05 3.76719021e-05
 3.76133687e-05 3.75550000e-05 3.74967953e-05 3.74387538e-05
 3.73808745e-05 3.73231567e-05 3.72655996e-05 3.72082024e-05
 3.71509642e-05 3.70938844e-05 3.70369621e-05 3.69801966e-05
 3.69235871e-05 3.68671329e-05 3.68108332e-05 3.67546872e-05
 3.66986944e-05 3.66428539e-05 3.65871650e-05 3.65316271e-05
 3.64762393e-05 3.64210012e-05 3.63659119e-05 3.63109707e-05
 3.62561771e-05 3.62015304e-05 3.61470298e-05 3.60926747e-05
 3.60384646e-05 3.59843987e-05 3.59304764e-05 3.58766972e-05
 3.58230604e-05 3.57695654e-05 3.57162115e-05 3.56629982e-05
 3.56099247e-05 3.55569906e-05 3.55041953e-05 3.54515382e-05
 3.53990186e-05 3.53466361e-05 3.52943901e-05 3.52422800e-05
 3.51903052e-05 3.51384653e-05 3.50867596e-05 3.50351876e-05
 3.49837488e-05 3.49324426e-05 3.48812685e-05 3.48302261e-05
 3.47793147e-05 3.47285339e-05 3.46778831e-05 3.46273618e-05
 3.45769696e-05 3.45267059e-05 3.44765703e-05 3.44265622e-05
 3.43766812e-05 3.43269268e-05 3.42772985e-05 3.42277958e-05
 3.41784183e-05 3.41291655e-05 3.40800369e-05 3.40310321e-05
 3.39821506e-05 3.39333920e-05 3.38847558e-05 3.38362416e-05
 3.37878489e-05 3.37395773e-05 3.36914264e-05 3.36433957e-05
 3.35954848e-05 3.35476933e-05 3.35000207e-05 3.34524667e-05
 3.34050308e-05 3.33577126e-05 3.33105117e-05 3.32634277e-05
 3.32164602e-05 3.31696087e-05 3.31228730e-05 3.30762526e-05
 3.30297470e-05 3.29833560e-05 3.29370792e-05 3.28909160e-05
 3.28448663e-05 3.27989295e-05 3.27531054e-05 3.27073935e-05
 3.26617935e-05 3.26163050e-05 3.25709276e-05 3.25256610e-05
 3.24805049e-05 3.24354588e-05 3.23905224e-05 3.23456954e-05
 3.23009774e-05 3.22563681e-05 3.22118671e-05 3.21674740e-05
 3.21231886e-05 3.20790105e-05 3.20349394e-05 3.19909749e-05
 3.19471167e-05 3.19033645e-05 3.18597179e-05 3.18161767e-05
 3.17727404e-05 3.17294089e-05 3.16861816e-05 3.16430585e-05
 3.16000390e-05 3.15571230e-05 3.15143101e-05 3.14716000e-05
 3.14289924e-05 3.13864870e-05 3.13440835e-05 3.13017816e-05
 3.12595809e-05 3.12174813e-05 3.11754824e-05 3.11335838e-05
 3.10917854e-05 3.10500869e-05 3.10084878e-05 3.09669881e-05
 3.09255873e-05 3.08842852e-05 3.08430815e-05 3.08019759e-05
 3.07609682e-05 3.07200581e-05 3.06792453e-05 3.06385295e-05
 3.05979105e-05 3.05573880e-05 3.05169618e-05 3.04766315e-05
 3.04363969e-05 3.03962577e-05 3.03562137e-05 3.03162647e-05
 3.02764103e-05 3.02366504e-05 3.01969846e-05 3.01574127e-05
 3.01179344e-05 3.00785496e-05 3.00392579e-05 3.00000591e-05
 2.99609530e-05 2.99219393e-05 2.98830177e-05 2.98441881e-05
 2.98054502e-05 2.97668038e-05 2.97282486e-05 2.96897843e-05
 2.96514108e-05 2.96131278e-05 2.95749351e-05 2.95368325e-05
 2.94988197e-05 2.94608964e-05 2.94230626e-05 2.93853179e-05
 2.93476621e-05 2.93100950e-05 2.92726163e-05 2.92352259e-05
 2.91979236e-05 2.91607091e-05 2.91235822e-05 2.90865426e-05
 2.90495902e-05 2.90127248e-05 2.89759461e-05 2.89392540e-05
 2.89026482e-05 2.88661285e-05 2.88296947e-05 2.87933466e-05
 2.87570840e-05 2.87209066e-05 2.86848144e-05 2.86488070e-05
 2.86128844e-05 2.85770462e-05 2.85412923e-05 2.85056225e-05
 2.84700365e-05 2.84345343e-05 2.83991155e-05 2.83637801e-05
 2.83285278e-05 2.82933584e-05 2.82582717e-05 2.82232675e-05
 2.81883457e-05 2.81535061e-05 2.81187484e-05 2.80840725e-05
 2.80494782e-05 2.80149654e-05 2.79805338e-05 2.79461832e-05
 2.79119135e-05 2.78777245e-05 2.78436159e-05 2.78095878e-05
 2.77756397e-05 2.77417717e-05 2.77079835e-05 2.76742748e-05
 2.76406457e-05 2.76070958e-05 2.75736250e-05 2.75402331e-05
 2.75069200e-05 2.74736855e-05 2.74405295e-05 2.74074516e-05
 2.73744519e-05 2.73415301e-05 2.73086860e-05 2.72759195e-05
 2.72432305e-05 2.72106187e-05 2.71780840e-05 2.71456262e-05
 2.71132452e-05 2.70809408e-05 2.70487129e-05 2.70165612e-05
 2.69844858e-05 2.69524862e-05 2.69205625e-05 2.68887142e-05
 2.68569415e-05 2.68252442e-05 2.67936226e-05 2.67620765e-05
 2.67306054e-05 2.66992091e-05 2.66678870e-05 2.66366391e-05
 2.66054654e-05 2.65743659e-05 2.65433403e-05 2.65123887e-05
 2.64815107e-05 2.64507063e-05 2.64199753e-05 2.63893176e-05
 2.63587331e-05 2.63282215e-05 2.62977827e-05 2.62674166e-05
 2.62371231e-05 2.62069021e-05 2.61767533e-05 2.61466766e-05
 2.61166720e-05 2.60867392e-05 2.60568781e-05 2.60270886e-05
 2.59973706e-05 2.59677239e-05 2.59381484e-05 2.59086439e-05
 2.58792104e-05 2.58498476e-05 2.58205554e-05 2.57913338e-05
 2.57621826e-05 2.57331016e-05 2.57040908e-05 2.56751499e-05
 2.56462789e-05 2.56174776e-05 2.55887460e-05 2.55600838e-05
 2.55314910e-05 2.55029674e-05 2.54745129e-05 2.54461274e-05
 2.54178107e-05 2.53895628e-05 2.53613835e-05 2.53332726e-05
 2.53052301e-05 2.52772559e-05 2.52493497e-05 2.52215116e-05
 2.51937413e-05 2.51660387e-05 2.51384039e-05 2.51108365e-05
 2.50833365e-05 2.50559038e-05 2.50285382e-05 2.50012397e-05
 2.49740082e-05 2.49468434e-05 2.49197453e-05 2.48927139e-05
 2.48657488e-05 2.48388502e-05 2.48120177e-05 2.47852514e-05
 2.47585512e-05 2.47319168e-05 2.47053482e-05 2.46788453e-05
 2.46524079e-05 2.46260360e-05 2.45997295e-05 2.45734882e-05
 2.45473121e-05 2.45212009e-05 2.44951547e-05 2.44691733e-05
 2.44432565e-05 2.44174044e-05 2.43916168e-05 2.43658935e-05
 2.43402345e-05 2.43146397e-05 2.42891090e-05 2.42636422e-05
 2.42382393e-05 2.42129001e-05 2.41876246e-05 2.41624127e-05
 2.41372641e-05 2.41121790e-05 2.40871571e-05 2.40621983e-05
 2.40373026e-05 2.40124698e-05 2.39876999e-05 2.39629928e-05
 2.39383482e-05 2.39137663e-05 2.38892468e-05 2.38647896e-05
 2.38403947e-05 2.38160620e-05 2.37917913e-05 2.37675826e-05
 2.37434358e-05 2.37193508e-05 2.36953274e-05 2.36713657e-05
 2.36474654e-05 2.36236266e-05 2.35998490e-05 2.35761327e-05
 2.35524775e-05 2.35288833e-05 2.35053501e-05 2.34818778e-05
 2.34584662e-05 2.34351152e-05 2.34118249e-05 2.33885950e-05
 2.33654255e-05 2.33423164e-05 2.33192675e-05 2.32962787e-05
 2.32733499e-05 2.32504811e-05 2.32276722e-05 2.32049231e-05
 2.31822336e-05 2.31596038e-05 2.31370335e-05 2.31145226e-05
 2.30920711e-05 2.30696788e-05 2.30473458e-05 2.30250718e-05
 2.30028569e-05 2.29807008e-05 2.29586037e-05 2.29365653e-05
 2.29145855e-05 2.28926644e-05 2.28708018e-05 2.28489976e-05
 2.28272518e-05 2.28055643e-05 2.27839349e-05 2.27623637e-05
 2.27408505e-05 2.27193952e-05 2.26979979e-05 2.26766583e-05
 2.26553764e-05 2.26341521e-05 2.26129854e-05 2.25918762e-05
 2.25708244e-05 2.25498299e-05 2.25288927e-05 2.25080126e-05
 2.24871897e-05 2.24664237e-05 2.24457147e-05 2.24250625e-05
 2.24044671e-05 2.23839285e-05 2.23634465e-05 2.23430210e-05
 2.23226520e-05 2.23023395e-05 2.22820833e-05 2.22618833e-05
 2.22417396e-05 2.22216520e-05 2.22016204e-05 2.21816448e-05
 2.21617251e-05 2.21418613e-05 2.21220532e-05 2.21023008e-05
 2.20826040e-05 2.20629628e-05 2.20433770e-05 2.20238466e-05
 2.20043716e-05 2.19849519e-05 2.19655873e-05 2.19462779e-05
 2.19270236e-05 2.19078242e-05 2.18886798e-05 2.18695902e-05
 2.18505554e-05 2.18315753e-05 2.18126499e-05 2.17937791e-05
 2.17749628e-05 2.17562009e-05 2.17374934e-05 2.17188403e-05
 2.17002414e-05 2.16816967e-05 2.16632061e-05 2.16447695e-05
 2.16263870e-05 2.16080584e-05 2.15897836e-05 2.15715627e-05
 2.15533955e-05 2.15352819e-05 2.15172220e-05 2.14992156e-05
 2.14812627e-05 2.14633632e-05 2.14455171e-05 2.14277243e-05
 2.14099847e-05 2.13922983e-05 2.13746649e-05 2.13570847e-05
 2.13395574e-05 2.13220830e-05 2.13046615e-05 2.12872929e-05
 2.12699769e-05 2.12527137e-05 2.12355030e-05 2.12183450e-05
 2.12012394e-05 2.11841863e-05 2.11671856e-05 2.11502372e-05
 2.11333411e-05 2.11164972e-05 2.10997055e-05 2.10829658e-05
 2.10662782e-05 2.10496426e-05 2.10330589e-05 2.10165270e-05
 2.10000470e-05 2.09836187e-05 2.09672422e-05 2.09509172e-05
 2.09346439e-05 2.09184221e-05 2.09022518e-05 2.08861329e-05
 2.08700653e-05 2.08540491e-05 2.08380841e-05 2.08221703e-05
 2.08063077e-05 2.07904962e-05 2.07747357e-05 2.07590262e-05
 2.07433676e-05 2.07277599e-05 2.07122030e-05 2.06966970e-05
 2.06812416e-05 2.06658369e-05 2.06504828e-05 2.06351793e-05
 2.06199263e-05 2.06047237e-05 2.05895716e-05 2.05744698e-05
 2.05594183e-05 2.05444171e-05 2.05294661e-05 2.05145652e-05
 2.04997145e-05 2.04849138e-05 2.04701631e-05 2.04554624e-05
 2.04408116e-05 2.04262106e-05 2.04116594e-05 2.03971580e-05
 2.03827063e-05 2.03683043e-05 2.03539519e-05 2.03396490e-05
 2.03253957e-05 2.03111918e-05 2.02970374e-05 2.02829323e-05
 2.02688766e-05 2.02548701e-05 2.02409129e-05 2.02270049e-05
 2.02131460e-05 2.01993362e-05 2.01855754e-05 2.01718637e-05
 2.01582009e-05 2.01445870e-05 2.01310219e-05 2.01175057e-05
 2.01040383e-05 2.00906196e-05 2.00772496e-05 2.00639282e-05
 2.00506554e-05 2.00374312e-05 2.00242555e-05 2.00111282e-05
 1.99980494e-05 1.99850189e-05 1.99720368e-05 1.99591030e-05
 1.99462174e-05 1.99333800e-05 1.99205908e-05 1.99078497e-05
 1.98951567e-05 1.98825117e-05 1.98699147e-05 1.98573657e-05
 1.98448646e-05 1.98324113e-05 1.98200059e-05 1.98076483e-05
 1.97953384e-05 1.97830762e-05 1.97708617e-05 1.97586948e-05
 1.97465755e-05 1.97345038e-05 1.97224796e-05 1.97105028e-05
 1.96985734e-05 1.96866914e-05 1.96748568e-05 1.96630694e-05
 1.96513294e-05 1.96396366e-05 1.96279909e-05 1.96163925e-05
 1.96048411e-05 1.95933368e-05 1.95818796e-05 1.95704694e-05
 1.95591061e-05 1.95477898e-05 1.95365204e-05 1.95252978e-05
 1.95141221e-05 1.95029931e-05 1.94919109e-05 1.94808753e-05
 1.94698865e-05 1.94589443e-05 1.94480487e-05 1.94371997e-05
 1.94263972e-05 1.94156412e-05 1.94049317e-05 1.93942686e-05
 1.93836519e-05 1.93730815e-05 1.93625575e-05 1.93520798e-05
 1.93416483e-05 1.93312630e-05 1.93209240e-05 1.93106311e-05
 1.93003843e-05 1.92901836e-05 1.92800290e-05 1.92699204e-05
 1.92598578e-05 1.92498411e-05 1.92398703e-05 1.92299455e-05
 1.92200666e-05 1.92102336e-05 1.92004465e-05 1.91907051e-05
 1.91810094e-05 1.91713594e-05 1.91617550e-05 1.91521963e-05
 1.91426832e-05 1.91332157e-05 1.91237937e-05 1.91144173e-05
 1.91050864e-05 1.90958010e-05 1.90865610e-05 1.90773664e-05
 1.90682172e-05 1.90591133e-05 1.90500548e-05 1.90410416e-05
 1.90320737e-05 1.90231510e-05 1.90142735e-05 1.90054412e-05
 1.89966541e-05 1.89879121e-05 1.89792153e-05 1.89705635e-05
 1.89619568e-05 1.89533951e-05 1.89448784e-05 1.89364067e-05
 1.89279800e-05 1.89195982e-05 1.89112613e-05 1.89029693e-05
 1.88947221e-05 1.88865198e-05 1.88783623e-05 1.88702496e-05
 1.88621817e-05 1.88541584e-05 1.88461800e-05 1.88382462e-05
 1.88303570e-05 1.88225126e-05 1.88147127e-05 1.88069575e-05
 1.87992468e-05 1.87915807e-05 1.87839592e-05 1.87763822e-05
 1.87688497e-05 1.87613616e-05 1.87539180e-05 1.87465189e-05
 1.87391642e-05 1.87318539e-05 1.87245880e-05 1.87173664e-05
 1.87101892e-05 1.87030563e-05 1.86959678e-05 1.86889235e-05
 1.86819235e-05 1.86749678e-05 1.86680563e-05 1.86611890e-05
 1.86543660e-05 1.86475871e-05 1.86408525e-05 1.86341620e-05
 1.86275156e-05 1.86209134e-05 1.86143553e-05 1.86078413e-05
 1.86013714e-05 1.85949456e-05 1.85885638e-05 1.85822261e-05
 1.85759324e-05 1.85696828e-05 1.85634772e-05 1.85573155e-05
 1.85511977e-05 1.85451237e-05 1.85390937e-05 1.85331078e-05
 1.85271662e-05 1.85212689e-05 1.85154158e-05 1.85096066e-05
 1.85038412e-05 1.84981197e-05 1.84924419e-05 1.84868081e-05
 1.84812183e-05 1.84756723e-05 1.84701703e-05 1.84647121e-05
 1.84592979e-05 1.84539275e-05 1.84486011e-05 1.84433185e-05
 1.84380799e-05 1.84328852e-05 1.84277343e-05 1.84226274e-05
 1.84175644e-05 1.84125453e-05 1.84075701e-05 1.84026388e-05
 1.83977515e-05 1.83929080e-05 1.83881085e-05 1.83833530e-05
 1.83786414e-05 1.83739737e-05 1.83693500e-05 1.83647703e-05
 1.83602346e-05 1.83557428e-05 1.83512951e-05 1.83468914e-05
 1.83425317e-05 1.83382161e-05 1.83339446e-05 1.83297171e-05
 1.83255337e-05 1.83213945e-05 1.83172994e-05 1.83132484e-05
 1.83092417e-05 1.83052791e-05 1.83013608e-05 1.82974867e-05
 1.82936569e-05 1.82898714e-05 1.82861303e-05 1.82824335e-05
 1.82787811e-05 1.82751732e-05 1.82716097e-05 1.82680908e-05
 1.82646163e-05 1.82611865e-05 1.82578013e-05 1.82544607e-05
 1.82511649e-05 1.82479138e-05 1.82447075e-05 1.82415461e-05
 1.82384296e-05 1.82353580e-05 1.82323315e-05 1.82293500e-05
 1.82264137e-05 1.82235226e-05 1.82206767e-05 1.82178762e-05
 1.82151211e-05 1.82124114e-05 1.82097473e-05 1.82071288e-05
 1.82045561e-05 1.82020291e-05 1.81995480e-05 1.81971129e-05
 1.81947239e-05 1.81923811e-05 1.81900845e-05 1.81878343e-05
 1.81856306e-05 1.81834735e-05 1.81813631e-05 1.81792996e-05
 1.81772831e-05 1.81753137e-05 1.81733915e-05 1.81715167e-05
 1.81696895e-05 1.81679100e-05 1.81661783e-05 1.81644947e-05
 1.81628593e-05 1.81612722e-05 1.81597338e-05 1.81582441e-05
 1.81568034e-05 1.81554119e-05 1.81540699e-05 1.81527774e-05
 1.81515349e-05 1.81503425e-05 1.81492005e-05 1.81481091e-05
 1.81470688e-05 1.81460796e-05 1.81451420e-05 1.81442563e-05
 1.81434227e-05 1.81426417e-05 1.81419136e-05 1.81412388e-05
 1.81406176e-05 1.81400506e-05 1.81395380e-05 1.81390803e-05
 1.81386780e-05 1.81383316e-05 1.81380416e-05 1.81378084e-05
 1.81376327e-05 1.81375149e-05 1.81374557e-05 1.81374557e-05