 4.95210178e-05 4.89240721e-05 4.83701108e-05 4.78449658e-05
 4.73419083e-05 4.68579313e-05 4.63898519e-05 4.59349275e-05
 4.54922867e-05 4.50608353e-05 4.46396657e-05 4.42280241e-05
 4.38252710e-05 4.34308581e-05 4.30443083e-05 4.26652029e-05
 4.22931705e-05 4.19278793e-05 4.15690309e-05 4.12163548e-05
 4.08696051e-05 4.05285566e-05 4.01930022e-05 3.98627512e-05
 3.95376267e-05 3.92174644e-05 3.89021111e-05 3.85914237e-05
 3.82852683e-05 3.79835187e-05 3.76860564e-05 3.73927697e-05
 3.71035527e-05 3.68183054e-05 3.65369329e-05 3.62593451e-05
 3.59854560e-05 3.57151841e-05 3.54484505e-05 3.51851905e-05
 3.49253270e-05 3.46687824e-05 3.44154981e-05 3.41654119e-05
 3.39184638e-05 3.36745964e-05 3.34337542e-05 3.31958840e-05
 3.29609343e-05 3.27288559e-05 3.24996009e-05 3.22731233e-05
 3.20493787e-05 3.18283242e-05 3.16099182e-05 3.13941206e-05
 3.11808926e-05 3.09701966e-05 3.07619961e-05 3.05562558e-05
 3.03529415e-05 3.01520201e-05 2.99534592e-05 2.97572276e-05
 2.95632950e-05 2.93716318e-05 2.91822094e-05 2.89949999e-05
 2.88099761e-05 2.86271118e-05 2.84463812e-05 2.82677593e-05
 2.80912219e-05 2.79167455e-05 2.77443069e-05 2.75738837e-05
 2.74054536e-05 2.72389952e-05 2.70744876e-05 2.69119105e-05
 2.67512440e-05 2.65924684e-05 2.64355645e-05 2.62805125e-05
 2.61272933e-05 2.59758753e-05 2.58262949e-05 2.56785293e-05
 2.55325093e-05 2.53882380e-05 2.52457009e-05 2.51048844e-05
 2.49657737e-05 2.48283544e-05 2.46926124e-05 2.45585338e-05
 2.44261049e-05 2.42953123e-05 2.41661429e-05 2.40385840e-05
 2.39126231e-05 2.37882478e-05 2.36654459e-05 2.35442057e-05
 2.34245159e-05 2.33063657e-05 2.31897436e-05 2.30746381e-05
 2.29610367e-05 2.28489281e-05 2.27383019e-05 2.26291494e-05
 2.25214625e-05 2.24152330e-05 2.23104520e-05 2.22071091e-05
 2.21051943e-05 2.20046980e-05 2.19056117e-05 2.18079270e-05
 2.17116355e-05 2.16167290e-05 2.15231991e-05 2.14310380e-05
 2.13402380e-05 2.12507912e-05 2.11626902e-05 2.10759274e-05
 2.09904959e-05 2.09063885e-05 2.08235985e-05 2.07421192e-05
 2.06619435e-05 2.05830648e-05 2.05054765e-05 2.04291725e-05
 2.03541464e-05 2.02803922e-05 2.02079039e-05 2.01366756e-05
 2.00667016e-05 1.99979763e-05 1.99304939e-05 1.98642492e-05
 1.97992368e-05 1.97354515e-05 1.96728882e-05 1.96115418e-05
 1.95514074e-05 1.94924802e-05 1.94347556e-05 1.93782289e-05
 1.93228955e-05 1.92687512e-05 1.92157917e-05 1.91640127e-05
 1.91134101e-05 1.90639800e-05 1.90157186e-05 1.89686221e-05
 1.89226868e-05 1.88779092e-05 1.88342861e-05 1.87918140e-05
 1.87504899e-05 1.87103108e-05 1.86712738e-05 1.86333764e-05
 1.85966159e-05 1.85609900e-05 1.85264966e-05 1.84931338e-05
 1.84608997e-05 1.84297930e-05 1.83998123e-05 1.83709568e-05
 1.83432258e-05 1.83166190e-05 1.82911365e-05 1.82667787e-05
 1.82435467e-05 1.82214420e-05 1.82004665e-05 1.81806232e-05
 1.81619155e-05 1.81443479e-05 1.81279257e-05 1.81126556e-05
 1.80985457e-05 1.80856055e-05 1.80738466e-05 1.80632829e-05
 1.80539310e-05 1.80458111e-05 1.80389470e-05 1.80333681e-05
 1.80291095e-05 1.80262147e-05 1.80247358e-05 1.80247358e-05