 4.95210178e-05 4.92167031e-05 4.89268877e-05 4.86477761e-05
 4.83772368e-05 4.81139025e-05 4.78568150e-05 4.76052661e-05
 4.73587055e-05 4.71166952e-05 4.68788754e-05 4.66449470e-05
 4.64146554e-05 4.61877823e-05 4.59641372e-05 4.57435527e-05
 4.55258803e-05 4.53109874e-05 4.50987545e-05 4.48890735e-05
 4.46818460e-05 4.44769820e-05 4.42743986e-05 4.40740197e-05
 4.38757746e-05 4.36795976e-05 4.34854276e-05 4.32932075e-05
 4.31028837e-05 4.29144060e-05 4.27277271e-05 4.25428024e-05
 4.23595896e-05 4.21780488e-05 4.19981422e-05 4.18198338e-05
 4.16430892e-05 4.14678760e-05 4.12941630e-05 4.11219205e-05
 4.09511200e-05 4.07817343e-05 4.06137372e-05 4.04471038e-05
 4.02818100e-05 4.01178325e-05 3.99551493e-05 3.97937387e-05
 3.96335802e-05 3.94746538e-05 3.93169402e-05 3.91604209e-05
 3.90050776e-05 3.88508934e-05 3.86978509e-05 3.85459348e-05
 3.83951283e-05 3.82454155e-05 3.80967798e-05 3.79492074e-05
 3.78026864e-05 3.76572049e-05 3.75127504e-05 3.73693076e-05
 3.72268634e-05 3.70854051e-05 3.69449220e-05 3.68054023e-05
 3.66668339e-05 3.65292058e-05 3.63925073e-05 3.62567285e-05
 3.61218592e-05 3.59878890e-05 3.58548082e-05 3.57226074e-05
 3.55912771e-05 3.54608083e-05 3.53311921e-05 3.52024197e-05
 3.50744826e-05 3.49473724e-05 3.48210810e-05 3.46956004e-05
 3.45709227e-05 3.44470403e-05 3.43239455e-05 3.42016311e-05
 3.40800899e-05 3.39593146e-05 3.38392984e-05 3.37200345e-05
 3.36015161e-05 3.34837367e-05 3.33666899e-05 3.32503693e-05
 3.31347687e-05 3.30198820e-05 3.29057032e-05 3.27922265e-05
 3.26794460e-05 3.25673561e-05 3.24559512e-05 3.23452259e-05
 3.22351746e-05 3.21257921e-05 3.20170733e-05 3.19090129e-05
 3.18016059e-05 3.16948473e-05 3.15887323e-05 3.14832561e-05
 3.13784139e-05 3.12742011e-05 3.11706132e-05 3.10676456e-05
 3.09652937e-05 3.08635534e-05 3.07624202e-05 3.06618900e-05
 3.05619585e-05 3.04626216e-05 3.03638753e-05 3.02657155e-05
 3.01681384e-05 3.00711401e-05 2.99747167e-05 2.98788644e-05
 2.97835796e-05 2.96888585e-05 2.95946976e-05 2.95010933e-05
 2.94080421e-05 2.93155405e-05 2.92235850e-05 2.91321724e-05
 2.90412993e-05 2.89509624e-05 2.88611584e-05 2.87718842e-05
 2.86831367e-05 2.85949126e-05 2.85072090e-05 2.84200228e-05
 2.83333509e-05 2.82471906e-05 2.81615387e-05 2.80763925e-05
 2.79917491e-05 2.79076057e-05 2.78239596e-05 2.77408079e-05
 2.76581480e-05 2.75759772e-05 2.74942928e-05 2.74130924e-05
 2.73323732e-05 2.72521327e-05 2.71723685e-05 2.70930780e-05
 2.70142588e-05 2.69359084e-05 2.68580245e-05 2.67806047e-05
 2.67036467e-05 2.66271480e-05 2.65511066e-05 2.64755200e-05
 2.64003860e-05 2.63257025e-05 2.62514672e-05 2.61776780e-05
 2.61043328e-05 2.60314294e-05 2.59589657e-05 2.58869398e-05
 2.58153494e-05 2.57441927e-05 2.56734676e-05 2.56031722e-05
 2.55333044e-05 2.54638624e-05 2.53948442e-05 2.53262480e-05
 2.52580718e-05 2.51903138e-05 2.51229723e-05 2.50560453e-05
 2.49895311e-05 2.49234278e-05 2.48577338e-05 2.47924474e-05
 2.47275666e-05 2.46630900e-05 2.45990158e-05 2.45353423e-05
 2.44720678e-05 2.44091908e-05 2.43467096e-05 2.42846226e-05
 2.42229282e-05 2.41616249e-05 2.41007111e-05 2.40401853e-05
 2.39800459e-05 2.39202914e-05 2.38609204e-05 2.38019313e-05
 2.37433228e-05 2.36850932e-05 2.36272413e-05 2.35697656e-05
 2.35126647e-05 2.34559371e-05 2.33995816e-05 2.33435966e-05
 2.32879810e-05 2.32327333e-05 2.31778523e-05 2.31233365e-05
 2.30691847e-05 2.30153956e-05 2.29619679e-05 2.29089004e-05
 2.28561918e-05 2.28038409e-05 2.27518464e-05 2.27002071e-05
 2.26489218e-05 2.25979893e-05 2.25474087e-05 2.24971786e-05
 2.24472976e-05 2.23977643e-05 2.23485774e-05 2.22997359e-05
 2.22512390e-05 2.22030860e-05 2.21552757e-05 2.21078071e-05
 2.20606788e-05 2.20138898e-05 2.19674389e-05 2.19213251e-05
 2.18755474e-05 2.18301047e-05 2.17849960e-05 2.17402203e-05
 2.16957765e-05 2.16516638e-05 2.16078809e-05 2.15644271e-05
 2.15213012e-05 2.14785024e-05 2.14360297e-05 2.13938821e-05
 2.13520587e-05 2.13105584e-05 2.12693805e-05 2.12285239e-05
 2.11879880e-05 2.11477714e-05 2.11078736e-05 2.10682924e-05
 2.10290273e-05 2.09900773e-05 2.09514431e-05 2.09131250e-05
 2.08751226e-05 2.08374346e-05 2.08000584e-05 2.07629930e-05
 2.07262367e-05 2.06897899e-05 2.06536514e-05 2.06178209e-05
 2.05822972e-05 2.05470799e-05 2.05121680e-05 2.04775608e-05
 2.04432576e-05 2.04092575e-05 2.03755600e-05 2.03421641e-05
 2.03090692e-05 2.02762746e-05 2.02437795e-05 2.02115833e-05
 2.01796852e-05 2.01480845e-05 2.01167806e-05 2.00857727e-05
 2.00550603e-05 2.00246425e-05 1.99945188e-05 1.99646884e-05
 1.99351508e-05 1.99059053e-05 1.98769513e-05 1.98482881e-05
 1.98199151e-05 1.97918317e-05 1.97640373e-05 1.97365313e-05
 1.97093130e-05 1.96823820e-05 1.96557375e-05 1.96293792e-05
 1.96033063e-05 1.95775183e-05 1.95520147e-05 1.95267949e-05
 1.95018585e-05 1.94772048e-05 1.94528334e-05 1.94287437e-05
 1.94049352e-05 1.93814076e-05 1.93581602e-05 1.93351925e-05
 1.93125042e-05 1.92900948e-05 1.92679638e-05 1.92461108e-05
 1.92245354e-05 1.92032371e-05 1.91822155e-05 1.91614703e-05
 1.91410011e-05 1.91208074e-05 1.91008890e-05 1.90812454e-05
 1.90618764e-05 1.90427816e-05 1.90239607e-05 1.90054134e-05
 1.89871395e-05 1.89691385e-05 1.89514105e-05 1.89339549e-05
 1.89167717e-05 1.88998607e-05 1.88832216e-05 1.88668543e-05
 1.88507587e-05 1.88349345e-05 1.88193817e-05 1.88041003e-05
 1.87890901e-05 1.87743510e-05 1.87598831e-05 1.87456864e-05
 1.87317609e-05 1.87181066e-05 1.87047237e-05 1.86916122e-05
 1.86787723e-05 1.86662041e-05 1.86539079e-05 1.86418840e-05
 1.86301325e-05 1.86186537e-05 1.86074482e-05 1.85965162e-05
 1.85858582e-05 1.85754747e-05 1.85653663e-05 1.85555335e-05
 1.85459769e-05 1.85366974e-05 1.85276957e-05 1.85189726e-05
 1.85105290e-05 1.85023660e-05 1.84944846e-05 1.84868860e-05
 1.84795715e-05 1.84725424e-05 1.84658002e-05 1.84593465e-05
 1.84531831e-05 1.84473119e-05 1.84417348e-05 1.84364542e-05
 1.84314724e-05 1.84267920e-05 1.84224159e-05 1.84183472e-05
 1.84145892e-05 1.84111457e-05 1.84080206e-05 1.84052184e-05
 1.84027438e-05 1.84006022e-05 1.83987993e-05 1.83973415e-05
 1.83962359e-05 1.83954900e-05 1.83951125e-05 1.83951125e-05