  0.94484719  0.80648418  0.72466942  0.66308166  0.61212062  0.5678459
  0.52823605  0.4921096   0.45871277  0.42753189  0.39819929  0.37044185
  0.34405046  0.318861    0.29474195  0.27158608  0.2493046   0.22782307
  0.20707832  0.18701621  0.16758996  0.14875879  0.13048688  0.11274261
  0.09549788  0.07872756  0.06240913  0.04652223  0.03104847  0.01597111
  0.00127488 -0.01305419 -0.02702892 -0.04066111 -0.05396165 -0.06694062
 -0.07960735 -0.09197053 -0.10403823 -0.11581799 -0.12731686 -0.13854141
 -0.14949784 -0.16019192 -0.17062912 -0.18081456 -0.19075306 -0.20044919
 -0.20990724 -0.21913129 -0.22812517 -0.23689253 -0.24543682 -0.25376131
 -0.26186909 -0.26976313 -0.2774462  -0.28492098 -0.29218999 -0.29925563
 -0.30612019 -0.31278585 -0.31925468 -0.32552865 -0.33160964 -0.33749944
 -0.34319975 -0.34871219 -0.3540383  -0.35917956 -0.36413735 -0.36891302
 -0.37350782 -0.37792294 -0.38215955 -0.3862187  -0.39010144 -0.39380872
 -0.39734148 -0.40070057 -0.40388681 -0.40690098 -0.4097438  -0.41241595
 -0.41491805 -0.41725072 -0.41941448 -0.42140985 -0.42323731 -0.42489726
 -0.42639011 -0.4277162  -0.42887585 -0.42986932 -0.43069686 -0.43135865
 -0.43185485 -0.43218559 -0.43235094 -0.43235094