  0.94484719  0.79617655  0.6839558   0.58801756  0.50163962  0.42172517
  0.34657436  0.27514166  0.20673078  0.1408517   0.07714422  0.01533438
 -0.04479208 -0.1034066  -0.160649   -0.21663518 -0.27146258 -0.3252141
 -0.37796104 -0.42976531 -0.48068108 -0.53075614 -0.58003291 -0.6285493
 -0.67633933 -0.72343374 -0.76986037 -0.81564461 -0.86080964 -0.90537673
 -0.94936548 -0.99279395 -1.0356789  -1.07803586 -1.1198793  -1.16122272
 -1.20207872 -1.24245914 -1.28237505 -1.3218369  -1.36085452 -1.39943717
 -1.43759361 -1.47533214 -1.51266062 -1.54958649 -1.58611686 -1.62225845
 -1.65801768 -1.69340068 -1.72841327 -1.76306105 -1.79734934 -1.83128325
 -1.86486766 -1.89810727 -1.93100658 -1.96356989 -1.99580137 -2.027705
 -2.05928463 -2.09054394 -2.1214865  -2.15211574 -2.18243498 -2.21244742
 -2.24215613 -2.27156411 -2.30067423 -2.32948928 -2.35801196 -2.38624489
 -2.41419059 -2.4418515  -2.46923002 -2.49632843 -2.52314897 -2.54969381
 -2.57596505 -2.60196474 -2.62769486 -2.65315733 -2.67835404 -2.70328679
 -2.72795737 -2.7523675  -2.77651885 -2.80041306 -2.82405171 -2.84743636
 -2.8705685  -2.89344961 -2.91608112 -2.93846442 -2.96060088 -2.98249181
 -3.00413851 -3.02554224 -3.04670423 -3.06762568 -3.08830777 -3.10875163
 -3.12895838 -3.14892912 -3.1686649  -3.18816676 -3.20743573 -3.22647279
 -3.24527891 -3.26385503 -3.28220209 -3.30032099 -3.3182126  -3.3358778
 -3.35331743 -3.37053231 -3.38752325 -3.40429103 -3.42083644 -3.43716022
 -3.45326312 -3.46914585 -3.48480911 -3.50025361 -3.51548    -3.53048896
 -3.54528113 -3.55985714 -3.5742176  -3.58836312 -3.6022943  -3.6160117
 -3.62951589 -3.64280742 -3.65588685 -3.66875468 -3.68141144 -3.69385764
 -3.70609376 -3.71812029 -3.7299377  -3.74154645 -3.752947   -3.76413977
 -3.77512521 -3.78590373 -3.79647574 -3.80684164 -3.81700183 -3.82695668
 -3.83670657 -3.84625186 -3.85559291 -3.86473006 -3.87366366 -3.88239402
 -3.89092147 -3.89924633 -3.90736889 -3.91528946 -3.92300831 -3.93052575
 -3.93784202 -3.94495741 -3.95187216 -3.95858653 -3.96510077 -3.9714151
 -3.97752975 -3.98344496 -3.98916092 -3.99467784 -3.99999594 -4.00511539
 -4.01003639 -4.01475912 -4.01928374 -4.02361043 -4.02773933 -4.03167061
 -4.03540441 -4.03894087 -4.04228011 -4.04542227 -4.04836746 -4.0511158
 -4.05366738 -4.05602231 -4.05818068 -4.06014256 -4.06190805 -4.06347719
 -4.06485007 -4.06602672 -4.06700721 -4.06779155 -4.06837979 -4.06877195
 -4.06896802 -4.06896802