  9.44847191e-01  9.06382582e-01  8.74433707e-01  8.46830427e-01
  8.22352629e-01  8.00242787e-01  7.79996479e-01  7.61259864e-01
  7.43774527e-01  7.27345587e-01  7.11822177e-01  6.97084938e-01
  6.83037681e-01  6.69601667e-01  6.56711555e-01  6.44312473e-01
  6.32357860e-01  6.20807832e-01  6.09627944e-01  5.98788222e-01
  5.88262407e-01  5.78027355e-01  5.68062547e-01  5.58349704e-01
  5.48872463e-01  5.39616111e-01  5.30567367e-01  5.21714197e-01
  5.13045660e-01  5.04551773e-01  4.96223405e-01  4.88052176e-01
  4.80030375e-01  4.72150893e-01  4.64407155e-01  4.56793068e-01
  4.49302977e-01  4.41931619e-01  4.34674087e-01  4.27525801e-01
  4.20482474e-01  4.13540091e-01  4.06694884e-01  3.99943310e-01
  3.93282036e-01  3.86707921e-01  3.80218000e-01  3.73809472e-01
  3.67479688e-01  3.61226137e-01  3.55046442e-01  3.48938344e-01
  3.42899698e-01  3.36928465e-01  3.31022701e-01  3.25180558e-01
  3.19400272e-01  3.13680158e-01  3.08018608e-01  3.02414086e-01
  2.96865121e-01  2.91370306e-01  2.85928290e-01  2.80537783e-01
  2.75197542e-01  2.69906378e-01  2.64663146e-01  2.59466749e-01
  2.54316127e-01  2.49210264e-01  2.44148181e-01  2.39128935e-01
  2.34151614e-01  2.29215344e-01  2.24319277e-01  2.19462597e-01
  2.14644515e-01  2.09864269e-01  2.05121122e-01  2.00414363e-01
  1.95743301e-01  1.91107270e-01  1.86505624e-01  1.81937737e-01
  1.77403003e-01  1.72900835e-01  1.68430662e-01  1.63991932e-01
  1.59584108e-01  1.55206669e-01  1.50859110e-01  1.46540939e-01
  1.42251678e-01  1.37990865e-01  1.33758046e-01  1.29552785e-01
  1.25374652e-01  1.21223234e-01  1.17098125e-01  1.12998932e-01
  1.08925270e-01  1.04876766e-01  1.00853055e-01  9.68537835e-02
  9.28786037e-02  8.89271784e-02  8.49991781e-02  8.10942813e-02
  7.72121744e-02  7.33525511e-02  6.95151124e-02  6.56995662e-02
  6.19056272e-02  5.81330167e-02  5.43814624e-02  5.06506979e-02
  4.69404630e-02  4.32505032e-02  3.95805694e-02  3.59304182e-02
  3.22998112e-02  2.86885154e-02  2.50963025e-02  2.15229491e-02
  1.79682364e-02  1.44319503e-02  1.09138809e-02  7.41382258e-03
  3.93157407e-03  4.66937989e-04 -2.98027909e-03 -6.41026676e-03
 -9.82321093e-03 -1.32192939e-02 -1.65986943e-02 -1.99615876e-02
 -2.33081458e-02 -2.66385375e-02 -2.99529285e-02 -3.32514813e-02
 -3.65343553e-02 -3.98017071e-02 -4.30536906e-02 -4.62904567e-02
 -4.95121536e-02 -5.27189271e-02 -5.59109201e-02 -5.90882731e-02
 -6.22511244e-02 -6.53996096e-02 -6.85338620e-02 -7.16540128e-02
 -7.47601909e-02 -7.78525228e-02 -8.09311333e-02 -8.39961448e-02
 -8.70476777e-02 -9.00858507e-02 -9.31107802e-02 -9.61225809e-02
 -9.91213657e-02 -1.02107246e-01 -1.05080330e-01 -1.08040726e-01
 -1.10988540e-01 -1.13923876e-01 -1.16846836e-01 -1.19757522e-01
 -1.22656033e-01 -1.25542467e-01 -1.28416921e-01 -1.31279488e-01
 -1.34130264e-01 -1.36969340e-01 -1.39796807e-01 -1.42612754e-01
 -1.45417270e-01 -1.48210442e-01 -1.50992355e-01 -1.53763093e-01
 -1.56522740e-01 -1.59271379e-01 -1.62009089e-01 -1.64735951e-01
 -1.67452042e-01 -1.70157442e-01 -1.72852226e-01 -1.75536469e-01
 -1.78210246e-01 -1.80873631e-01 -1.83526695e-01 -1.86169510e-01
 -1.88802147e-01 -1.91424675e-01 -1.94037163e-01 -1.96639678e-01
 -1.99232287e-01 -2.01815056e-01 -2.04388051e-01 -2.06951335e-01
 -2.09504972e-01 -2.12049024e-01 -2.14583554e-01 -2.17108622e-01
 -2.19624288e-01 -2.22130612e-01 -2.24627654e-01 -2.27115470e-01
 -2.29594118e-01 -2.32063656e-01 -2.34524138e-01 -2.36975620e-01
 -2.39418156e-01 -2.41851801e-01 -2.44276608e-01 -2.46692629e-01
 -2.49099917e-01 -2.51498523e-01 -2.53888497e-01 -2.56269890e-01
 -2.58642751e-01 -2.61007130e-01 -2.63363075e-01 -2.65710634e-01
 -2.68049854e-01 -2.70380782e-01 -2.72703464e-01 -2.75017947e-01
 -2.77324275e-01 -2.79622493e-01 -2.81912646e-01 -2.84194776e-01
 -2.86468929e-01 -2.88735145e-01 -2.90993468e-01 -2.93243940e-01
 -2.95486601e-01 -2.97721493e-01 -2.99948657e-01 -3.02168132e-01
 -3.04379958e-01 -3.06584175e-01 -3.08780821e-01 -3.10969934e-01
 -3.13151553e-01 -3.15325715e-01 -3.17492458e-01 -3.19651818e-01
 -3.21803832e-01 -3.23948536e-01 -3.26085965e-01 -3.28216155e-01
 -3.30339141e-01 -3.32454957e-01 -3.34563638e-01 -3.36665218e-01
 -3.38759730e-01 -3.40847208e-01 -3.42927684e-01 -3.45001192e-01
 -3.47067762e-01 -3.49127428e-01 -3.51180221e-01 -3.53226173e-01
 -3.55265313e-01 -3.57297674e-01 -3.59323285e-01 -3.61342177e-01
 -3.63354380e-01 -3.65359922e-01 -3.67358834e-01 -3.69351144e-01
 -3.71336882e-01 -3.73316075e-01 -3.75288751e-01 -3.77254940e-01
 -3.79214668e-01 -3.81167963e-01 -3.83114851e-01 -3.85055361e-01
 -3.86989518e-01 -3.88917349e-01 -3.90838880e-01 -3.92754138e-01
 -3.94663147e-01 -3.96565934e-01 -3.98462523e-01 -4.00352939e-01
 -4.02237208e-01 -4.04115354e-01 -4.05987401e-01 -4.07853373e-01
 -4.09713295e-01 -4.11567190e-01 -4.13415082e-01 -4.15256993e-01
 -4.17092947e-01 -4.18922967e-01 -4.20747076e-01 -4.22565296e-01
 -4.24377649e-01 -4.26184158e-01 -4.27984844e-01 -4.29779729e-01
 -4.31568835e-01 -4.33352183e-01 -4.35129795e-01 -4.36901690e-01
 -4.38667891e-01 -4.40428418e-01 -4.42183291e-01 -4.43932530e-01
 -4.45676157e-01 -4.47414190e-01 -4.49146650e-01 -4.50873556e-01
 -4.52594927e-01 -4.54310784e-01 -4.56021145e-01 -4.57726030e-01
 -4.59425456e-01 -4.61119443e-01 -4.62808010e-01 -4.64491175e-01
 -4.66168956e-01 -4.67841371e-01 -4.69508438e-01 -4.71170175e-01
 -4.72826601e-01 -4.74477731e-01 -4.76123584e-01 -4.77764177e-01
 -4.79399527e-01 -4.81029652e-01 -4.82654567e-01 -4.84274291e-01
 -4.85888838e-01 -4.87498227e-01 -4.89102472e-01 -4.90701591e-01
 -4.92295600e-01 -4.93884514e-01 -4.95468350e-01 -4.97047123e-01
 -4.98620849e-01 -5.00189542e-01 -5.01753220e-01 -5.03311896e-01
 -5.04865587e-01 -5.06414307e-01 -5.07958070e-01 -5.09496893e-01
 -5.11030789e-01 -5.12559774e-01 -5.14083861e-01 -5.15603065e-01
 -5.17117400e-01 -5.18626881e-01 -5.20131521e-01 -5.21631335e-01
 -5.23126336e-01 -5.24616539e-01 -5.26101956e-01 -5.27582601e-01
 -5.29058489e-01 -5.30529631e-01 -5.31996042e-01 -5.33457735e-01
 -5.34914722e-01 -5.36367016e-01 -5.37814632e-01 -5.39257580e-01
 -5.40695875e-01 -5.42129529e-01 -5.43558553e-01 -5.44982961e-01
 -5.46402765e-01 -5.47817978e-01 -5.49228611e-01 -5.50634676e-01
 -5.52036186e-01 -5.53433152e-01 -5.54825586e-01 -5.56213501e-01
 -5.57596907e-01 -5.58975817e-01 -5.60350241e-01 -5.61720191e-01
 -5.63085680e-01 -5.64446716e-01 -5.65803314e-01 -5.67155482e-01
 -5.68503232e-01 -5.69846576e-01 -5.71185524e-01 -5.72520086e-01
 -5.73850275e-01 -5.75176099e-01 -5.76497571e-01 -5.77814700e-01
 -5.79127497e-01 -5.80435972e-01 -5.81740136e-01 -5.83039999e-01
 -5.84335571e-01 -5.85626862e-01 -5.86913882e-01 -5.88196642e-01
 -5.89475150e-01 -5.90749418e-01 -5.92019455e-01 -5.93285269e-01
 -5.94546872e-01 -5.95804273e-01 -5.97057481e-01 -5.98306506e-01
 -5.99551356e-01 -6.00792042e-01 -6.02028573e-01 -6.03260958e-01
 -6.04489206e-01 -6.05713326e-01 -6.06933328e-01 -6.08149219e-01
 -6.09361010e-01 -6.10568708e-01 -6.11772324e-01 -6.12971865e-01
 -6.14167340e-01 -6.15358758e-01 -6.16546128e-01 -6.17729457e-01
 -6.18908755e-01 -6.20084030e-01 -6.21255291e-01 -6.22422544e-01
 -6.23585800e-01 -6.24745065e-01 -6.25900349e-01 -6.27051659e-01
 -6.28199003e-01 -6.29342390e-01 -6.30481827e-01 -6.31617322e-01
 -6.32748882e-01 -6.33876517e-01 -6.35000234e-01 -6.36120039e-01
 -6.37235942e-01 -6.38347949e-01 -6.39456068e-01 -6.40560306e-01
 -6.41660672e-01 -6.42757172e-01 -6.43849814e-01 -6.44938605e-01
 -6.46023552e-01 -6.47104663e-01 -6.48181945e-01 -6.49255405e-01
 -6.50325050e-01 -6.51390887e-01 -6.52452923e-01 -6.53511166e-01
 -6.54565621e-01 -6.55616296e-01 -6.56663198e-01 -6.57706333e-01
 -6.58745709e-01 -6.59781332e-01 -6.60813208e-01 -6.61841345e-01
 -6.62865749e-01 -6.63886426e-01 -6.64903382e-01 -6.65916626e-01
 -6.66926162e-01 -6.67931997e-01 -6.68934138e-01 -6.69932591e-01
 -6.70927362e-01 -6.71918458e-01 -6.72905884e-01 -6.73889647e-01
 -6.74869752e-01 -6.75846207e-01 -6.76819017e-01 -6.77788187e-01
 -6.78753725e-01 -6.79715636e-01 -6.80673925e-01 -6.81628599e-01
 -6.82579664e-01 -6.83527125e-01 -6.84470988e-01 -6.85411259e-01
 -6.86347943e-01 -6.87281047e-01 -6.88210575e-01 -6.89136533e-01
 -6.90058928e-01 -6.90977764e-01 -6.91893047e-01 -6.92804782e-01
 -6.93712975e-01 -6.94617631e-01 -6.95518756e-01 -6.96416355e-01
 -6.97310432e-01 -6.98200995e-01 -6.99088046e-01 -6.99971593e-01
 -7.00851639e-01 -7.01728191e-01 -7.02601253e-01 -7.03470830e-01
 -7.04336928e-01 -7.05199551e-01 -7.06058704e-01 -7.06914393e-01
 -7.07766621e-01 -7.08615395e-01 -7.09460719e-01 -7.10302597e-01
 -7.11141036e-01 -7.11976038e-01 -7.12807610e-01 -7.13635755e-01
 -7.14460479e-01 -7.15281786e-01 -7.16099681e-01 -7.16914168e-01
 -7.17725252e-01 -7.18532938e-01 -7.19337230e-01 -7.20138132e-01
 -7.20935649e-01 -7.21729786e-01 -7.22520547e-01 -7.23307936e-01
 -7.24091957e-01 -7.24872615e-01 -7.25649915e-01 -7.26423860e-01
 -7.27194455e-01 -7.27961704e-01 -7.28725611e-01 -7.29486180e-01
 -7.30243416e-01 -7.30997323e-01 -7.31747904e-01 -7.32495164e-01
 -7.33239107e-01 -7.33979737e-01 -7.34717058e-01 -7.35451074e-01
 -7.36181788e-01 -7.36909205e-01 -7.37633329e-01 -7.38354164e-01
 -7.39071713e-01 -7.39785980e-01 -7.40496969e-01 -7.41204684e-01
 -7.41909129e-01 -7.42610307e-01 -7.43308222e-01 -7.44002878e-01
 -7.44694278e-01 -7.45382426e-01 -7.46067326e-01 -7.46748981e-01
 -7.47427395e-01 -7.48102572e-01 -7.48774515e-01 -7.49443227e-01
 -7.50108712e-01 -7.50770973e-01 -7.51430014e-01 -7.52085839e-01
 -7.52738450e-01 -7.53387852e-01 -7.54034047e-01 -7.54677038e-01
 -7.55316830e-01 -7.55953426e-01 -7.56586828e-01 -7.57217040e-01
 -7.57844065e-01 -7.58467906e-01 -7.59088568e-01 -7.59706052e-01
 -7.60320362e-01 -7.60931501e-01 -7.61539472e-01 -7.62144278e-01
 -7.62745923e-01 -7.63344410e-01 -7.63939741e-01 -7.64531919e-01
 -7.65120948e-01 -7.65706830e-01 -7.66289568e-01 -7.66869166e-01
 -7.67445627e-01 -7.68018952e-01 -7.68589145e-01 -7.69156210e-01
 -7.69720148e-01 -7.70280962e-01 -7.70838656e-01 -7.71393232e-01
 -7.71944694e-01 -7.72493042e-01 -7.73038281e-01 -7.73580414e-01
 -7.74119442e-01 -7.74655368e-01 -7.75188196e-01 -7.75717928e-01
 -7.76244566e-01 -7.76768113e-01 -7.77288571e-01 -7.77805944e-01
 -7.78320233e-01 -7.78831442e-01 -7.79339572e-01 -7.79844627e-01
 -7.80346609e-01 -7.80845519e-01 -7.81341362e-01 -7.81834138e-01
 -7.82323851e-01 -7.82810503e-01 -7.83294096e-01 -7.83774633e-01
 -7.84252115e-01 -7.84726546e-01 -7.85197928e-01 -7.85666262e-01
 -7.86131552e-01 -7.86593799e-01 -7.87053006e-01 -7.87509175e-01
 -7.87962308e-01 -7.88412407e-01 -7.88859475e-01 -7.89303513e-01
 -7.89744524e-01 -7.90182511e-01 -7.90617474e-01 -7.91049416e-01
 -7.91478340e-01 -7.91904247e-01 -7.92327139e-01 -7.92747019e-01
 -7.93163888e-01 -7.93577748e-01 -7.93988602e-01 -7.94396452e-01
 -7.94801298e-01 -7.95203144e-01 -7.95601992e-01 -7.95997842e-01
 -7.96390697e-01 -7.96780559e-01 -7.97167430e-01 -7.97551312e-01
 -7.97932206e-01 -7.98310114e-01 -7.98685039e-01 -7.99056981e-01
 -7.99425943e-01 -7.99791926e-01 -8.00154932e-01 -8.00514964e-01
 -8.00872021e-01 -8.01226108e-01 -8.01577224e-01 -8.01925371e-01
 -8.02270553e-01 -8.02612769e-01 -8.02952021e-01 -8.03288312e-01
 -8.03621643e-01 -8.03952015e-01 -8.04279430e-01 -8.04603889e-01
 -8.04925395e-01 -8.05243948e-01 -8.05559550e-01 -8.05872203e-01
 -8.06181907e-01 -8.06488666e-01 -8.06792479e-01 -8.07093349e-01
 -8.07391277e-01 -8.07686263e-01 -8.07978311e-01 -8.08267421e-01
 -8.08553594e-01 -8.08836832e-01 -8.09117136e-01 -8.09394508e-01
 -8.09668948e-01 -8.09940459e-01 -8.10209041e-01 -8.10474695e-01
 -8.10737424e-01 -8.10997227e-01 -8.11254108e-01 -8.11508065e-01
 -8.11759102e-01 -8.12007219e-01 -8.12252417e-01 -8.12494697e-01
 -8.12734061e-01 -8.12970509e-01 -8.13204043e-01 -8.13434665e-01
 -8.13662374e-01 -8.13887172e-01 -8.14109061e-01 -8.14328041e-01
 -8.14544113e-01 -8.14757278e-01 -8.14967538e-01 -8.15174893e-01
 -8.15379345e-01 -8.15580894e-01 -8.15779541e-01 -8.15975287e-01
 -8.16168134e-01 -8.16358081e-01 -8.16545131e-01 -8.16729284e-01
 -8.16910540e-01 -8.17088901e-01 -8.17264368e-01 -8.17436941e-01
 -8.17606621e-01 -8.17773409e-01 -8.17937307e-01 -8.18098313e-01
 -8.18256431e-01 -8.18411659e-01 -8.18563999e-01 -8.18713453e-01
 -8.18860019e-01 -8.19003700e-01 -8.19144495e-01 -8.19282406e-01
 -8.19417433e-01 -8.19549577e-01 -8.19678839e-01 -8.19805219e-01
 -8.19928717e-01 -8.20049335e-01 -8.20167073e-01 -8.20281931e-01
 -8.20393911e-01 -8.20503012e-01 -8.20609236e-01 -8.20712582e-01
 -8.20813051e-01 -8.20910644e-01 -8.21005362e-01 -8.21097204e-01
 -8.21186171e-01 -8.21272264e-01 -8.21355483e-01 -8.21435829e-01
 -8.21513301e-01 -8.21587901e-01 -8.21659628e-01 -8.21728483e-01
 -8.21794467e-01 -8.21857580e-01 -8.21917821e-01 -8.21975192e-01
 -8.22029692e-01 -8.22081323e-01 -8.22130083e-01 -8.22175974e-01
 -8.22218996e-01 -8.22259148e-01 -8.22296432e-01 -8.22330847e-01
 -8.22362393e-01 -8.22391072e-01 -8.22416881e-01 -8.22439823e-01
 -8.22459897e-01 -8.22477103e-01 -8.22491441e-01 -8.22502911e-01
 -8.22511514e-01 -8.22517249e-01 -8.22520117e-01 -8.22520117e-01