 9.57964318e-07 1.20743861e-06 1.45091503e-06 1.68937403e-06
 1.92350403e-06 2.15381498e-06 2.38070049e-06 2.60447406e-06
 2.82539180e-06 3.04366704e-06 3.25948027e-06 3.47298634e-06
 3.68431956e-06 3.89359771e-06 4.10092491e-06 4.30639397e-06
 4.51008813e-06 4.71208254e-06 4.91244542e-06 5.11123895e-06
 5.30852013e-06 5.50434137e-06 5.69875106e-06 5.89179404e-06
 6.08351197e-06 6.27394368e-06 6.46312545e-06 6.65109128e-06
 6.83787308e-06 7.02350090e-06 7.20800305e-06 7.39140629e-06
 7.57373595e-06 7.75501604e-06 7.93526934e-06 8.11451754e-06
 8.29278128e-06 8.47008024e-06 8.64643322e-06 8.82185817e-06
 8.99637230e-06 9.16999206e-06 9.34273325e-06 9.51461104e-06
 9.68564001e-06 9.85583415e-06 1.00252070e-05 1.01937714e-05
 1.03615401e-05 1.05285251e-05 1.06947380e-05 1.08601901e-05
 1.10248924e-05 1.11888554e-05 1.13520893e-05 1.15146040e-05
 1.16764091e-05 1.18375139e-05 1.19979274e-05 1.21576584e-05
 1.23167155e-05 1.24751068e-05 1.26328405e-05 1.27899243e-05
 1.29463659e-05 1.31021727e-05 1.32573519e-05 1.34119106e-05
 1.35658555e-05 1.37191935e-05 1.38719309e-05 1.40240743e-05
 1.41756298e-05 1.43266034e-05 1.44770011e-05 1.46268288e-05
 1.47760920e-05 1.49247962e-05 1.50729471e-05 1.52205497e-05
 1.53676093e-05 1.55141309e-05 1.56601196e-05 1.58055803e-05
 1.59505175e-05 1.60949362e-05 1.62388407e-05 1.63822357e-05
 1.65251254e-05 1.66675143e-05 1.68094066e-05 1.69508063e-05
 1.70917177e-05 1.72321446e-05 1.73720911e-05 1.75115609e-05
 1.76505580e-05 1.77890859e-05 1.79271484e-05 1.80647490e-05
 1.82018913e-05 1.83385788e-05 1.84748148e-05 1.86106028e-05
 1.87459460e-05 1.88808478e-05 1.90153111e-05 1.91493394e-05
 1.92829355e-05 1.94161027e-05 1.95488438e-05 1.96811618e-05
 1.98130597e-05 1.99445403e-05 2.00756065e-05 2.02062609e-05
 2.03365064e-05 2.04663457e-05 2.05957813e-05 2.07248161e-05
 2.08534524e-05 2.09816929e-05 2.11095401e-05 2.12369965e-05
 2.13640645e-05 2.14907465e-05 2.16170448e-05 2.17429620e-05
 2.18685002e-05 2.19936617e-05 2.21184489e-05 2.22428638e-05
 2.23669088e-05 2.24905860e-05 2.26138975e-05 2.27368455e-05
 2.28594319e-05 2.29816590e-05 2.31035287e-05 2.32250430e-05
 2.33462039e-05 2.34670134e-05 2.35874735e-05 2.37075859e-05
 2.38273527e-05 2.39467757e-05 2.40658568e-05 2.41845977e-05
 2.43030002e-05 2.44210663e-05 2.45387975e-05 2.46561957e-05
 2.47732626e-05 2.48899999e-05 2.50064093e-05 2.51224925e-05
 2.52382510e-05 2.53536866e-05 2.54688008e-05 2.55835952e-05
 2.56980715e-05 2.58122312e-05 2.59260757e-05 2.60396068e-05
 2.61528258e-05 2.62657343e-05 2.63783337e-05 2.64906255e-05
 2.66026112e-05 2.67142923e-05 2.68256700e-05 2.69367459e-05
 2.70475213e-05 2.71579977e-05 2.72681763e-05 2.73780585e-05
 2.74876458e-05 2.75969393e-05 2.77059404e-05 2.78146505e-05
 2.79230708e-05 2.80312026e-05 2.81390471e-05 2.82466056e-05
 2.83538793e-05 2.84608693e-05 2.85675770e-05 2.86740037e-05
 2.87801505e-05 2.88860187e-05 2.89916094e-05 2.90969237e-05
 2.92019628e-05 2.93067278e-05 2.94112198e-05 2.95154400e-05
 2.96193896e-05 2.97230695e-05 2.98264809e-05 2.99296248e-05
 3.00325025e-05 3.01351148e-05 3.02374629e-05 3.03395478e-05
 3.04413706e-05 3.05429323e-05 3.06442339e-05 3.07452764e-05
 3.08460608e-05 3.09465882e-05 3.10468594e-05 3.11468756e-05
 3.12466376e-05 3.13461464e-05 3.14454030e-05 3.15444084e-05
 3.16431634e-05 3.17416690e-05 3.18399262e-05 3.19379358e-05
 3.20356987e-05 3.21332160e-05 3.22304883e-05 3.23275168e-05
 3.24243022e-05 3.25208453e-05 3.26171472e-05 3.27132086e-05
 3.28090304e-05 3.29046134e-05 3.29999586e-05 3.30950666e-05
 3.31899384e-05 3.32845748e-05 3.33789766e-05 3.34731447e-05
 3.35670797e-05 3.36607825e-05 3.37542540e-05 3.38474949e-05
 3.39405059e-05 3.40332879e-05 3.41258417e-05 3.42181679e-05
 3.43102674e-05 3.44021410e-05 3.44937892e-05 3.45852130e-05
 3.46764131e-05 3.47673901e-05 3.48581448e-05 3.49486780e-05
 3.50389903e-05 3.51290824e-05 3.52189552e-05 3.53086092e-05
 3.53980452e-05 3.54872639e-05 3.55762659e-05 3.56650519e-05
 3.57536227e-05 3.58419789e-05 3.59301212e-05 3.60180502e-05
 3.61057665e-05 3.61932710e-05 3.62805641e-05 3.63676466e-05
 3.64545191e-05 3.65411823e-05 3.66276367e-05 3.67138830e-05
 3.67999219e-05 3.68857539e-05 3.69713797e-05 3.70567999e-05
 3.71420151e-05 3.72270259e-05 3.73118330e-05 3.73964368e-05
 3.74808381e-05 3.75650374e-05 3.76490353e-05 3.77328323e-05
 3.78164291e-05 3.78998263e-05 3.79830243e-05 3.80660239e-05
 3.81488255e-05 3.82314297e-05 3.83138371e-05 3.83960482e-05
 3.84780636e-05 3.85598838e-05 3.86415094e-05 3.87229410e-05
 3.88041790e-05 3.88852240e-05 3.89660765e-05 3.90467371e-05
 3.91272063e-05 3.92074846e-05 3.92875725e-05 3.93674706e-05
 3.94471793e-05 3.95266993e-05 3.96060309e-05 3.96851747e-05
 3.97641312e-05 3.98429009e-05 3.99214843e-05 3.99998818e-05
 4.00780941e-05 4.01561215e-05 4.02339646e-05 4.03116237e-05
 4.03890995e-05 4.04663924e-05 4.05435029e-05 4.06204314e-05
 4.06971784e-05 4.07737443e-05 4.08501297e-05 4.09263350e-05
 4.10023607e-05 4.10782071e-05 4.11538749e-05 4.12293643e-05
 4.13046759e-05 4.13798101e-05 4.14547674e-05 4.15295481e-05
 4.16041528e-05 4.16785818e-05 4.17528357e-05 4.18269148e-05
 4.19008195e-05 4.19745504e-05 4.20481077e-05 4.21214920e-05
 4.21947036e-05 4.22677431e-05 4.23406107e-05 4.24133069e-05
 4.24858321e-05 4.25581867e-05 4.26303712e-05 4.27023859e-05
 4.27742312e-05 4.28459076e-05 4.29174154e-05 4.29887551e-05
 4.30599269e-05 4.31309314e-05 4.32017689e-05 4.32724398e-05
 4.33429445e-05 4.34132833e-05 4.34834567e-05 4.35534650e-05
 4.36233086e-05 4.36929878e-05 4.37625032e-05 4.38318549e-05
 4.39010435e-05 4.39700692e-05 4.40389325e-05 4.41076336e-05
 4.41761731e-05 4.42445511e-05 4.43127681e-05 4.43808245e-05
 4.44487205e-05 4.45164566e-05 4.45840331e-05 4.46514503e-05
 4.47187087e-05 4.47858085e-05 4.48527500e-05 4.49195337e-05
 4.49861599e-05 4.50526289e-05 4.51189411e-05 4.51850968e-05
 4.52510962e-05 4.53169399e-05 4.53826280e-05 4.54481610e-05
 4.55135391e-05 4.55787627e-05 4.56438321e-05 4.57087476e-05
 4.57735096e-05 4.58381184e-05 4.59025742e-05 4.59668775e-05
 4.60310284e-05 4.60950276e-05 4.61588751e-05 4.62225716e-05
 4.62861170e-05 4.63495115e-05 4.64127547e-05 4.64758470e-05
 4.65387891e-05 4.66015819e-05 4.66642260e-05 4.67267217e-05
 4.67890692e-05 4.68512682e-05 4.69133193e-05 4.69752226e-05
 4.70369785e-05 4.70985873e-05 4.71600493e-05 4.72213647e-05
 4.72825339e-05 4.73435571e-05 4.74044346e-05 4.74651667e-05
 4.75257537e-05 4.75861959e-05 4.76464934e-05 4.77066468e-05
 4.77666561e-05 4.78265216e-05 4.78862438e-05 4.79458227e-05
 4.80052588e-05 4.80645522e-05 4.81237032e-05 4.81827122e-05
 4.82415793e-05 4.83003048e-05 4.83588891e-05 4.84173323e-05
 4.84756348e-05 4.85337968e-05 4.85918185e-05 4.86497002e-05
 4.87074422e-05 4.87650447e-05 4.88225080e-05 4.88798324e-05
 4.89370180e-05 4.89940652e-05 4.90509742e-05 4.91077452e-05
 4.91643785e-05 4.92208744e-05 4.92772331e-05 4.93334548e-05
 4.93895398e-05 4.94454883e-05 4.95013006e-05 4.95569769e-05
 4.96125174e-05 4.96679225e-05 4.97231923e-05 4.97783271e-05
 4.98333270e-05 4.98881924e-05 4.99429235e-05 4.99975205e-05
 5.00519837e-05 5.01063132e-05 5.01605093e-05 5.02145723e-05
 5.02685023e-05 5.03222997e-05 5.03759645e-05 5.04294971e-05
 5.04828977e-05 5.05361664e-05 5.05893036e-05 5.06423094e-05
 5.06951841e-05 5.07479279e-05 5.08005410e-05 5.08530236e-05
 5.09053759e-05 5.09575982e-05 5.10096906e-05 5.10616535e-05
 5.11134869e-05 5.11651912e-05 5.12167665e-05 5.12682130e-05
 5.13195309e-05 5.13707206e-05 5.14217821e-05 5.14727156e-05
 5.15235214e-05 5.15741998e-05 5.16247508e-05 5.16751747e-05
 5.17254717e-05 5.17756420e-05 5.18256858e-05 5.18756034e-05
 5.19253948e-05 5.19750603e-05 5.20246002e-05 5.20740145e-05
 5.21233035e-05 5.21724675e-05 5.22215065e-05 5.22704208e-05
 5.23192106e-05 5.23678761e-05 5.24164174e-05 5.24648348e-05
 5.25131284e-05 5.25612985e-05 5.26093452e-05 5.26572687e-05
 5.27050692e-05 5.27527469e-05 5.28003020e-05 5.28477346e-05
 5.28950450e-05 5.29422333e-05 5.29892997e-05 5.30362445e-05
 5.30830677e-05 5.31297696e-05 5.31763503e-05 5.32228100e-05
 5.32691489e-05 5.33153672e-05 5.33614651e-05 5.34074427e-05
 5.34533002e-05 5.34990378e-05 5.35446556e-05 5.35901539e-05
 5.36355328e-05 5.36807924e-05 5.37259331e-05 5.37709548e-05
 5.38158578e-05 5.38606423e-05 5.39053084e-05 5.39498564e-05
 5.39942863e-05 5.40385983e-05 5.40827926e-05 5.41268695e-05
 5.41708289e-05 5.42146712e-05 5.42583964e-05 5.43020047e-05
 5.43454963e-05 5.43888714e-05 5.44321301e-05 5.44752726e-05
 5.45182990e-05 5.45612095e-05 5.46040043e-05 5.46466835e-05
 5.46892472e-05 5.47316957e-05 5.47740291e-05 5.48162475e-05
 5.48583511e-05 5.49003401e-05 5.49422146e-05 5.49839747e-05
 5.50256207e-05 5.50671526e-05 5.51085707e-05 5.51498750e-05
 5.51910657e-05 5.52321430e-05 5.52731071e-05 5.53139580e-05
 5.53546959e-05 5.53953210e-05 5.54358334e-05 5.54762333e-05
 5.55165208e-05 5.55566960e-05 5.55967592e-05 5.56367104e-05
 5.56765497e-05 5.57162775e-05 5.57558936e-05 5.57953985e-05
 5.58347920e-05 5.58740745e-05 5.59132460e-05 5.59523067e-05
 5.59912567e-05 5.60300962e-05 5.60688253e-05 5.61074441e-05
 5.61459528e-05 5.61843516e-05 5.62226404e-05 5.62608196e-05
 5.62988892e-05 5.63368493e-05 5.63747002e-05 5.64124418e-05
 5.64500745e-05 5.64875982e-05 5.65250132e-05 5.65623195e-05
 5.65995173e-05 5.66366067e-05 5.66735879e-05 5.67104609e-05
 5.67472260e-05 5.67838833e-05 5.68204327e-05 5.68568746e-05
 5.68932091e-05 5.69294361e-05 5.69655560e-05 5.70015688e-05
 5.70374746e-05 5.70732735e-05 5.71089658e-05 5.71445515e-05
 5.71800306e-05 5.72154035e-05 5.72506701e-05 5.72858307e-05
 5.73208852e-05 5.73558339e-05 5.73906769e-05 5.74254143e-05
 5.74600461e-05 5.74945726e-05 5.75289939e-05 5.75633100e-05
 5.75975211e-05 5.76316273e-05 5.76656288e-05 5.76995256e-05
 5.77333178e-05 5.77670056e-05 5.78005891e-05 5.78340684e-05
 5.78674436e-05 5.79007149e-05 5.79338823e-05 5.79669459e-05
 5.79999060e-05 5.80327625e-05 5.80655157e-05 5.80981655e-05
 5.81307122e-05 5.81631558e-05 5.81954964e-05 5.82277343e-05
 5.82598694e-05 5.82919018e-05 5.83238318e-05 5.83556593e-05
 5.83873846e-05 5.84190076e-05 5.84505286e-05 5.84819476e-05
 5.85132648e-05 5.85444802e-05 5.85755939e-05 5.86066061e-05
 5.86375168e-05 5.86683263e-05 5.86990344e-05 5.87296415e-05
 5.87601475e-05 5.87905526e-05 5.88208569e-05 5.88510604e-05
 5.88811634e-05 5.89111658e-05 5.89410678e-05 5.89708695e-05
 5.90005710e-05 5.90301724e-05 5.90596738e-05 5.90890752e-05
 5.91183769e-05 5.91475788e-05 5.91766811e-05 5.92056839e-05
 5.92345873e-05 5.92633914e-05 5.92920962e-05 5.93207019e-05
 5.93492086e-05 5.93776163e-05 5.94059252e-05 5.94341353e-05
 5.94622468e-05 5.94902597e-05 5.95181742e-05 5.95459902e-05
 5.95737080e-05 5.96013277e-05 5.96288492e-05 5.96562727e-05
 5.96835983e-05 5.97108261e-05 5.97379561e-05 5.97649885e-05
 5.97919234e-05 5.98187608e-05 5.98455008e-05 5.98721436e-05
 5.98986891e-05 5.99251376e-05 5.99514890e-05 5.99777435e-05
 6.00039012e-05 6.00299621e-05 6.00559263e-05 6.00817940e-05
 6.01075652e-05 6.01332399e-05 6.01588184e-05 6.01843005e-05
 6.02096866e-05 6.02349765e-05 6.02601705e-05 6.02852686e-05
 6.03102708e-05 6.03351773e-05 6.03599882e-05 6.03847034e-05
 6.04093232e-05 6.04338475e-05 6.04582766e-05 6.04826103e-05
 6.05068489e-05 6.05309924e-05 6.05550409e-05 6.05789944e-05
 6.06028532e-05 6.06266172e-05 6.06502865e-05 6.06738611e-05
 6.06973412e-05 6.07207269e-05 6.07440181e-05 6.07672151e-05
 6.07903178e-05 6.08133263e-05 6.08362408e-05 6.08590612e-05
 6.08817877e-05 6.09044204e-05 6.09269592e-05 6.09494044e-05
 6.09717559e-05 6.09940138e-05 6.10161783e-05 6.10382493e-05
 6.10602270e-05 6.10821114e-05 6.11039026e-05 6.11256006e-05
 6.11472056e-05 6.11687176e-05 6.11901366e-05 6.12114629e-05
 6.12326963e-05 6.12538370e-05 6.12748850e-05 6.12958405e-05
 6.13167034e-05 6.13374739e-05 6.13581520e-05 6.13787378e-05
 6.13992314e-05 6.14196328e-05 6.14399420e-05 6.14601593e-05
 6.14802845e-05 6.15003179e-05 6.15202594e-05 6.15401090e-05
 6.15598668e-05 6.15795328e-05 6.15991070e-05 6.16185897e-05
 6.16379811e-05 6.16572812e-05 6.16764900e-05 6.16956074e-05
 6.17146336e-05 6.17335686e-05 6.17524125e-05 6.17711653e-05
 6.17898272e-05 6.18083981e-05 6.18268781e-05 6.18452673e-05
 6.18635657e-05 6.18817734e-05 6.18998904e-05 6.19179168e-05
 6.19358527e-05 6.19536981e-05 6.19714530e-05 6.19891176e-05
 6.20066918e-05 6.20241758e-05 6.20415695e-05 6.20588730e-05
 6.20760865e-05 6.20932098e-05 6.21102432e-05 6.21271866e-05
 6.21440400e-05 6.21608036e-05 6.21774774e-05 6.21940614e-05
 6.22105557e-05 6.22269604e-05 6.22432754e-05 6.22595008e-05
 6.22756367e-05 6.22916831e-05 6.23076401e-05 6.23235077e-05
 6.23392859e-05 6.23549749e-05 6.23705746e-05 6.23860850e-05
 6.24015064e-05 6.24168385e-05 6.24320816e-05 6.24472357e-05
 6.24623007e-05 6.24772768e-05 6.24921639e-05 6.25069622e-05
 6.25216716e-05 6.25362922e-05 6.25508241e-05 6.25652672e-05
 6.25796216e-05 6.25938873e-05 6.26080645e-05 6.26221530e-05
 6.26361530e-05 6.26500645e-05 6.26638874e-05 6.26776219e-05
 6.26912680e-05 6.27048257e-05 6.27182951e-05 6.27316761e-05
 6.27449688e-05 6.27581732e-05 6.27712894e-05 6.27843174e-05
 6.27972572e-05 6.28101089e-05 6.28228724e-05 6.28355478e-05
 6.28481351e-05 6.28606344e-05 6.28730456e-05 6.28853689e-05
 6.28976046e-05 6.29097525e-05 6.29218126e-05 6.29337844e-05
 6.29456676e-05 6.29574622e-05 6.29691684e-05 6.29807868e-05
 6.29923175e-05 6.30037607e-05 6.30151161e-05 6.30263837e-05
 6.30375634e-05 6.30486554e-05 6.30596595e-05 6.30705758e-05
 6.30814043e-05 6.30921449e-05 6.31027978e-05 6.31133629e-05
 6.31238402e-05 6.31342296e-05 6.31445313e-05 6.31547452e-05
 6.31648712e-05 6.31749094e-05 6.31848598e-05 6.31947224e-05
 6.32044971e-05 6.32141840e-05 6.32237830e-05 6.32332941e-05
 6.32427173e-05 6.32520526e-05 6.32613000e-05 6.32704594e-05
 6.32795309e-05 6.32885143e-05 6.32974098e-05 6.33062172e-05
 6.33149365e-05 6.33235678e-05 6.33321109e-05 6.33405658e-05
 6.33489325e-05 6.33572110e-05 6.33654013e-05 6.33735032e-05
 6.33815167e-05 6.33894418e-05 6.33972785e-05 6.34050266e-05
 6.34126862e-05 6.34202572e-05 6.34277394e-05 6.34351330e-05
 6.34424377e-05 6.34496536e-05 6.34567806e-05 6.34638185e-05
 6.34707673e-05 6.34776270e-05 6.34843974e-05 6.34910785e-05
 6.34976702e-05 6.35041724e-05 6.35105849e-05 6.35169078e-05
 6.35231408e-05 6.35292839e-05 6.35353370e-05 6.35412999e-05
 6.35471726e-05 6.35529548e-05 6.35586466e-05 6.35642476e-05
 6.35697579e-05 6.35751772e-05 6.35805054e-05 6.35857423e-05
 6.35908878e-05 6.35959418e-05 6.36009039e-05 6.36057741e-05
 6.36105521e-05 6.36152378e-05 6.36198310e-05 6.36243314e-05
 6.36287388e-05 6.36330530e-05 6.36372737e-05 6.36414007e-05
 6.36454338e-05 6.36493727e-05 6.36532170e-05 6.36569666e-05
 6.36606210e-05 6.36641801e-05 6.36676434e-05 6.36710106e-05
 6.36742815e-05 6.36774555e-05 6.36805324e-05 6.36835118e-05
 6.36863931e-05 6.36891761e-05 6.36918603e-05 6.36944451e-05
 6.36969302e-05 6.36993150e-05 6.37015990e-05 6.37037817e-05
 6.37058625e-05 6.37078408e-05 6.37097160e-05 6.37114875e-05
 6.37131545e-05 6.37147165e-05 6.37161727e-05 6.37175224e-05
 6.37187647e-05 6.37198989e-05 6.37209241e-05 6.37218394e-05
 6.37226440e-05 6.37233368e-05 6.37239169e-05 6.37243832e-05
 6.37247347e-05 6.37249702e-05 6.37250885e-05 6.37250885e-05