 9.57964318e-07 1.56659387e-06 2.14622453e-06 2.70444770e-06
 3.24552639e-06 3.77219508e-06 4.28637002e-06 4.78946776e-06
 5.28258898e-06 5.76660966e-06 6.24224922e-06 6.71010608e-06
 7.17068911e-06 7.62443534e-06 8.07172563e-06 8.51289466e-06
 8.94823939e-06 9.37802522e-06 9.80249098e-06 1.02218529e-05
 1.06363080e-05 1.10460361e-05 1.14512028e-05 1.18519606e-05
 1.22484509e-05 1.26408049e-05 1.30291448e-05 1.34135851e-05
 1.37942326e-05 1.41711879e-05 1.45445457e-05 1.49143952e-05
 1.52808208e-05 1.56439023e-05 1.60037156e-05 1.63603325e-05
 1.67138215e-05 1.70642479e-05 1.74116739e-05 1.77561590e-05
 1.80977601e-05 1.84365315e-05 1.87725256e-05 1.91057924e-05
 1.94363801e-05 1.97643349e-05 2.00897014e-05 2.04125225e-05
 2.07328396e-05 2.10506924e-05 2.13661196e-05 2.16791582e-05
 2.19898447e-05 2.22982133e-05 2.26042982e-05 2.29081303e-05
 2.32097434e-05 2.35091690e-05 2.38064404e-05 2.41015851e-05
 2.43946271e-05 2.46855902e-05 2.49744992e-05 2.52613848e-05
 2.55462732e-05 2.58291897e-05 2.61101559e-05 2.63891954e-05
 2.66663322e-05 2.69415885e-05 2.72149854e-05 2.74865429e-05
 2.77562817e-05 2.80242220e-05 2.82903835e-05 2.85547853e-05
 2.88174457e-05 2.90783833e-05 2.93376158e-05 2.95951606e-05
 2.98510348e-05 3.01052551e-05 3.03578379e-05 3.06087992e-05
 3.08581546e-05 3.11059195e-05 3.13521089e-05 3.15967377e-05
 3.18398203e-05 3.20813708e-05 3.23214032e-05 3.25599310e-05
 3.27969678e-05 3.30325266e-05 3.32666202e-05 3.34992615e-05
 3.37304627e-05 3.39602360e-05 3.41885936e-05 3.44155470e-05
 3.46411080e-05 3.48652877e-05 3.50880975e-05 3.53095483e-05
 3.55296508e-05 3.57484157e-05 3.59658535e-05 3.61819743e-05
 3.63967883e-05 3.66103054e-05 3.68225354e-05 3.70334879e-05
 3.72431722e-05 3.74515977e-05 3.76587736e-05 3.78647089e-05
 3.80694125e-05 3.82728932e-05 3.84751596e-05 3.86762201e-05
 3.88760831e-05 3.90747568e-05 3.92722494e-05 3.94685689e-05
 3.96637231e-05 3.98577198e-05 4.00505666e-05 4.02422712e-05
 4.04328408e-05 4.06222829e-05 4.08106048e-05 4.09978134e-05
 4.11839158e-05 4.13689191e-05 4.15528299e-05 4.17356552e-05
 4.19174014e-05 4.20980752e-05 4.22776831e-05 4.24562315e-05
 4.26337266e-05 4.28101748e-05 4.29855820e-05 4.31599545e-05
 4.33332981e-05 4.35056189e-05 4.36769226e-05 4.38472150e-05
 4.40165017e-05 4.41847885e-05 4.43520809e-05 4.45183842e-05
 4.46837041e-05 4.48480457e-05 4.50114143e-05 4.51738153e-05
 4.53352537e-05 4.54957346e-05 4.56552630e-05 4.58138440e-05
 4.59714824e-05 4.61281831e-05 4.62839509e-05 4.64387905e-05
 4.65927067e-05 4.67457039e-05 4.68977869e-05 4.70489601e-05
 4.71992280e-05 4.73485950e-05 4.74970656e-05 4.76446440e-05
 4.77913344e-05 4.79371412e-05 4.80820685e-05 4.82261205e-05
 4.83693011e-05 4.85116145e-05 4.86530647e-05 4.87936556e-05
 4.89333912e-05 4.90722752e-05 4.92103116e-05 4.93475041e-05
 4.94838564e-05 4.96193723e-05 4.97540554e-05 4.98879094e-05
 5.00209379e-05 5.01531443e-05 5.02845323e-05 5.04151053e-05
 5.05448667e-05 5.06738200e-05 5.08019685e-05 5.09293155e-05
 5.10558644e-05 5.11816184e-05 5.13065808e-05 5.14307548e-05
 5.15541436e-05 5.16767502e-05 5.17985778e-05 5.19196294e-05
 5.20399082e-05 5.21594172e-05 5.22781592e-05 5.23961373e-05
 5.25133545e-05 5.26298135e-05 5.27455173e-05 5.28604688e-05
 5.29746707e-05 5.30881258e-05 5.32008369e-05 5.33128067e-05
 5.34240380e-05 5.35345333e-05 5.36442955e-05 5.37533270e-05
 5.38616306e-05 5.39692088e-05 5.40760641e-05 5.41821991e-05
 5.42876163e-05 5.43923182e-05 5.44963072e-05 5.45995859e-05
 5.47021564e-05 5.48040213e-05 5.49051825e-05 5.50056428e-05
 5.51054047e-05 5.52044714e-05 5.53028453e-05 5.54005283e-05
 5.54975221e-05 5.55938281e-05 5.56894486e-05 5.57843857e-05
 5.58786423e-05 5.59722204e-05 5.60651222e-05 5.61573498e-05
 5.62489052e-05 5.63397906e-05 5.64300080e-05 5.65195594e-05
 5.66084469e-05 5.66966725e-05 5.67842381e-05 5.68711458e-05
 5.69573975e-05 5.70429951e-05 5.71279406e-05 5.72122358e-05
 5.72958827e-05 5.73788832e-05 5.74612389e-05 5.75429522e-05
 5.76240240e-05 5.77044572e-05 5.77842528e-05 5.78634151e-05
 5.79419453e-05 5.80198454e-05 5.80971139e-05 5.81737500e-05
 5.82497547e-05 5.83251307e-05 5.83998832e-05 5.84740141e-05
 5.85475265e-05 5.86204202e-05 5.86926973e-05 5.87643583e-05
 5.88354055e-05 5.89058402e-05 5.89756640e-05 5.90448783e-05
 5.91134848e-05 5.91814849e-05 5.92488801e-05 5.93156718e-05
 5.93818616e-05 5.94474508e-05 5.95124410e-05 5.95768334e-05
 5.96406296e-05 5.97038310e-05 5.97664388e-05 5.98284545e-05
 5.98898795e-05 5.99507150e-05 6.00109625e-05 6.00706231e-05
 6.01296983e-05 6.01881893e-05 6.02460974e-05 6.03034238e-05
 6.03601698e-05 6.04163366e-05 6.04719254e-05 6.05269375e-05
 6.05813740e-05 6.06352361e-05 6.06885249e-05 6.07412417e-05
 6.07933875e-05 6.08449634e-05 6.08959706e-05 6.09464101e-05
 6.09962830e-05 6.10455904e-05 6.10943333e-05 6.11425126e-05
 6.11901295e-05 6.12371849e-05 6.12836797e-05 6.13296149e-05
 6.13749915e-05 6.14198103e-05 6.14640723e-05 6.15077783e-05
 6.15509292e-05 6.15935258e-05 6.16355689e-05 6.16770593e-05
 6.17179978e-05 6.17583852e-05 6.17982220e-05 6.18375092e-05
 6.18762472e-05 6.19144368e-05 6.19520786e-05 6.19891732e-05
 6.20257211e-05 6.20617229e-05 6.20971791e-05 6.21320901e-05
 6.21664565e-05 6.22002786e-05 6.22335568e-05 6.22662913e-05
 6.22984827e-05 6.23301310e-05 6.23612365e-05 6.23917994e-05
 6.24218199e-05 6.24512980e-05 6.24802337e-05 6.25086271e-05
 6.25364782e-05 6.25637867e-05 6.25905526e-05 6.26167756e-05
 6.26424554e-05 6.26675917e-05 6.26921841e-05 6.27162321e-05
 6.27397351e-05 6.27626925e-05 6.27851036e-05 6.28069676e-05
 6.28282836e-05 6.28490505e-05 6.28692674e-05 6.28889331e-05
 6.29080461e-05 6.29266051e-05 6.29446086e-05 6.29620548e-05
 6.29789420e-05 6.29952680e-05 6.30110308e-05 6.30262280e-05
 6.30408571e-05 6.30549153e-05 6.30683996e-05 6.30813069e-05
 6.30936337e-05 6.31053762e-05 6.31165303e-05 6.31270916e-05
 6.31370552e-05 6.31464159e-05 6.31551681e-05 6.31633056e-05
 6.31708215e-05 6.31777086e-05 6.31839588e-05 6.31895633e-05
 6.31945124e-05 6.31987957e-05 6.32024014e-05 6.32053170e-05
 6.32075283e-05 6.32090199e-05 6.32097750e-05 6.32097750e-05