 9.57964318e-07 5.27073513e-06 9.06453101e-06 1.25487565e-05
 1.58031123e-05 1.88713036e-05 2.17791140e-05 2.45451246e-05
 2.71832276e-05 2.97042588e-05 3.21169440e-05 3.44284834e-05
 3.66449329e-05 3.87714654e-05 4.08125547e-05 4.27721110e-05
 4.46535821e-05 4.64600302e-05 4.81941930e-05 4.98585313e-05
 5.14552673e-05 5.29864164e-05 5.44538123e-05 5.58591289e-05
 5.72038980e-05 5.84895245e-05 5.97172991e-05 6.08884093e-05
 6.20039494e-05 6.30649278e-05 6.40722752e-05 6.50268499e-05
 6.59294439e-05 6.67807875e-05 6.75815537e-05 6.83323617e-05
 6.90337804e-05 6.96863313e-05 7.02904908e-05 7.08466929e-05
 7.13553307e-05 7.18167580e-05 7.22312908e-05 7.25992080e-05
 7.29207518e-05 7.31961279e-05 7.34255037e-05 7.36090060e-05
 7.37467136e-05 7.38386432e-05 7.38847195e-05 7.38847195e-05